15 100
29
1 4 11 13 14 15 18 22 23 25 29 30 33 34 37 41 49 50 52 64 65 68 72 76 78 81 88 89 91 
29
1 2 4 7 13 14 23 27 28 29 33 34 37 40 48 50 54 60 61 68 75 77 83 84 88 89 90 93 97 
27
1 11 14 15 18 22 25 30 33 34 37 41 46 49 52 63 64 65 68 70 72 76 78 81 88 89 91 
28
1 11 14 15 18 22 25 30 32 33 34 37 41 46 49 52 63 64 65 70 71 72 76 78 81 88 89 91 
45
1 4 5 7 8 9 10 12 14 16 17 19 20 21 24 27 28 29 31 34 35 36 38 41 44 45 47 53 55 57 58 61 62 71 73 74 75 84 85 87 90 92 94 99 100 
28
3 5 7 8 10 12 17 21 24 26 27 31 35 40 42 47 51 53 55 56 57 58 73 75 82 85 87 95 
36
5 7 8 9 10 12 16 17 19 20 21 24 31 35 36 39 42 43 45 47 51 53 55 57 58 62 66 73 75 79 85 87 92 98 99 100 
15
3 7 17 26 35 40 42 47 51 56 75 82 85 87 95 
32
1 4 11 14 15 18 19 22 23 25 29 30 33 34 36 37 41 46 49 52 61 63 64 65 68 72 76 78 81 88 89 91 
13
3 26 35 40 42 47 51 53 56 82 85 87 95 
16
2 4 13 23 28 48 50 54 60 68 77 83 84 90 93 97 
15
6 20 39 43 62 66 67 69 79 86 92 96 98 99 100 
23
3 7 8 17 26 27 35 40 42 47 51 55 56 57 60 73 75 82 84 85 87 90 95 
47
1 4 9 11 14 15 16 18 19 20 22 25 29 30 31 32 33 34 36 37 38 41 44 45 46 49 52 59 61 63 64 65 69 70 71 72 74 76 78 80 81 88 89 91 92 94 99 
17
2 4 13 23 28 40 48 50 54 60 68 77 83 84 90 93 97 
