15 150
29
7 9 25 28 30 31 34 42 45 57 58 59 65 73 80 85 90 99 106 108 110 118 120 125 127 129 138 143 148 
50
2 7 8 24 25 28 30 31 34 37 38 42 45 51 57 58 59 62 64 65 71 73 80 83 85 90 92 94 95 96 99 100 101 107 113 118 122 123 125 127 128 129 132 134 138 139 140 143 144 148 
32
4 5 10 14 15 16 17 19 21 23 35 40 44 46 49 52 53 55 60 63 66 72 77 79 84 93 102 114 116 130 141 145 
46
1 4 5 6 10 14 15 16 17 19 21 23 35 36 40 41 43 44 46 49 50 52 53 55 60 63 72 77 79 82 84 88 89 91 93 102 109 114 116 117 119 130 141 145 149 150 
62
3 7 8 9 11 18 20 22 25 26 29 32 33 36 37 39 41 47 48 50 54 55 56 58 59 61 62 65 67 68 70 73 74 75 78 80 87 88 89 96 97 98 104 105 106 108 109 112 114 118 120 123 131 135 136 137 142 143 146 147 148 149 
63
1 5 6 10 14 15 16 17 18 19 20 22 23 26 29 32 33 36 39 40 41 44 48 50 52 53 54 55 56 60 62 63 66 68 69 72 74 76 77 79 84 88 89 93 97 102 104 109 111 114 116 117 123 130 131 133 135 136 139 141 145 147 149 
55
1 2 6 7 8 12 24 30 36 37 38 42 43 45 51 58 62 64 65 71 81 82 83 85 86 90 91 92 94 95 96 99 100 101 103 107 113 117 118 119 122 123 124 125 126 128 132 134 139 140 143 144 148 149 150 
68
1 2 6 7 8 10 12 14 16 18 21 24 30 36 37 38 41 42 43 44 49 50 51 53 58 62 64 71 72 79 81 82 83 85 86 88 89 90 91 92 93 94 95 96 99 100 101 102 103 107 109 113 117 118 119 122 123 124 125 126 128 132 134 139 140 144 149 150 
63
1 2 6 7 8 9 18 24 25 28 30 31 34 36 37 38 41 42 45 50 58 59 62 64 65 71 73 80 83 85 88 89 90 94 95 96 99 100 101 106 107 108 109 113 117 118 122 123 125 127 129 132 134 135 136 137 139 140 143 144 146 148 149 
29
3 11 13 22 26 27 29 32 47 48 61 67 68 70 74 75 78 87 97 98 104 105 112 115 121 131 136 142 147 
60
1 4 5 6 10 14 15 16 17 18 19 20 21 23 33 35 36 39 40 41 43 44 46 49 50 52 53 54 55 56 60 62 63 66 69 72 76 77 79 82 84 88 89 91 93 97 102 109 111 114 116 117 119 130 133 135 139 141 145 149 
47
3 13 18 19 20 22 23 26 27 29 32 33 39 41 47 48 50 52 54 55 56 60 66 67 68 69 74 75 76 77 78 87 97 104 109 111 112 114 115 121 131 133 135 136 141 142 147 
59
1 2 6 8 12 21 24 30 36 37 38 42 43 44 49 51 58 62 64 71 72 79 81 82 83 85 86 88 89 90 91 92 94 95 96 99 100 101 102 103 107 109 113 117 118 119 122 123 124 125 126 128 132 134 139 140 144 149 150 
65
1 7 8 9 11 18 20 24 25 26 29 30 32 34 36 37 41 47 48 50 54 58 59 61 62 64 65 70 73 74 75 80 85 88 89 90 95 96 97 98 99 104 105 106 107 108 109 112 117 118 120 123 125 132 135 136 137 139 142 143 144 146 147 148 149 
56
3 7 9 11 13 18 20 22 26 27 29 32 33 36 39 41 47 48 50 52 54 55 56 61 66 67 68 69 70 73 74 75 76 78 87 88 89 97 98 104 105 109 111 112 114 115 121 131 133 135 136 137 142 146 147 149 
