15 100
23
2 4 6 9 23 24 36 41 48 51 52 54 59 62 64 68 69 70 79 83 84 93 94 
46
1 2 4 5 6 9 13 16 17 20 23 24 27 28 33 35 36 37 41 42 46 48 49 51 52 54 55 59 62 63 64 65 67 68 69 77 78 79 83 84 85 90 92 94 97 100 
25
2 4 6 9 23 24 27 36 41 48 49 51 52 54 59 62 68 69 70 71 79 83 84 93 94 
17
7 8 14 27 31 32 40 45 47 56 58 66 71 72 74 95 96 
27
3 7 8 9 12 14 23 27 31 32 40 45 47 49 54 56 58 66 68 71 72 74 78 84 94 95 96 
35
1 2 4 5 6 13 16 17 18 21 22 24 28 33 36 37 42 46 48 51 52 59 62 63 64 65 67 69 77 78 79 85 92 97 100 
38
1 2 4 5 6 13 16 17 18 21 22 24 28 33 36 37 41 42 46 48 51 52 59 62 63 64 65 67 69 77 78 79 83 85 92 94 97 100 
49
1 2 5 10 12 13 15 16 18 20 22 26 28 30 33 34 35 36 37 38 39 42 44 46 50 53 55 60 61 62 65 67 73 76 77 78 81 82 85 86 88 89 90 91 92 97 98 99 100 
31
2 4 6 13 16 17 21 24 28 33 36 37 41 42 48 51 52 59 62 63 64 65 69 70 77 78 79 83 93 94 100 
27
10 11 15 26 30 34 38 39 44 50 53 55 60 61 73 75 76 81 82 86 87 88 89 90 91 98 99 
35
1 5 10 13 15 18 19 22 25 26 30 34 37 39 43 46 50 55 60 61 65 67 73 77 81 82 85 86 88 89 90 91 92 97 99 
44
1 3 5 7 8 10 11 12 14 15 20 26 30 34 35 38 39 44 46 50 53 55 56 58 60 61 73 75 76 80 81 82 85 86 87 88 89 90 91 92 96 97 98 99 
22
2 4 9 23 24 27 31 32 41 49 54 62 68 69 70 71 78 83 84 93 94 95 
54
1 3 5 7 8 10 11 12 14 15 16 20 26 30 34 35 38 39 40 42 44 45 46 47 49 50 53 55 56 58 60 61 62 65 73 75 76 77 78 80 81 82 85 86 88 89 90 91 92 96 97 98 99 100 
44
1 2 4 5 6 9 16 17 21 23 24 27 28 33 35 36 37 41 42 46 48 49 51 52 54 59 62 63 64 65 68 69 70 77 78 79 83 84 85 92 93 94 97 100 
