15 150
36
1 9 11 12 15 18 26 27 31 38 40 46 49 61 62 71 73 89 93 94 95 99 105 108 109 112 116 119 122 135 136 143 144 145 146 147 
48
5 6 7 10 11 15 22 36 37 39 43 47 50 51 53 54 56 59 60 66 67 68 74 75 78 82 86 88 91 96 97 98 100 101 103 104 107 114 116 117 125 134 137 140 142 143 148 149 
51
1 5 6 7 10 11 12 15 16 22 36 38 43 49 50 53 54 56 59 60 62 67 68 71 74 75 78 79 82 86 88 91 95 98 104 105 107 108 109 116 117 125 134 136 137 140 142 143 146 148 149 
40
3 8 13 21 24 25 28 29 33 34 35 41 42 44 57 63 65 69 70 76 77 81 83 85 87 90 110 111 113 118 120 121 126 127 128 129 131 132 133 150 
44
4 8 13 14 19 21 24 25 28 29 30 32 33 34 42 44 45 52 58 63 65 69 70 77 80 81 83 85 87 90 92 106 110 115 118 121 123 127 128 130 133 139 141 150 
36
8 13 19 21 24 25 28 29 32 33 34 41 42 44 58 63 65 69 70 77 81 83 85 87 90 92 106 110 115 118 121 123 127 128 133 150 
28
1 7 10 11 12 15 18 22 38 40 53 73 78 89 95 99 105 108 109 116 122 135 136 143 145 146 147 149 
63
4 5 6 7 10 14 16 17 19 30 32 36 37 39 43 45 47 50 51 52 53 54 55 56 58 59 60 64 66 68 72 74 75 80 82 86 88 90 91 96 97 98 100 101 102 103 104 106 107 114 115 117 123 125 130 134 137 139 140 141 142 148 149 
54
1 2 3 9 11 12 15 16 22 26 27 31 35 43 46 48 49 57 61 62 67 68 71 73 76 79 84 93 94 95 99 105 108 109 111 112 113 116 118 119 120 124 128 129 131 132 135 136 138 143 144 146 147 149 
51
1 5 6 7 10 11 12 15 18 22 36 38 40 43 49 50 53 54 59 60 62 67 68 71 74 75 78 79 82 88 89 91 95 104 105 107 108 109 116 117 122 125 134 135 136 140 143 145 146 148 149 
72
2 3 4 5 6 8 13 14 16 17 19 21 24 25 28 30 32 33 34 42 43 44 45 49 51 52 54 55 58 60 61 63 64 65 67 68 69 70 76 77 79 80 81 83 85 87 90 92 97 98 102 103 104 106 107 110 111 113 115 118 121 123 124 127 128 130 131 133 139 141 148 150 
50
4 5 6 14 17 30 32 37 39 43 45 47 50 51 52 54 55 56 58 59 60 64 66 72 74 75 80 82 86 88 91 96 97 98 100 101 102 103 104 107 114 115 123 125 130 137 139 141 142 148 
56
1 2 5 6 7 9 10 11 12 15 16 18 22 36 38 40 43 49 53 54 59 60 61 62 67 68 71 73 74 78 79 88 89 91 94 95 99 104 105 108 109 116 117 122 124 125 134 135 136 140 143 145 146 147 148 149 
75
2 4 5 6 7 10 11 14 15 16 17 19 22 30 36 37 43 45 49 50 51 52 53 54 55 56 59 60 62 64 66 67 68 71 72 74 75 78 79 80 82 86 88 90 91 96 97 98 100 101 102 103 104 106 107 114 115 116 117 118 123 124 125 128 130 134 137 139 140 141 142 143 146 148 149 
53
4 5 6 7 14 17 30 36 37 39 43 45 47 50 51 52 54 55 56 59 60 64 66 72 74 75 80 82 86 88 91 96 97 98 100 101 102 103 104 107 114 115 117 123 125 130 134 137 139 140 141 142 148 
