15 150
39
3 5 18 20 26 27 29 31 35 40 42 44 50 54 55 58 80 85 86 87 89 94 96 97 102 108 114 116 118 122 126 127 130 131 132 133 136 140 148 
34
2 7 8 9 15 22 25 28 33 34 37 38 45 46 49 51 60 67 69 75 77 82 88 103 112 115 119 120 123 124 138 139 142 149 
61
4 5 6 8 15 16 21 22 24 26 28 33 37 38 40 43 45 46 48 50 52 53 56 57 60 64 66 67 69 70 72 75 78 79 82 83 89 91 92 95 97 98 101 103 105 106 107 108 110 112 113 115 120 123 124 128 129 130 135 145 146 
22
8 15 16 22 28 32 52 60 70 72 75 82 83 92 95 98 106 107 112 115 135 145 
55
2 4 6 7 8 9 15 21 22 25 28 33 34 36 37 38 43 45 46 47 48 49 51 57 60 65 67 68 69 75 77 78 82 84 90 91 98 101 103 105 112 113 115 119 120 123 124 129 135 137 138 139 142 146 149 
65
2 7 9 11 12 13 14 17 19 21 23 27 28 30 33 36 39 40 41 45 46 47 48 49 50 51 57 59 61 62 65 68 71 73 74 77 78 84 88 90 91 93 99 100 101 103 104 105 109 111 117 119 120 121 123 125 137 138 139 141 142 143 146 147 150 
47
2 7 9 11 14 21 25 33 34 36 39 45 47 49 51 57 59 61 65 68 71 73 74 77 78 84 88 90 91 93 100 101 103 105 111 119 120 121 123 124 137 138 139 142 146 149 150 
77
2 4 6 7 8 9 11 12 14 15 19 21 22 27 28 33 36 37 38 39 40 41 43 45 46 47 48 49 50 51 56 57 58 60 61 62 65 67 68 69 71 73 77 78 82 84 89 90 91 93 97 98 99 100 101 103 105 109 110 112 113 117 119 120 123 124 129 130 135 137 138 139 142 143 146 149 150 
26
2 7 9 25 34 36 37 38 47 49 51 67 68 69 73 77 88 90 119 120 124 137 138 139 142 149 
63
3 4 5 6 12 18 19 20 21 24 26 27 29 31 35 40 41 42 43 44 48 50 53 54 55 56 57 58 62 64 66 70 79 80 85 86 87 89 94 96 97 99 102 108 109 110 113 114 116 117 118 122 126 127 128 129 130 131 132 133 136 140 148 
51
3 4 5 6 18 20 24 26 27 29 31 35 40 42 43 44 50 53 54 55 56 58 64 66 70 79 80 85 86 87 89 94 96 97 102 108 110 113 114 116 122 127 128 129 130 131 132 133 136 140 148 
68
3 4 5 6 12 18 19 20 21 24 26 27 29 31 35 40 41 42 43 44 46 48 50 53 54 55 56 57 58 62 64 66 70 78 79 80 85 86 87 89 91 94 96 97 99 101 102 105 108 109 110 113 114 116 117 122 127 128 129 130 131 132 133 135 136 140 146 148 
87
4 5 6 11 12 14 18 19 20 21 22 23 24 26 27 28 33 36 39 40 41 43 44 45 46 48 50 53 54 55 56 57 58 60 61 62 64 65 66 68 70 74 77 78 79 82 84 87 89 90 91 93 94 97 98 99 100 101 102 103 105 108 109 110 112 113 114 116 117 119 120 122 123 127 128 129 130 131 133 135 137 142 143 146 147 148 150 
65
5 6 11 12 13 14 18 19 20 21 23 27 29 30 39 40 41 44 50 54 56 57 58 59 61 62 74 76 78 81 84 87 91 93 94 96 97 99 100 101 102 104 105 108 109 110 114 116 117 118 122 126 127 129 130 131 132 133 134 141 143 144 147 148 150 
59
2 4 6 7 8 9 15 21 22 28 33 37 38 40 43 45 46 48 49 56 57 60 64 65 67 69 70 72 75 77 78 82 84 89 90 91 92 98 101 103 105 110 112 113 115 119 120 123 124 129 130 135 137 138 139 142 145 146 149 
