15 100
17
4 9 18 19 21 24 25 26 27 36 39 42 47 61 67 68 71 
27
4 8 9 18 19 21 23 24 25 27 31 36 39 40 42 47 61 67 68 71 72 78 84 86 90 95 96 
41
2 3 6 7 10 11 13 16 17 20 30 34 35 38 41 43 44 49 50 51 54 55 56 57 59 60 65 73 77 79 81 82 85 89 91 92 94 97 98 99 100 
38
2 3 6 7 10 11 13 16 17 20 30 34 35 38 41 43 44 49 50 54 55 56 59 60 65 73 77 79 81 82 85 89 92 94 97 98 99 100 
40
2 3 7 10 11 13 16 17 20 30 34 35 38 41 43 44 46 49 50 51 54 55 56 57 59 60 65 66 73 74 77 81 85 89 91 92 97 98 99 100 
38
1 5 6 14 15 17 18 19 22 23 24 25 26 28 29 32 33 37 39 40 42 45 47 48 52 53 55 58 63 69 80 82 83 86 87 89 93 94 
45
2 3 10 11 12 13 17 20 23 30 31 34 35 38 41 43 44 46 49 51 55 56 57 59 62 64 66 70 73 74 75 76 78 81 84 85 88 89 90 91 92 95 96 97 100 
27
1 5 6 14 15 22 26 28 29 32 33 37 42 45 48 52 53 58 63 69 80 82 83 86 87 93 94 
35
2 5 6 11 15 16 17 20 23 28 29 30 32 35 37 40 43 49 54 55 60 63 69 77 79 82 83 86 87 89 92 93 94 98 100 
35
1 4 9 18 19 21 22 23 24 25 26 27 29 32 33 36 37 39 40 42 47 52 61 63 67 68 69 71 72 78 86 87 90 93 96 
36
5 6 11 14 15 16 17 20 23 28 29 30 32 37 40 43 48 49 52 53 55 58 60 63 69 77 79 80 82 83 86 87 89 93 94 100 
33
3 12 13 31 34 35 38 43 44 46 51 57 59 62 64 66 70 72 74 75 76 78 81 84 85 88 90 91 92 95 96 97 100 
29
1 5 14 15 18 22 25 26 28 29 32 33 37 40 42 45 47 48 52 53 58 63 69 80 83 86 87 93 94 
33
4 8 19 21 23 24 27 31 35 36 39 40 43 47 51 55 57 62 64 66 67 70 71 72 76 78 84 88 90 91 95 96 100 
38
1 5 6 11 14 15 16 17 20 23 28 29 30 32 37 40 42 43 48 49 52 53 55 58 60 63 69 77 79 80 82 83 86 87 89 93 94 100 
