15 100
49
1 4 7 8 9 11 14 17 19 21 23 24 25 26 27 29 31 32 35 36 38 39 43 44 51 52 54 55 56 60 61 62 64 65 66 71 73 74 76 81 82 83 88 91 93 97 98 99 100 
39
1 2 3 9 13 14 15 16 18 22 28 33 34 37 42 45 47 52 53 59 66 68 69 70 71 72 75 76 79 80 82 83 84 85 86 90 91 92 95 
30
4 7 11 19 21 23 24 25 27 29 31 35 38 39 44 49 51 52 54 55 60 61 62 71 73 74 81 82 99 100 
36
1 8 14 17 19 21 24 26 27 29 32 35 36 38 41 43 46 50 51 55 56 60 61 62 63 64 65 73 81 87 88 89 93 97 98 99 
13
10 15 28 33 45 53 68 75 79 80 84 85 86 
55
1 2 3 4 9 13 14 15 16 17 18 21 22 28 32 34 37 39 42 44 45 47 48 49 51 52 53 54 56 59 61 62 66 68 69 70 71 72 73 75 76 80 81 82 83 84 86 88 90 91 92 93 95 98 100 
52
1 3 4 8 9 13 14 17 19 21 23 26 27 32 35 36 37 38 39 41 43 44 48 49 51 52 54 55 56 59 60 61 62 64 65 66 71 73 74 76 81 82 83 88 91 92 93 95 97 98 99 100 
48
1 5 8 9 12 13 14 17 20 21 26 30 32 36 38 39 40 41 43 46 48 50 51 56 58 59 60 61 62 63 64 65 66 73 76 77 81 82 83 87 88 89 92 93 95 97 98 99 
27
7 8 11 19 21 23 24 27 29 31 35 38 39 43 44 51 55 60 61 62 65 73 74 81 88 99 100 
30
3 9 10 13 15 16 22 28 33 34 42 45 47 53 59 66 68 69 72 75 76 79 80 83 84 85 86 91 92 95 
12
10 15 28 33 45 53 75 79 80 84 85 86 
21
2 4 6 16 18 23 25 34 37 49 52 54 57 67 70 71 78 90 94 96 100 
38
2 3 4 6 9 14 16 18 19 23 25 34 37 39 42 44 49 51 52 54 57 61 62 67 70 71 72 73 74 76 78 82 83 90 91 94 96 100 
27
3 9 10 13 15 16 22 28 33 42 45 47 53 59 68 69 72 75 76 79 80 83 84 85 86 92 95 
52
1 2 3 4 9 14 16 17 18 19 21 22 23 25 32 34 35 37 39 42 44 47 49 51 52 54 56 57 59 60 61 62 66 68 69 70 71 72 73 74 76 78 81 82 83 88 90 91 92 93 95 100 
