15 100
20
10 11 13 14 26 30 41 46 47 53 57 58 68 75 76 80 81 82 90 99 
39
2 3 4 5 6 11 13 16 21 24 25 27 31 32 39 41 43 51 52 54 58 59 60 62 66 70 72 73 74 75 79 86 87 88 93 94 95 97 98 
18
8 12 17 29 35 36 37 38 44 45 50 61 63 65 78 83 91 100 
41
4 5 8 10 11 13 14 16 18 21 24 25 26 30 31 35 37 39 41 45 46 47 50 51 53 54 57 58 59 62 68 70 75 76 80 81 82 83 88 94 99 
49
1 4 5 6 7 8 9 12 15 16 17 18 20 21 24 25 27 29 31 33 34 35 37 38 40 42 43 48 49 51 54 55 56 61 62 64 67 69 71 73 74 84 85 86 88 89 92 94 96 
36
2 3 4 5 6 11 13 16 21 24 25 27 31 32 39 41 43 51 52 54 58 59 62 66 70 72 75 79 86 87 88 93 94 95 97 98 
47
1 4 5 6 7 9 12 15 16 17 18 19 20 22 23 24 25 27 28 29 33 34 35 36 37 38 40 42 48 49 55 56 61 64 67 69 71 73 74 84 85 86 88 89 92 94 96 
28
5 8 10 13 16 26 35 37 38 45 46 47 50 54 57 61 62 63 68 75 76 78 82 83 88 91 99 100 
35
4 5 8 10 13 16 18 24 25 26 35 37 38 45 46 47 50 53 54 57 58 59 62 68 70 75 76 78 81 82 83 88 91 94 99 
30
1 6 7 15 19 20 22 23 28 33 40 42 48 49 55 56 60 64 67 69 71 73 74 77 84 85 86 89 92 96 
45
4 5 6 8 9 10 12 13 15 16 17 18 21 24 25 27 29 31 35 37 38 39 43 46 47 48 50 51 54 57 58 59 61 62 68 70 71 74 75 78 88 89 92 94 99 
41
4 5 7 8 9 12 15 16 17 18 24 25 29 34 35 36 37 38 44 45 48 50 54 55 61 62 63 64 65 67 71 78 83 84 88 89 91 92 94 96 100 
42
4 5 7 8 9 12 13 15 16 17 18 24 25 27 29 34 35 36 37 38 44 45 48 50 51 54 55 57 61 62 65 71 75 78 83 88 89 91 92 94 96 100 
33
5 8 10 11 13 14 16 25 26 30 35 45 46 47 50 53 54 57 58 59 62 68 70 75 76 80 81 82 83 88 90 94 99 
20
8 12 17 29 34 35 36 37 38 44 45 50 57 61 63 65 78 83 91 100 
