15 150
52
2 3 5 8 10 12 14 17 18 22 23 24 26 33 35 45 48 54 55 58 62 64 65 72 75 77 81 82 85 89 92 93 98 99 102 104 108 111 112 113 114 115 118 119 120 127 129 131 135 146 147 148 
32
3 5 12 13 15 17 22 24 40 54 58 62 65 66 70 72 81 82 91 92 103 108 113 117 118 120 126 129 140 144 148 149 
79
2 3 8 10 12 14 17 18 21 22 23 24 26 29 31 33 35 37 38 39 40 43 45 47 49 51 54 55 57 59 61 62 64 65 68 69 72 75 79 81 82 83 84 85 88 89 90 92 93 96 98 99 100 101 102 104 109 111 112 113 114 115 118 119 120 121 122 123 127 129 131 135 138 139 140 141 146 147 148 
17
1 6 9 19 30 44 52 53 56 60 63 67 76 78 133 134 150 
58
2 3 5 8 10 12 15 17 18 22 23 24 26 35 40 45 47 54 55 58 62 64 65 66 70 72 75 81 82 84 85 89 91 92 93 96 99 102 103 104 108 111 112 113 114 117 118 119 120 126 127 129 131 139 140 146 147 148 
74
2 3 8 10 11 14 18 20 21 23 25 26 27 31 32 33 34 35 37 38 39 41 43 45 46 49 50 51 55 57 59 64 68 69 71 72 75 77 79 82 83 84 85 88 89 90 92 93 98 99 100 101 102 104 109 111 112 114 115 116 119 121 122 123 125 127 131 135 136 138 139 141 146 147 
40
2 8 10 14 18 21 26 31 33 35 37 38 39 43 45 46 48 49 55 59 68 75 77 79 85 90 93 98 100 101 104 112 114 115 119 121 127 135 138 141 
30
1 6 9 16 19 29 30 44 47 52 53 56 60 61 63 67 73 74 76 78 86 94 106 124 130 133 134 142 143 150 
37
1 6 9 15 16 19 23 24 29 30 40 44 47 52 53 56 60 61 65 66 70 76 78 81 84 86 91 96 106 126 130 133 134 139 140 142 150 
59
2 3 5 8 10 12 14 17 18 22 23 24 26 31 33 35 45 48 54 55 58 62 64 65 72 75 77 81 82 84 85 89 92 93 96 98 99 100 102 104 111 112 113 114 115 118 119 120 127 129 131 135 138 139 140 141 146 147 148 
62
4 7 9 11 16 20 21 25 27 28 29 31 32 34 36 41 42 43 44 47 50 51 53 57 59 61 63 69 71 73 74 80 83 87 88 94 95 97 105 106 107 109 110 116 121 122 123 124 125 128 130 132 133 134 136 137 138 139 141 143 145 150 
52
2 3 5 8 10 12 17 18 22 23 24 26 33 35 48 54 55 58 62 64 65 72 75 81 82 84 89 91 92 93 96 98 99 102 103 104 108 111 112 113 114 115 117 118 120 129 131 139 140 146 147 148 
51
2 3 5 8 12 13 15 17 18 22 23 24 26 35 40 54 58 62 64 65 66 70 72 75 81 82 84 89 91 92 93 96 99 102 103 108 111 112 113 114 117 118 120 126 129 131 139 140 146 147 148 
31
3 5 12 13 15 17 22 24 54 58 62 65 70 72 81 82 91 92 102 103 108 113 117 118 120 126 129 140 144 148 149 
69
2 4 7 8 10 11 14 20 21 25 26 27 28 31 32 34 35 36 37 38 39 41 42 43 45 46 49 50 51 55 57 59 64 68 69 71 75 79 80 83 85 87 88 89 90 99 100 101 104 105 109 110 111 114 116 119 121 122 123 125 127 128 131 135 136 138 141 146 147 
