15 150
72
1 2 3 8 9 13 14 16 22 24 26 28 30 32 33 34 36 37 41 44 45 48 51 56 59 60 63 65 68 69 70 74 76 78 81 83 85 87 89 92 93 95 99 100 102 103 106 107 112 113 115 116 118 120 123 124 127 128 129 130 131 133 136 137 139 140 141 143 145 146 147 150 
82
1 2 3 4 5 7 8 9 16 17 19 21 22 23 25 26 29 31 32 36 40 41 43 44 45 46 47 48 53 55 58 60 61 63 65 66 68 69 70 74 75 76 77 78 81 83 84 85 87 89 93 95 96 97 98 100 102 103 106 108 109 112 113 116 118 120 121 124 126 127 129 130 131 133 137 139 140 141 143 144 145 146 
68
1 2 3 8 9 12 13 14 16 18 20 22 24 27 28 30 32 33 34 36 37 41 44 45 49 51 56 59 60 63 65 69 70 71 73 74 76 78 83 85 87 89 92 95 99 100 101 102 103 107 115 116 118 120 123 124 127 128 131 133 136 137 139 140 141 143 147 150 
42
5 7 11 21 23 25 29 31 40 42 43 46 47 48 52 54 55 58 64 66 67 68 75 77 84 85 93 94 97 98 105 108 109 110 121 126 129 130 131 144 146 149 
83
1 2 3 4 7 8 9 13 14 16 21 22 23 25 26 28 29 31 32 36 41 43 44 45 47 48 51 53 55 56 59 60 63 65 66 68 69 70 72 74 75 76 77 78 81 83 84 85 87 89 93 95 96 97 98 100 102 103 106 108 109 112 113 116 118 120 121 124 126 127 128 129 130 131 133 137 139 140 141 143 145 146 149 
53
2 4 5 7 8 9 17 19 25 26 29 31 32 36 40 43 44 46 47 48 53 55 61 63 65 66 70 75 77 81 83 84 93 95 96 98 100 106 112 113 116 121 124 126 129 130 133 137 140 141 144 145 146 
48
6 10 15 18 21 22 24 31 35 38 39 50 52 54 56 57 59 64 67 68 72 74 79 82 87 88 91 97 102 105 108 109 110 111 114 117 118 119 122 125 128 132 135 138 142 146 148 149 
54
2 3 4 8 9 13 14 16 26 28 30 32 33 36 37 41 44 51 53 60 62 63 65 69 70 76 78 80 81 83 89 90 92 93 95 96 100 103 106 107 112 113 115 116 124 127 133 134 136 137 139 140 141 145 
52
2 3 8 9 13 14 16 26 28 30 32 33 36 37 41 44 45 51 60 62 63 65 69 70 76 78 80 81 83 89 90 92 95 100 103 106 107 112 113 115 116 123 124 127 133 134 136 137 139 140 141 145 
42
2 4 7 8 9 17 19 25 26 29 40 43 44 47 48 53 55 61 63 65 66 77 81 83 84 93 95 96 98 100 106 112 113 116 126 130 133 137 140 141 144 145 
82
1 2 3 6 8 13 16 18 21 22 23 24 26 28 31 32 34 35 36 38 39 41 44 45 48 50 51 56 59 64 65 66 68 69 70 72 74 75 76 77 78 82 84 85 87 88 89 91 93 95 97 99 100 102 103 107 108 109 110 111 118 120 121 123 124 127 128 129 130 131 132 133 135 139 140 141 142 143 146 147 149 150 
39
2 4 8 9 14 26 30 32 33 36 41 44 53 60 61 62 63 65 78 80 81 83 90 92 95 96 100 106 112 113 115 116 124 133 134 137 140 141 145 
52
1 10 15 18 21 22 23 31 35 38 39 50 52 54 57 59 64 67 68 72 74 75 79 82 85 87 88 91 94 97 102 105 108 109 110 111 114 117 118 119 121 122 125 128 129 131 135 138 142 146 148 149 
29
3 6 12 13 18 20 24 27 28 34 49 50 51 56 71 73 76 86 89 99 101 103 104 107 123 128 132 147 150 
62
1 3 6 10 15 18 21 22 23 24 31 34 35 38 39 45 50 52 54 56 57 59 64 67 68 70 72 74 75 79 82 85 87 88 91 97 102 105 108 109 110 111 114 117 118 119 120 121 122 125 128 129 130 131 132 135 138 142 143 146 148 149 
