15 50
26
3 4 6 8 10 13 15 18 19 21 23 24 25 26 27 28 29 30 32 34 38 39 40 41 45 47 
19
3 4 5 6 11 13 22 23 25 26 27 31 32 37 40 41 42 45 50 
11
4 7 11 29 33 35 40 41 45 49 50 
12
10 12 14 18 19 28 30 34 36 38 39 48 
20
3 4 5 6 8 13 22 23 24 25 26 27 31 32 37 40 41 42 45 50 
25
1 7 9 12 14 15 16 18 20 21 28 29 30 33 34 35 36 38 40 41 43 44 45 46 49 
13
1 2 7 9 16 17 20 33 35 43 44 46 49 
10
2 9 16 17 20 35 43 44 46 49 
13
2 7 17 20 29 33 35 43 44 45 46 49 50 
14
6 8 10 13 18 19 21 24 28 30 34 38 39 47 
27
1 3 4 6 7 13 15 16 18 20 21 24 28 29 30 31 33 34 35 38 40 41 43 44 45 49 50 
12
10 12 14 18 19 28 30 34 36 38 39 48 
15
2 7 17 20 29 33 35 40 41 43 44 45 46 49 50 
16
3 4 5 6 8 13 22 23 24 25 26 27 31 32 37 42 
30
1 3 4 6 7 8 13 14 15 18 19 21 24 26 28 29 30 33 34 35 36 38 39 40 41 44 45 47 49 50 
