15 50
23
2 4 6 8 10 11 13 15 16 22 24 25 26 27 29 32 33 34 36 41 43 46 48 
14
1 5 8 9 10 12 16 28 29 39 41 44 47 48 
19
1 5 8 9 10 12 16 21 22 28 29 32 37 39 41 44 46 47 48 
24
1 5 8 9 10 12 16 18 19 21 22 28 29 30 32 36 37 39 40 41 44 46 47 48 
15
3 7 13 14 15 20 26 27 31 33 35 36 43 45 49 
22
1 5 8 9 10 12 16 18 21 22 28 29 32 34 36 37 39 41 44 46 47 48 
20
2 4 6 7 11 13 14 15 20 22 25 26 27 32 33 34 36 38 43 46 
9
2 4 6 11 13 24 25 27 34 
24
2 4 6 10 11 13 15 16 20 22 24 25 26 27 29 32 33 34 36 38 41 43 46 48 
22
3 7 13 14 15 17 20 22 23 26 27 31 32 33 35 36 38 42 43 45 46 49 
17
2 7 13 14 15 20 22 25 26 27 31 33 34 35 36 43 45 
13
17 18 19 21 23 30 37 38 40 42 46 49 50 
8
2 4 6 11 24 25 27 34 
13
2 4 6 11 13 14 15 24 25 27 33 34 43 
20
2 4 6 7 11 13 14 15 20 22 24 25 26 27 32 33 34 36 43 46 
