15 50
16
2 4 7 11 12 13 15 16 22 23 26 29 39 41 49 50 
10
2 4 11 15 16 22 23 26 39 41 
15
2 4 11 15 16 22 23 26 29 37 39 40 41 49 50 
18
3 5 6 8 10 17 20 21 24 28 32 33 34 35 38 42 46 47 
20
1 7 8 9 12 13 14 17 18 27 30 31 35 36 42 43 44 45 46 48 
22
1 2 7 9 11 12 13 14 18 22 27 29 30 31 36 41 42 43 44 45 48 49 
10
4 11 15 16 22 23 26 37 39 41 
23
1 2 4 7 9 11 12 13 14 18 22 26 27 29 36 41 42 43 44 45 48 49 50 
26
1 3 5 6 8 10 12 17 18 20 21 24 28 29 32 33 34 35 36 38 40 42 46 47 49 50 
12
2 4 7 11 13 15 16 22 23 26 39 41 
25
1 3 5 6 8 9 12 14 17 18 20 21 27 30 31 33 35 36 42 43 44 45 46 47 48 
19
2 4 7 11 12 13 14 15 22 23 26 29 39 41 43 44 45 48 49 
22
1 5 6 8 10 17 18 20 21 24 28 29 32 33 34 35 36 40 42 47 49 50 
18
2 4 7 11 12 13 14 15 22 23 26 29 39 41 44 48 49 50 
18
3 5 6 8 10 17 18 20 21 24 28 33 34 35 38 42 46 47 
