15 50
15
2 5 7 10 14 20 22 28 30 33 36 37 40 41 50 
15
3 5 7 10 14 22 28 29 30 33 36 40 41 47 50 
19
3 4 7 13 14 17 19 25 29 33 36 38 39 41 42 43 45 46 47 
17
1 2 5 6 9 11 15 18 20 21 23 24 31 34 37 44 50 
16
1 2 5 11 15 20 22 23 24 28 30 31 36 37 44 50 
15
2 5 7 10 14 20 22 28 30 33 36 37 40 41 50 
30
2 3 4 5 6 7 8 12 14 15 16 17 18 19 21 25 26 29 34 35 36 37 38 39 41 43 45 46 48 50 
10
1 2 9 11 20 23 24 31 44 50 
24
1 2 3 5 7 10 14 15 20 22 26 28 29 30 33 34 36 37 38 39 41 45 46 50 
11
1 2 5 11 20 22 23 28 30 31 50 
17
4 6 8 12 16 18 19 21 25 26 27 32 35 43 45 48 49 
13
1 2 5 10 14 20 22 28 30 36 40 41 50 
13
5 7 10 14 20 22 28 30 33 36 40 41 50 
11
6 8 9 16 18 21 26 27 32 35 49 
22
1 2 5 6 8 9 15 16 18 21 23 24 26 31 32 34 37 44 45 46 49 50 
