15 50
18
1 6 8 11 15 22 24 25 27 28 34 37 40 41 43 44 48 50 
20
1 4 5 6 8 18 19 20 22 24 25 26 30 32 36 38 40 42 45 49 
9
13 19 20 26 30 36 38 42 49 
17
2 3 5 17 19 20 23 26 31 32 33 36 38 39 42 45 47 
19
1 4 7 10 11 15 16 18 21 22 24 27 29 34 40 41 43 44 48 
10
13 19 20 26 30 31 36 38 42 49 
21
1 4 5 7 9 10 14 15 16 18 21 26 29 32 34 35 36 40 44 46 47 
21
1 4 5 7 9 15 18 19 24 25 26 30 32 36 38 40 42 44 45 46 47 
17
2 3 5 17 19 20 23 26 31 32 33 36 38 39 42 45 49 
18
2 3 5 12 17 19 23 26 31 32 33 36 38 39 42 45 46 47 
21
1 4 6 8 11 15 18 21 22 24 25 27 28 34 37 40 41 43 44 48 50 
16
4 5 7 9 10 12 14 16 17 18 21 29 32 35 46 47 
16
2 3 5 19 20 23 26 31 32 33 36 38 39 42 45 49 
15
2 3 5 19 20 23 26 30 31 32 36 38 42 45 49 
12
6 8 13 19 20 25 26 30 36 38 42 49 
