55.57 53.04 49.26 53.04 45.08 37.17 42.06 53.96 54.04 57.44 51.83 34.64 35.91 53.09 46.91 49.48
62.39 64.45 60.26 64.45 63.11 43.64 51.26 64.45 64.45 64.45 64.45 40.64 54.57 58.68 54.64 47.81
33.67 33.67 33.67 33.67 33.67 33.67 33.67 33.67 33.67 33.67 33.67 33.67 33.67 33.67 33.67 33.67
43.83 32.04 45.88 44.55 32.77 43.73 33.16 40.44 36.40 34.60 42.32 42.84 33.03 37.90 28.00 40.00
49.21 35.39 48.21 43.82 46.47 48.94 42.41 47.81 41.27 42.64 48.46 44.80 38.38 45.36 44.54 40.00
80.66 80.66 85.15 80.66 80.66 85.15 80.66 80.66 85.15 80.66 85.15 85.15 80.66 85.15 80.66 27.00
60.59 45.11 65.05 60.64 64.10 63.59 65.05 63.59 65.00 68.47 41.23 61.09 68.52 58.46 47.56 34.00
50.22 35.88 50.22 49.87 50.22 50.22 50.22 50.22 48.90 50.22 28.59 50.22 50.22 48.98 33.05 33.63
57.50 57.50 57.50 57.50 57.50 57.50 57.50 57.50 57.50 57.50 57.50 57.50 57.50 57.50 57.50 15.00
59.79 53.06 79.52 69.40 78.26 78.26 79.52 61.15 49.39 74.93 72.34 73.56 53.06 53.06 41.39 59.13
53.78 61.01 61.01 58.43 59.14 58.62 61.01 56.85 45.68 58.77 57.50 60.95 57.94 53.20 37.68 44.33
47.02 47.02 47.02 47.02 47.02 47.02 47.02 47.02 47.02 47.02 47.02 47.02 47.02 47.02 47.02 21.00
49.71 53.05 56.65 56.60 49.98 41.32 45.26 50.19 50.52 51.48 57.70 34.26 51.01 55.18 55.07 56.71 56.16 55.89 49.07 41.32 53.28 41.02 38.06 46.79 49.09 47.61 53.22 52.65 56.60 43.55 48.95
56.86 61.56 55.41 61.56 61.56 42.31 49.99 52.26 52.26 59.26 61.56 39.31 57.91 58.23 61.56 60.91 61.56 61.56 57.54 42.31 61.24 42.12 44.36 60.55 52.31 61.56 61.56 57.32 61.56 52.44 46.25
47.73 47.73 47.73 47.73 47.73 47.73 47.73 47.73 47.73 47.73 47.73 47.73 47.73 47.73 47.73 47.73 47.73 47.73 47.73 47.73 47.73 47.73 47.73 47.73 47.73 47.73 47.73 47.73 47.73 47.73 31.75
44.56 29.59 43.39 39.34 29.61 36.58 36.11 42.52 34.49 35.69 40.77 40.69 32.53 35.34 29.46 35.78 41.70 39.37 41.78 37.69 42.58 40.69 29.28 43.12 36.07 35.99 39.22 35.69 38.22 38.01 40.00
49.14 34.55 48.58 43.72 41.35 47.83 46.38 49.14 43.17 43.15 44.70 45.28 38.68 41.08 42.15 40.11 49.14 44.46 45.72 49.14 48.83 45.28 34.00 46.82 45.46 44.15 48.12 38.84 44.62 44.49 40.00
61.04 61.04 61.04 61.04 61.04 61.04 61.04 61.04 61.04 61.04 61.04 61.04 61.04 61.04 61.04 61.04 61.04 61.04 61.04 61.04 61.04 61.04 61.04 61.04 61.04 61.04 61.04 61.04 61.04 61.04 27.00
38.01 27.09 40.24 33.15 44.09 44.09 40.24 43.33 38.28 33.55 27.85 37.02 43.33 42.06 26.84 27.77 27.85 27.22 38.84 44.09 44.09 44.09 39.36 44.09 35.42 38.93 40.24 42.92 44.09 21.45 30.64
30.14 24.77 30.14 26.46 30.14 30.14 30.14 30.14 30.14 30.14 22.34 28.15 30.14 30.14 22.03 22.34 24.53 21.69 30.14 30.14 30.14 30.14 30.14 30.14 28.00 29.66 30.14 30.14 30.14 17.53 20.62
34.00 34.00 34.00 34.00 34.00 34.00 34.00 34.00 31.00 34.00 34.00 34.00 34.00 31.00 34.00 34.00 31.00 31.00 34.00 34.00 34.00 34.00 34.00 34.00 34.00 34.00 34.00 31.00 34.00 34.00 8.00
43.20 53.68 57.21 53.64 53.26 51.72 53.26 47.44 39.34 48.58 51.25 47.31 54.80 42.92 33.51 56.57 50.46 53.01 54.09 36.60 55.82 35.15 54.34 54.61 55.79 46.03 36.28 50.09 53.01 44.83 47.87
50.56 60.19 60.19 60.14 56.39 55.73 56.40 57.28 45.17 58.63 58.05 59.31 59.26 54.28 37.30 60.19 54.07 60.19 57.87 41.40 59.11 41.52 60.19 58.03 60.19 55.92 46.47 53.87 60.19 52.99 43.89
46.29 46.29 46.29 46.29 46.29 46.29 46.29 46.29 46.29 46.29 46.29 46.29 46.29 46.29 46.29 46.29 46.29 46.29 46.29 46.29 46.29 46.29 46.29 46.29 46.29 46.29 46.29 46.29 46.29 46.29 21.00
179.97 151.46 143.69 175.83 139.46 166.62 111.53 97.61 169.62 136.03 118.23 181.50 175.99 169.71 178.43 139.45
166.88 160.06 149.41 167.07 153.48 167.29 113.38 99.38 167.28 147.25 129.65 165.18 167.29 165.89 167.29 116.91
146.20 146.20 146.20 146.20 146.20 146.20 146.20 146.20 146.20 146.20 146.20 146.20 146.20 146.20 146.20 49.00
117.38 139.17 115.18 84.46 120.94 132.62 109.05 138.74 84.46 135.77 103.39 100.62 107.75 129.36 125.90 120.00
135.47 140.87 124.47 94.59 134.08 140.39 131.71 140.87 94.59 138.13 110.97 115.91 134.27 133.98 134.84 111.28
149.55 149.55 149.55 149.55 149.55 149.55 149.55 149.55 149.55 149.55 149.55 149.55 149.55 149.55 149.55 65.00
135.88 98.27 135.86 120.10 95.32 114.98 87.77 142.13 119.08 115.66 92.65 140.28 93.23 101.72 99.82 125.39
127.61 114.83 125.93 126.92 105.04 120.92 89.53 127.94 126.10 116.41 98.14 127.94 89.53 107.11 122.08 105.33
119.53 119.53 119.53 119.53 119.53 119.53 119.53 119.53 119.53 119.53 119.53 119.53 119.53 119.53 119.53 76.00
124.40 155.28 141.25 147.94 152.60 105.75 163.45 113.32 145.39 132.54 125.30 148.10 139.96 129.97 108.43 151.07
124.97 150.27 146.73 143.03 147.92 109.52 149.00 118.48 146.56 146.79 135.30 143.63 143.99 133.26 114.19 128.84
112.70 112.70 112.70 112.70 112.70 112.70 112.70 112.70 112.70 112.70 112.70 112.70 112.70 112.70 112.70 103.00
161.06 132.55 130.84 150.00 133.02 150.94 101.24 88.60 153.28 125.64 99.15 162.70 156.27 146.20 165.45 124.34 127.90 99.75 99.75 99.15 139.91 121.59 123.89 106.44 135.50 144.01 142.25 95.80 130.89 165.46 126.57
131.62 128.28 128.54 132.76 122.71 132.76 94.59 83.51 132.76 123.92 108.10 132.75 132.76 132.03 132.76 119.06 122.48 94.56 94.56 108.10 124.59 119.63 117.55 105.19 130.65 132.61 132.76 91.21 131.48 132.76 98.25
153.88 153.88 153.88 153.88 153.88 153.88 153.88 153.88 153.88 153.88 153.88 153.88 153.88 153.88 153.88 153.88 153.88 153.88 153.88 153.88 153.88 153.88 153.88 153.88 153.88 153.88 153.88 153.88 153.88 153.88 49.00
127.96 158.67 131.90 93.05 141.56 150.01 119.92 147.56 93.05 156.28 118.39 112.38 137.03 144.73 144.27 162.11 149.42 154.47 154.98 136.07 147.29 155.08 116.52 146.65 141.11 160.44 85.84 152.98 84.00 148.94 120.00
136.06 145.74 131.57 101.25 141.06 142.46 119.63 140.99 101.25 145.37 121.53 113.29 142.86 140.93 140.56 144.02 145.47 145.76 144.06 142.80 145.74 144.74 125.86 142.05 139.42 145.08 102.69 138.64 87.63 145.52 103.09
117.22 117.22 117.22 117.22 117.22 117.22 117.22 117.22 117.22 117.22 117.22 117.22 117.22 117.22 117.22 117.22 117.22 117.22 117.22 117.22 117.22 117.22 117.22 117.22 117.22 117.22 117.22 117.22 117.22 117.22 46.00
150.46 115.47 150.74 151.15 109.37 133.04 93.61 159.85 138.62 121.97 110.81 158.64 103.19 118.11 109.65 139.38 122.78 136.48 129.91 157.35 110.38 125.81 107.99 152.27 150.58 156.00 88.60 133.22 131.34 138.51 126.57
132.85 121.82 132.06 133.36 105.85 122.50 93.48 132.96 130.88 122.59 111.80 133.37 106.94 113.67 113.56 124.68 120.14 127.80 127.57 133.37 116.41 116.55 116.55 129.99 131.48 130.05 84.94 119.48 122.74 131.11 99.93
157.70 157.70 157.70 157.70 157.70 150.88 157.70 157.70 157.70 157.70 157.70 157.70 157.70 157.70 150.88 157.70 157.70 157.70 157.70 157.70 150.88 157.70 157.70 157.70 157.70 157.70 157.70 157.70 157.70 157.70 52.00
106.99 150.39 125.99 147.12 145.82 100.40 150.66 100.40 147.31 143.30 121.43 142.73 126.53 138.43 111.87 139.99 149.21 131.35 147.77 114.15 137.75 145.15 124.19 147.74 134.67 101.29 123.46 137.82 100.40 104.48 143.43
111.30 133.84 131.54 130.95 134.11 99.40 138.05 100.10 139.57 129.02 120.24 128.67 126.78 138.11 117.30 132.80 133.37 135.55 138.45 113.61 128.96 138.08 124.53 138.60 134.45 101.86 124.18 135.26 96.76 113.80 113.84
95.43 95.43 95.43 95.43 95.43 95.43 95.43 95.43 95.43 95.43 95.43 95.43 95.43 95.43 95.43 95.43 95.43 95.43 95.43 95.43 95.43 95.43 95.43 95.43 95.43 95.43 95.43 95.43 95.43 95.43 84.00
82.67 82.48 81.48 82.75 77.42 78.57 77.41 83.26 83.26 79.39 79.66 69.23 66.44 80.30 76.38 33.45
60.33 60.64 55.37 60.64 60.47 40.75 48.66 60.64 59.72 60.56 59.82 39.37 52.50 57.36 53.08 46.32
51.72 51.72 51.72 51.72 51.72 51.72 51.72 51.72 51.72 51.72 51.72 51.72 51.72 51.72 51.72 30.14
55.57 53.04 49.26 53.04 45.08 37.17 42.06 53.96 54.04 57.44 51.83 34.64 35.91 53.09 46.91 49.48
