43.48 35.66 43.76 42.21 27.89 26.73 30.15 48.17 44.67 43.85 41.53 24.60 21.32 40.66 31.98 49.40
40.57 43.65 37.38 43.65 40.78 26.15 31.64 42.80 43.05 41.79 43.65 24.51 29.31 42.57 35.95 43.65
32.59 32.59 32.59 32.59 32.59 32.59 32.59 32.59 32.59 32.59 32.59 32.59 32.59 32.59 32.59 32.59
36.32 26.34 35.14 38.18 22.62 29.73 20.71 28.98 25.64 31.30 31.64 32.10 32.25 30.22 19.89 40.00
38.64 26.99 40.00 37.31 34.95 38.08 28.95 37.36 32.96 35.13 36.95 36.72 31.19 33.70 31.45 40.00
27.00 27.00 27.00 27.00 27.00 27.00 27.00 27.00 27.00 27.00 27.00 27.00 27.00 27.00 27.00 27.00
28.28 13.64 29.32 15.00 34.00 34.00 29.32 34.00 25.21 29.58 3.00 29.74 34.00 31.64 8.97 34.00
34.00 14.59 34.00 32.49 34.00 34.00 34.00 34.00 33.03 31.05 11.86 33.57 34.00 31.38 16.46 34.00
15.00 15.00 15.00 15.00 15.00 15.00 15.00 15.00 15.00 15.00 15.00 15.00 15.00 15.00 15.00 15.00
39.58 31.89 53.86 39.29 55.05 53.81 55.06 37.04 29.00 48.51 46.85 45.05 31.68 24.99 18.93 55.10
36.86 44.37 46.44 42.64 46.44 46.44 46.44 41.72 28.80 42.68 44.21 44.98 42.26 32.91 16.56 46.44
21.00 21.00 21.00 21.00 21.00 21.00 21.00 21.00 21.00 21.00 21.00 21.00 21.00 21.00 21.00 21.00
130.83 92.73 97.81 132.27 103.30 115.04 59.72 41.03 120.39 88.68 46.35 128.42 129.46 121.16 130.28 138.82
108.96 105.76 92.75 109.03 92.95 105.56 63.00 48.83 108.30 85.92 66.27 108.96 106.67 105.79 108.68 109.03
49.00 49.00 49.00 49.00 49.00 49.00 49.00 49.00 49.00 49.00 49.00 49.00 49.00 49.00 49.00 49.00
89.20 115.90 94.44 43.36 98.53 108.86 68.47 105.46 43.36 105.85 80.69 65.79 77.17 101.01 105.17 117.79
100.19 108.56 96.77 64.99 101.38 104.30 98.91 108.49 64.99 108.48 81.67 82.26 90.31 102.55 97.94 108.56
65.00 65.00 65.00 65.00 65.00 65.00 65.00 65.00 65.00 65.00 65.00 65.00 65.00 65.00 65.00 65.00
120.45 79.75 129.63 106.52 72.58 96.67 60.39 131.34 117.34 99.28 80.28 132.94 69.17 93.49 77.51 133.01
104.34 89.53 102.42 102.04 82.29 98.43 58.80 104.64 100.28 89.08 76.68 104.64 67.64 88.41 91.17 104.64
76.00 76.00 76.00 76.00 76.00 76.00 76.00 76.00 76.00 76.00 76.00 76.00 76.00 76.00 76.00 76.00
102.91 137.58 112.84 132.78 141.12 65.56 141.11 71.82 130.99 114.45 90.54 126.12 116.21 120.59 88.81 153.66
105.11 123.22 121.83 118.45 119.80 70.08 126.03 90.57 120.35 115.69 107.91 116.09 112.21 119.81 88.20 127.26
100.21 100.21 100.21 100.21 100.21 100.21 100.21 100.21 100.21 100.21 100.21 100.21 100.21 100.21 100.21 100.21
186.55 195.73 119.63 199.06 151.75 172.95 98.11 158.12 154.50 126.72 162.33 111.05 148.07 180.81 185.68 213.09
161.04 167.30 120.89 164.02 155.12 158.27 91.24 144.82 154.50 135.98 155.47 105.68 161.75 161.23 157.58 168.32
99.00 99.00 99.00 99.00 99.00 99.00 99.00 99.00 99.00 99.00 99.00 99.00 99.00 99.00 99.00 99.00
178.43 134.10 143.02 116.95 176.95 123.08 136.21 164.31 129.51 174.34 127.81 178.51 160.48 199.35 149.27 207.85
167.13 144.61 147.68 127.57 164.74 125.53 137.16 161.49 135.04 159.31 124.32 159.06 149.29 170.52 157.53 171.61
140.15 140.15 140.15 140.15 140.15 140.15 140.15 140.15 140.15 140.15 140.15 140.15 140.15 140.15 140.15 140.15
152.55 140.07 202.88 156.15 168.47 77.70 188.01 172.60 139.31 197.31 133.51 147.22 168.05 192.24 167.59 217.57
162.52 149.10 182.78 165.10 163.97 73.56 175.68 159.38 136.20 178.07 141.31 161.16 178.22 179.31 179.26 183.07
83.00 83.00 83.00 83.00 83.00 83.00 83.00 83.00 83.00 83.00 83.00 83.00 83.00 83.00 83.00 83.00
73.42 82.14 160.57 165.43 174.16 164.01 117.91 160.48 134.28 148.55 191.52 169.80 149.92 128.37 187.10 199.91
79.63 99.04 153.30 156.84 159.40 156.42 117.31 150.31 143.15 150.46 163.04 162.04 138.42 141.75 164.09 164.09
44.83 34.90 41.97 39.10 29.69 26.92 32.58 46.52 43.34 47.98 38.79 23.47 23.17 42.48 35.48 50.00
44.53 45.00 44.21 46.68 42.02 27.00 35.38 46.53 45.89 46.68 46.46 22.04 34.78 43.06 36.59 46.68
32.67 32.67 32.67 32.67 32.67 32.67 32.67 32.67 32.67 32.67 32.67 32.67 32.67 32.67 32.67 32.67
35.21 25.68 36.67 37.58 22.63 33.01 22.50 30.11 28.63 31.16 32.80 33.91 30.37 28.44 12.16 40.00
37.54 27.00 40.00 36.38 35.04 39.97 29.62 38.21 33.27 33.66 38.88 35.72 31.05 35.40 28.26 40.00
27.00 27.00 27.00 27.00 27.00 27.00 27.00 27.00 27.00 27.00 27.00 27.00 27.00 27.00 27.00 27.00
29.56 6.97 27.35 19.68 31.10 34.00 27.35 34.00 24.35 32.13 12.00 25.83 34.00 31.86 9.44 34.00
34.00 13.32 34.00 32.20 34.00 34.00 34.00 33.21 33.34 34.00 12.00 34.00 34.00 30.83 15.10 34.00
15.00 15.00 15.00 15.00 15.00 15.00 15.00 15.00 15.00 15.00 15.00 15.00 15.00 15.00 15.00 15.00
43.48 33.00 60.97 47.43 59.60 58.48 61.00 39.76 29.00 52.27 51.56 51.75 31.38 31.75 20.92 61.00
40.11 47.00 47.00 41.34 47.00 45.23 47.00 41.06 28.97 43.44 41.68 47.00 41.25 37.63 15.28 47.00
21.00 21.00 21.00 21.00 21.00 21.00 21.00 21.00 21.00 21.00 21.00 21.00 21.00 21.00 21.00 21.00
145.16 104.31 96.53 136.50 89.92 121.21 63.00 49.00 133.81 94.47 67.69 146.33 138.44 136.58 147.18 151.36
125.21 114.96 106.10 125.21 109.65 125.01 63.00 49.00 125.21 103.39 80.16 125.21 125.21 125.21 125.21 125.21
49.00 49.00 49.00 49.00 49.00 49.00 49.00 49.00 49.00 49.00 49.00 49.00 49.00 49.00 49.00 49.00
74.44 119.87 93.48 61.82 93.63 103.56 87.16 97.00 61.82 115.25 79.95 77.25 62.68 106.18 101.71 120.00
113.90 118.56 98.78 65.00 116.34 118.56 107.28 118.56 65.00 116.57 80.94 88.00 109.92 112.19 111.80 118.56
65.00 65.00 65.00 65.00 65.00 65.00 65.00 65.00 65.00 65.00 65.00 65.00 65.00 65.00 65.00 65.00
139.36 87.22 140.65 118.20 85.05 110.27 67.42 147.28 125.82 104.06 88.86 144.55 67.44 101.44 92.50 147.28
119.84 106.38 119.84 117.78 82.99 112.49 72.22 119.84 114.88 108.04 83.27 119.84 69.47 97.57 113.47 119.84
76.00 76.00 76.00 76.00 76.00 76.00 76.00 76.00 76.00 76.00 76.00 76.00 76.00 76.00 76.00 76.00
103.83 158.86 122.71 149.21 147.36 79.01 159.22 96.84 134.72 126.56 111.01 135.68 128.36 131.38 103.38 171.35
106.73 146.19 144.66 141.19 144.60 87.59 147.16 100.25 142.12 139.24 121.76 139.47 130.78 130.98 90.39 147.16
103.00 103.00 103.00 103.00 103.00 103.00 103.00 103.00 103.00 103.00 103.00 103.00 103.00 103.00 103.00 103.00
204.37 229.91 120.93 228.16 166.90 219.72 99.00 176.05 168.11 141.00 180.60 119.06 164.88 225.37 220.21 242.21
180.86 183.64 121.00 180.84 174.51 177.74 98.47 156.10 166.65 141.00 169.83 112.30 175.26 181.21 170.61 183.64
99.00 99.00 99.00 99.00 99.00 99.00 99.00 99.00 99.00 99.00 99.00 99.00 99.00 99.00 99.00 99.00
206.51 168.22 157.10 137.04 195.29 144.12 165.28 178.40 152.09 207.19 129.18 197.88 177.82 221.31 180.90 238.03
196.40 170.21 164.00 144.58 197.44 154.00 169.20 177.36 156.31 195.54 140.87 192.23 182.65 201.98 183.01 201.98
154.00 154.00 154.00 154.00 154.00 154.00 154.00 154.00 154.00 154.00 154.00 154.00 154.00 154.00 154.00 154.00
189.00 168.19 240.96 182.03 192.06 82.91 206.24 193.25 149.96 200.00 150.41 170.56 172.44 236.24 172.44 246.06
184.85 168.76 212.60 191.26 203.09 82.95 208.78 196.08 152.29 200.00 165.44 171.50 206.83 212.60 206.83 212.60
83.00 83.00 83.00 83.00 83.00 83.00 83.00 83.00 83.00 83.00 83.00 83.00 83.00 83.00 83.00 83.00
78.04 102.66 179.92 165.62 186.03 182.96 133.18 165.83 136.84 155.56 192.47 170.08 158.41 151.62 178.86 211.78
77.53 108.00 180.60 187.75 188.20 184.14 125.78 186.69 160.08 165.14 187.80 188.13 165.83 154.00 187.22 188.22
101.00 101.00 101.00 101.00 101.00 101.00 101.00 101.00 101.00 101.00 101.00 101.00 101.00 101.00 101.00 101.00
175.40 179.06 205.55 258.42 231.00 275.86 215.33 175.42 191.13 267.18 211.15 143.46 219.21 251.21 231.52 291.00
196.00 209.05 257.96 274.45 237.00 277.45 270.55 207.57 204.00 274.57 265.20 165.20 246.58 271.00 250.24 277.45
180.00 180.00 180.00 180.00 180.00 180.00 180.00 180.00 180.00 180.00 180.00 180.00 180.00 180.00 180.00 180.00
148.45 138.96 166.36 108.38 109.35 150.29 146.38 152.29 158.17 66.91 113.27 153.11 125.85 161.31 125.15 183.00
161.03 171.49 175.41 143.70 151.46 157.60 157.32 166.71 169.76 76.82 177.00 176.82 170.69 171.91 157.59 183.00
109.00 109.00 109.00 109.00 109.00 109.00 109.00 109.00 109.00 109.00 109.00 109.00 109.00 109.00 109.00 109.00
360.45 320.81 196.53 231.94 308.59 128.58 304.00 349.59 234.99 210.50 281.23 310.16 355.04 223.29 257.90 370.00
321.70 324.04 236.33 263.93 305.78 154.34 304.00 324.04 279.36 242.15 293.65 316.30 317.96 256.92 271.99 324.04
162.00 162.00 162.00 162.00 162.00 162.00 162.00 162.00 162.00 162.00 162.00 162.00 162.00 162.00 162.00 162.00
251.62 284.09 191.33 284.19 228.54 188.65 222.97 261.46 199.59 163.01 187.74 223.21 115.86 244.69 261.01 300.00
278.55 278.83 208.14 278.83 264.44 220.96 269.18 278.83 247.86 170.00 203.85 240.77 128.58 277.11 278.83 278.83
130.00 130.00 130.00 130.00 130.00 130.00 130.00 130.00 130.00 130.00 130.00 130.00 130.00 130.00 130.00 130.00
343.55 177.02 282.33 227.88 277.05 224.26 188.00 327.85 291.81 243.97 340.09 236.53 314.03 277.22 313.54 369.00
350.43 204.68 347.27 277.09 343.15 256.38 188.00 348.01 306.97 284.84 349.01 263.68 350.43 342.86 342.84 350.43
188.00 188.00 188.00 188.00 188.00 188.00 188.00 188.00 188.00 188.00 188.00 188.00 188.00 188.00 188.00 188.00
218.20 272.59 236.81 201.35 301.28 312.41 264.84 242.86 289.03 346.02 372.18 250.23 202.98 334.65 288.80 375.70
219.87 290.84 263.09 203.00 325.17 313.55 296.02 268.58 309.62 322.25 328.04 278.91 209.45 327.66 308.46 328.04
203.00 203.00 203.00 203.00 203.00 203.00 203.00 203.00 203.00 203.00 203.00 203.00 203.00 203.00 203.00 203.00
427.36 423.18 269.19 376.14 322.33 238.87 298.22 285.39 204.51 316.04 320.43 401.68 305.74 301.00 397.70 444.35
371.90 372.13 288.23 344.18 343.91 239.69 320.92 305.32 214.18 305.38 347.52 366.41 347.68 301.00 369.28 372.13
216.00 216.00 216.00 216.00 216.00 216.00 216.00 216.00 216.00 216.00 216.00 216.00 216.00 216.00 216.00 216.00
206.96 317.98 327.60 363.23 242.91 242.11 396.96 279.96 207.00 260.91 256.00 280.42 396.11 329.04 349.04 405.11
207.00 332.70 322.42 336.42 254.12 255.22 336.42 292.43 207.00 269.01 256.00 302.93 336.42 334.18 331.20 336.42
207.00 207.00 207.00 207.00 207.00 207.00 207.00 207.00 207.00 207.00 207.00 207.00 207.00 207.00 207.00 207.00
34.50 34.66 39.29 44.33 32.70 25.87 25.32 34.35 34.07 38.02 43.06 22.77 37.21 39.00 42.33 46.30 42.56 44.38 31.79 25.87 38.03 28.86 23.56 30.53 35.75 31.92 40.00 38.45 44.33 26.94 50.00
42.49 44.69 39.51 44.93 41.98 27.00 33.75 42.16 40.48 44.40 42.18 22.52 40.75 39.98 44.92 44.93 44.51 44.92 35.78 27.00 40.97 27.54 29.73 40.30 37.00 43.19 44.20 39.20 44.93 34.24 44.93
31.63 31.63 31.63 31.63 31.63 31.63 31.63 31.63 31.63 31.63 31.63 31.63 31.63 31.63 31.63 31.63 31.63 31.63 31.63 31.63 31.63 31.63 31.63 31.63 31.63 31.63 31.63 31.63 31.63 31.63 31.63
36.20 23.32 33.47 34.75 22.06 26.97 21.19 33.00 22.25 27.10 27.04 30.54 26.93 28.00 18.11 27.85 29.94 35.43 25.79 32.01 34.34 31.04 24.14 35.18 27.65 28.19 25.57 23.73 29.42 23.97 40.00
37.55 27.00 39.98 35.45 31.41 34.47 35.41 39.92 32.01 31.36 37.07 39.77 30.51 31.85 22.99 31.74 39.92 37.46 38.33 38.96 40.00 39.79 21.98 40.00 36.19 32.91 35.46 31.83 33.00 35.97 40.00
27.00 27.00 27.00 27.00 27.00 27.00 27.00 27.00 27.00 27.00 27.00 27.00 27.00 27.00 27.00 27.00 27.00 27.00 27.00 27.00 27.00 27.00 27.00 27.00 27.00 27.00 27.00 27.00 27.00 27.00 27.00
29.21 6.08 29.59 24.47 32.45 34.00 28.68 34.00 26.49 24.92 12.87 23.77 34.00 28.28 5.18 9.19 11.60 8.60 19.86 34.00 34.00 34.00 20.21 34.00 16.27 29.08 27.42 31.08 28.91 8.00 34.00
22.36 14.25 23.00 18.57 23.00 23.00 23.00 23.00 22.20 23.00 15.00 23.00 23.00 23.00 10.71 9.49 12.41 9.41 23.00 23.00 23.00 23.00 23.00 23.00 20.25 21.77 23.00 23.00 22.59 8.00 23.00
8.00 8.00 8.00 8.00 8.00 8.00 8.00 8.00 8.00 8.00 8.00 8.00 8.00 8.00 8.00 8.00 8.00 8.00 8.00 8.00 8.00 8.00 8.00 8.00 8.00 8.00 8.00 8.00 8.00 8.00 8.00
32.60 47.51 40.50 43.94 36.47 35.57 38.43 39.42 15.85 38.73 36.73 39.12 37.39 24.78 15.71 39.51 34.13 43.33 39.74 23.56 36.64 18.33 45.04 37.11 47.51 37.20 19.63 39.65 43.33 34.65 49.50
38.04 47.00 45.28 46.85 44.01 38.82 44.01 41.60 27.55 43.99 45.80 43.73 46.82 39.17 19.48 47.00 44.15 47.00 41.10 24.37 46.66 25.42 44.63 39.41 47.00 39.63 31.58 44.81 46.88 42.30 47.00
21.00 21.00 21.00 21.00 21.00 21.00 21.00 21.00 21.00 21.00 21.00 21.00 21.00 21.00 21.00 21.00 21.00 21.00 21.00 21.00 21.00 21.00 21.00 21.00 21.00 21.00 21.00 21.00 21.00 21.00 21.00
138.81 108.20 100.02 125.08 95.86 128.37 63.00 49.00 127.64 94.90 76.58 137.74 141.25 123.53 143.32 90.19 92.27 61.58 61.58 75.52 111.21 90.97 89.95 66.97 110.53 114.50 124.39 49.21 106.22 144.71 144.78
108.16 104.71 98.25 108.16 100.02 107.62 63.00 49.00 108.16 95.85 81.72 107.10 108.16 108.16 108.16 96.97 100.30 63.00 63.00 81.72 106.33 89.29 88.29 77.10 104.76 108.12 108.15 54.80 105.98 108.16 108.16
49.00 49.00 49.00 49.00 49.00 49.00 49.00 49.00 49.00 49.00 49.00 49.00 49.00 49.00 49.00 49.00 49.00 49.00 49.00 49.00 49.00 49.00 49.00 49.00 49.00 49.00 49.00 49.00 49.00 49.00 49.00
69.37 109.73 92.88 42.35 69.65 84.92 72.51 99.61 42.35 100.03 79.56 70.97 79.44 99.87 102.30 118.88 95.77 102.53 108.18 86.64 92.34 110.18 65.36 103.62 99.14 112.86 9.48 104.76 20.05 104.02 120.00
110.59 120.00 97.98 65.00 107.90 119.53 96.40 114.04 65.00 118.94 80.00 87.65 116.30 108.24 112.31 119.86 120.00 120.00 120.00 116.31 115.40 120.00 85.10 110.85 109.04 120.00 65.22 114.77 46.00 117.59 120.00
46.00 46.00 46.00 46.00 46.00 46.00 46.00 46.00 46.00 46.00 46.00 46.00 46.00 46.00 46.00 46.00 46.00 46.00 46.00 46.00 46.00 46.00 46.00 46.00 46.00 46.00 46.00 46.00 46.00 46.00 46.00
130.54 84.00 137.33 130.05 80.81 105.38 59.54 146.99 123.65 97.72 78.36 142.78 75.79 83.75 77.95 117.25 96.37 111.03 107.25 139.12 80.90 100.56 78.27 130.54 137.33 132.24 51.94 113.10 116.84 113.91 151.15
116.42 100.15 116.43 116.43 79.07 106.01 61.89 116.43 108.26 102.08 86.32 116.43 73.81 85.56 94.89 108.04 96.42 107.27 110.86 116.43 96.61 107.04 86.47 113.26 113.93 115.60 50.48 113.43 103.76 108.45 116.43
52.00 52.00 52.00 52.00 52.00 52.00 52.00 52.00 52.00 52.00 52.00 52.00 52.00 52.00 52.00 52.00 52.00 52.00 52.00 52.00 52.00 52.00 52.00 52.00 52.00 52.00 52.00 52.00 52.00 52.00 52.00
89.01 140.92 119.01 138.97 138.33 75.90 157.77 88.10 140.57 123.19 95.35 125.26 122.11 145.20 99.53 118.37 138.93 138.66 144.08 103.81 124.44 143.53 105.42 144.11 137.48 74.95 119.86 132.76 66.19 92.89 170.35
92.04 133.33 131.71 132.05 131.37 76.64 136.76 84.28 135.38 126.59 115.73 123.79 121.66 135.27 112.27 123.97 131.01 133.11 134.44 109.13 118.38 136.53 112.90 135.64 128.40 79.26 127.75 127.52 69.99 100.78 136.76
84.00 84.00 84.00 84.00 84.00 84.00 84.00 84.00 84.00 84.00 84.00 84.00 84.00 84.00 84.00 84.00 84.00 84.00 84.00 84.00 84.00 84.00 84.00 84.00 84.00 84.00 84.00 84.00 84.00 84.00 84.00
183.94 246.55 119.61 222.99 155.42 205.67 98.75 167.21 168.70 141.00 169.85 118.31 152.77 196.80 207.39 220.18 190.20 141.75 224.19 195.26 106.67 188.94 135.99 158.36 127.30 212.65 124.75 215.99 203.32 176.97 246.55
177.65 186.06 121.00 180.61 157.92 185.86 92.06 167.42 169.61 141.00 172.58 111.14 164.45 183.48 184.85 179.42 179.48 155.93 181.49 176.42 108.06 183.59 136.00 158.66 133.75 183.41 132.68 183.92 177.12 175.84 186.06
99.00 99.00 99.00 99.00 99.00 99.00 99.00 99.00 99.00 99.00 99.00 99.00 99.00 99.00 99.00 99.00 99.00 99.00 99.00 99.00 99.00 99.00 99.00 99.00 99.00 99.00 99.00 99.00 99.00 99.00 99.00
187.17 144.43 141.76 135.76 193.00 123.68 167.24 184.51 165.14 177.98 133.63 192.67 150.20 197.65 148.87 124.18 166.46 151.50 87.41 103.00 184.17 147.98 179.32 200.66 166.31 231.19 154.80 117.05 204.29 224.90 232.59
167.43 153.80 146.61 135.09 180.93 128.44 171.91 180.16 172.50 171.64 153.83 171.56 154.16 175.08 157.28 131.10 161.20 148.44 93.17 102.84 177.32 155.98 183.20 181.05 173.15 182.01 158.67 131.20 180.92 182.85 183.20
94.00 94.00 94.00 94.00 94.00 94.00 94.00 94.00 94.00 94.00 94.00 94.00 94.00 94.00 94.00 94.00 94.00 94.00 94.00 94.00 94.00 94.00 94.00 94.00 94.00 94.00 94.00 94.00 94.00 94.00 94.00
185.24 134.90 226.75 172.54 188.16 72.17 242.50 179.26 149.57 200.00 123.91 161.86 165.62 211.85 165.62 152.56 241.89 236.68 189.38 203.63 180.32 222.36 192.56 118.87 184.67 208.58 154.40 135.41 189.38 112.40 252.25
183.55 152.32 203.74 183.36 185.47 81.55 203.70 175.09 146.05 195.16 146.25 161.31 200.08 200.56 200.08 161.68 203.21 201.26 186.17 193.52 189.83 197.94 184.18 127.99 192.63 195.25 192.27 148.46 184.68 120.93 203.74
83.00 83.00 83.00 83.00 83.00 83.00 83.00 83.00 83.00 83.00 83.00 83.00 83.00 83.00 83.00 83.00 83.00 83.00 83.00 83.00 83.00 83.00 83.00 83.00 83.00 83.00 83.00 83.00 83.00 83.00 83.00
70.58 107.47 174.93 162.40 191.65 177.01 128.32 179.40 121.04 146.99 202.31 178.29 143.36 153.29 184.98 66.18 75.58 138.82 164.98 199.71 221.25 160.20 131.30 176.02 163.04 172.46 152.88 190.35 199.71 176.02 224.13
74.82 108.00 177.05 168.94 178.26 178.28 130.88 177.77 144.89 152.11 182.04 177.52 156.97 150.33 181.89 65.91 78.00 168.79 164.73 182.04 182.04 175.49 137.00 182.02 167.92 181.16 164.90 179.13 182.04 182.02 182.04
78.00 78.00 78.00 78.00 78.00 78.00 78.00 78.00 78.00 78.00 78.00 78.00 78.00 78.00 78.00 78.00 78.00 78.00 78.00 78.00 78.00 78.00 78.00 78.00 78.00 78.00 78.00 78.00 78.00 78.00 78.00
171.11 168.38 220.97 243.11 211.49 252.49 251.16 179.00 194.05 249.15 202.01 148.02 222.74 255.26 240.51 212.28 252.71 157.49 191.91 191.26 169.98 205.17 232.19 250.54 188.35 198.35 227.61 140.60 201.19 110.42 291.00
195.98 195.90 256.79 254.90 226.95 256.63 256.33 199.56 200.13 253.79 244.93 176.70 246.14 243.62 254.52 241.18 256.33 170.98 227.02 240.18 191.43 243.23 243.51 259.08 217.83 230.73 251.59 166.81 244.45 133.78 260.69
137.00 137.00 137.00 137.00 137.00 137.00 137.00 137.00 137.00 137.00 137.00 137.00 137.00 137.00 137.00 137.00 137.00 137.00 137.00 137.00 137.00 137.00 137.00 137.00 137.00 137.00 137.00 137.00 137.00 137.00 137.00
145.31 102.65 152.69 124.73 91.45 139.16 142.00 142.28 158.27 52.95 144.30 121.80 146.64 145.41 94.39 108.55 147.13 130.65 155.49 99.15 145.87 144.36 102.88 116.80 136.52 141.98 102.84 154.11 147.97 160.70 183.00
158.73 164.20 180.45 156.85 140.62 156.83 161.45 176.20 171.02 78.54 168.97 175.37 166.37 173.87 141.50 162.86 170.88 171.63 175.84 116.78 175.45 162.90 162.88 143.12 164.39 158.48 134.43 162.58 172.32 164.05 183.00
109.00 109.00 109.00 109.00 109.00 109.00 109.00 109.00 109.00 109.00 109.00 109.00 109.00 109.00 109.00 109.00 109.00 109.00 109.00 109.00 109.00 109.00 109.00 109.00 109.00 109.00 109.00 109.00 109.00 109.00 109.00
335.07 307.46 219.58 247.88 287.88 138.84 294.37 329.14 236.01 179.83 257.05 279.38 337.70 239.18 270.65 189.53 189.49 260.36 273.54 163.67 237.65 243.38 283.46 116.12 267.46 173.78 331.08 204.30 158.70 290.51 349.04
279.98 277.47 227.89 256.90 272.27 154.28 280.00 278.71 269.35 222.07 259.61 272.60 280.00 256.05 269.78 204.27 207.32 271.69 263.43 189.31 237.21 252.80 264.33 132.57 261.25 190.15 280.00 220.93 169.25 278.48 280.00
134.00 134.00 134.00 134.00 134.00 134.00 134.00 134.00 134.00 134.00 134.00 134.00 134.00 134.00 134.00 134.00 134.00 134.00 134.00 134.00 134.00 134.00 134.00 134.00 134.00 134.00 134.00 134.00 134.00 134.00 134.00
257.44 283.66 179.77 298.11 207.43 182.79 220.40 271.97 192.48 146.06 189.45 216.08 117.11 248.74 256.77 106.68 280.55 123.49 237.14 195.00 142.53 155.09 272.08 251.95 203.91 246.98 167.46 219.25 294.10 143.94 300.00
245.54 245.54 197.32 245.50 230.26 196.20 234.69 245.54 225.17 163.64 206.04 239.36 127.50 245.54 244.34 107.00 245.54 140.98 245.54 208.05 176.57 162.84 245.54 244.36 236.50 245.45 183.36 241.94 245.50 162.60 245.54
107.00 107.00 107.00 107.00 107.00 107.00 107.00 107.00 107.00 107.00 107.00 107.00 107.00 107.00 107.00 107.00 107.00 107.00 107.00 107.00 107.00 107.00 107.00 107.00 107.00 107.00 107.00 107.00 107.00 107.00 107.00
295.09 173.50 261.75 220.61 294.01 223.68 187.52 310.84 252.38 230.90 286.33 209.76 338.55 272.53 293.57 261.29 271.48 263.19 307.50 189.58 338.58 152.38 192.94 295.89 211.68 271.64 333.12 232.32 290.57 309.02 369.00
328.24 199.13 322.86 265.36 318.27 240.69 185.09 325.70 288.86 274.18 325.12 238.18 329.55 308.80 321.44 301.25 316.85 286.26 323.73 226.64 329.55 153.00 229.58 326.42 244.52 319.25 323.24 283.28 303.77 329.55 329.55
153.00 153.00 153.00 153.00 153.00 153.00 153.00 153.00 153.00 153.00 153.00 153.00 153.00 153.00 153.00 153.00 153.00 153.00 153.00 153.00 153.00 153.00 153.00 153.00 153.00 153.00 153.00 153.00 153.00 153.00 153.00
205.90 238.27 215.08 193.23 266.71 288.31 248.74 228.21 274.63 314.03 371.12 234.18 197.82 288.56 240.85 178.75 314.90 348.55 263.75 226.73 265.82 245.43 340.09 270.13 246.78 271.51 306.72 275.69 294.48 298.40 378.00
211.57 254.36 229.88 203.00 300.04 277.54 276.71 250.48 303.93 291.97 316.28 269.24 206.97 299.43 278.64 200.18 311.03 316.31 290.56 260.40 273.16 255.28 315.50 297.72 258.24 291.19 294.38 285.83 305.59 301.08 316.31
203.00 203.00 203.00 203.00 203.00 203.00 203.00 203.00 203.00 203.00 203.00 203.00 203.00 203.00 203.00 203.00 203.00 203.00 203.00 203.00 203.00 203.00 203.00 203.00 203.00 203.00 203.00 203.00 203.00 203.00 203.00
346.07 388.22 252.90 334.75 338.69 239.00 323.82 261.03 206.89 323.46 311.24 341.37 306.31 299.49 351.26 362.35 341.96 292.42 277.44 238.61 318.57 215.36 361.73 332.07 283.95 291.82 366.13 365.23 273.73 272.98 438.75
336.05 345.06 261.40 300.80 330.05 239.00 320.55 269.25 212.25 321.01 308.07 321.24 312.62 299.78 338.71 339.92 316.00 275.93 278.80 232.79 313.83 212.33 343.80 321.20 312.77 293.85 333.43 345.16 269.09 277.14 345.35
216.00 216.00 216.00 216.00 216.00 216.00 216.00 216.00 216.00 216.00 216.00 216.00 216.00 216.00 216.00 216.00 216.00 216.00 216.00 216.00 216.00 216.00 216.00 216.00 216.00 216.00 216.00 216.00 216.00 216.00 216.00
191.33 280.66 275.28 334.28 244.39 244.10 383.04 251.25 201.92 247.51 242.97 223.44 387.53 315.71 319.65 252.60 320.84 251.95 233.32 192.43 320.94 248.52 366.99 358.81 391.47 316.77 263.28 335.31 321.40 265.94 408.57
198.61 295.64 290.23 318.01 252.83 254.82 324.08 260.88 206.68 264.74 248.75 243.38 324.08 308.55 315.80 260.32 318.65 254.63 253.78 195.91 311.98 276.64 321.84 323.35 322.74 297.79 264.28 322.45 319.10 275.40 324.08
207.00 207.00 207.00 207.00 207.00 207.00 207.00 207.00 207.00 207.00 207.00 207.00 207.00 207.00 207.00 207.00 207.00 207.00 207.00 207.00 207.00 207.00 207.00 207.00 207.00 207.00 207.00 207.00 207.00 207.00 207.00
