46.57 46.57 46.57 46.57 46.57 46.57 46.57 46.57 46.57 46.57 46.57 46.57 46.57 46.57 46.57 
5.0 5.0 5.0 5.0 5.0 5.0 5.0 5.0 5.0 5.0 5.0 5.0 5.0 5.0 5.0 
5.0 5.0 5.0 5.0 5.0 5.0 5.0 5.0 5.0 5.0 5.0 5.0 5.0 5.0 5.0 
39.0 39.0 39.0 39.0 39.0 39.0 39.0 39.0 39.0 39.0 39.0 39.0 39.0 39.0 39.0 
49.0 49.0 49.0 49.0 49.0 49.0 49.0 49.0 49.0 49.0 49.0 49.0 49.0 49.0 49.0 
48.0 48.0 48.0 48.0 48.0 48.0 48.0 48.0 48.0 48.0 48.0 48.0 48.0 48.0 48.0 
32.0 32.0 32.0 32.0 32.0 32.0 32.0 32.0 32.0 32.0 32.0 32.0 32.0 32.0 32.0 
52.45 52.45 52.45 52.45 52.45 52.45 52.45 52.45 52.45 52.45 52.45 52.45 52.45 52.45 52.45 
38.0 38.0 38.0 38.0 38.0 38.0 38.0 38.0 38.0 38.0 38.0 38.0 38.0 38.0 38.0 
40.0 40.0 40.0 40.0 40.0 40.0 40.0 40.0 40.0 40.0 40.0 40.0 40.0 40.0 40.0 
35.0 35.0 35.0 35.0 35.0 35.0 35.0 35.0 35.0 35.0 35.0 35.0 35.0 35.0 35.0 
59.75 47.95 55.12 48.3 39.99 47.98 34.66 46.5 44.06 44.33 43.94 37.2 32.26 54.75 41.22 
42.66 47.28 48.8 45.93 37.59 44.45 43.32 48.75 48.44 40.49 43.59 33.66 27.4 48.43 36.25 
49.0 49.0 49.0 49.0 49.0 49.0 49.0 49.0 49.0 49.0 49.0 49.0 49.0 49.0 49.0 
56.23 29.68 56.97 52.07 37.21 50.72 31.86 44.89 43.55 43.28 41.19 49.88 38.11 44.29 29.51 
24.0 24.0 24.0 24.0 24.0 24.0 24.0 24.0 24.0 24.0 24.0 24.0 24.0 24.0 24.0 
47.88 20.31 38.67 32.72 46.27 52.3 38.67 52.2 36.54 38.78 11.05 44.9 52.2 49.39 19.35 
50.0 31.65 50.0 43.86 49.72 50.0 49.28 48.73 43.87 50.0 17.0 49.25 49.84 42.09 25.21 
21.0 21.0 21.0 21.0 21.0 21.0 21.0 21.0 21.0 21.0 21.0 21.0 21.0 21.0 21.0 
42.75 45.58 67.96 50.64 63.2 62.72 66.4 39.9 41.0 66.17 58.13 55.08 45.29 43.84 32.34 
25.0 25.0 25.0 25.0 25.0 25.0 25.0 25.0 25.0 25.0 25.0 25.0 25.0 25.0 25.0 
200.97 146.43 133.13 190.16 136.33 147.78 80.0 70.91 183.7 108.43 77.58 202.1 199.72 178.67 202.44 
66.0 66.0 66.0 66.0 66.0 66.0 66.0 66.0 66.0 66.0 66.0 66.0 66.0 66.0 66.0 
80.12 153.81 125.59 101.5 116.19 132.28 114.77 137.2 101.5 130.89 95.94 98.87 76.64 135.95 137.08 
128.82 152.8 145.38 113.43 144.93 151.69 121.27 145.31 113.43 146.94 116.27 101.78 122.22 143.76 141.24 
85.0 85.0 85.0 85.0 85.0 85.0 85.0 85.0 85.0 85.0 85.0 85.0 85.0 85.0 85.0 
41.0 41.0 41.0 41.0 41.0 41.0 41.0 41.0 41.0 41.0 41.0 41.0 41.0 41.0 41.0 
44.8 44.8 44.8 44.8 44.8 44.8 44.8 44.8 44.8 44.8 44.8 44.8 44.8 44.8 44.8 
67.21 56.66 71.13 61.62 50.03 55.96 43.92 65.34 57.37 58.37 61.79 30.02 36.76 60.51 43.93 
55.96 57.81 58.6 58.27 52.83 49.69 47.14 57.91 57.06 49.75 52.74 29.98 38.26 54.49 43.9 
43.8 43.8 43.8 43.8 43.8 43.8 43.8 43.8 43.8 43.8 43.8 43.8 43.8 43.8 43.8 
95.1 38.2 98.56 62.4 47.8 93.66 73.46 98.32 63.2 69.97 90.14 82.26 46.8 70.0 64.78 
73.78 39.8 73.78 62.0 40.6 73.78 67.55 73.78 60.2 62.35 73.78 73.78 56.0 65.38 62.6 
32.8 32.8 32.8 32.8 32.8 32.8 32.8 32.8 32.8 32.8 32.8 32.8 32.8 32.8 32.8 
85.83 33.8 85.83 47.6 85.83 85.83 85.83 85.83 84.93 72.4 85.03 85.23 85.83 72.8 33.2 
30.8 30.8 30.8 30.8 30.8 30.8 30.8 30.8 30.8 30.8 30.8 30.8 30.8 30.8 30.8 
80.4 117.74 116.92 83.13 95.2 96.2 102.34 64.4 42.2 92.17 84.43 103.0 113.78 71.2 32.0 
71.0 87.35 87.35 80.76 85.95 84.72 87.15 65.6 38.0 87.35 78.24 87.31 87.35 66.8 40.6 
36.0 36.0 36.0 36.0 36.0 36.0 36.0 36.0 36.0 36.0 36.0 36.0 36.0 36.0 36.0 
175.07 175.02 167.8 175.07 144.15 174.93 72.6 69.0 175.07 131.6 116.31 175.07 175.07 174.1 175.07 
63.8 63.8 63.8 63.8 63.8 63.8 63.8 63.8 63.8 63.8 63.8 63.8 63.8 63.8 63.8 
142.94 211.89 152.58 103.8 162.99 192.84 137.41 188.92 103.8 196.28 140.92 107.78 162.87 175.58 176.24 
162.45 170.12 138.55 106.8 166.18 169.86 132.78 167.28 106.8 170.09 125.58 96.8 162.78 167.63 168.08 
95.6 95.6 95.6 95.6 95.6 95.6 95.6 95.6 95.6 95.6 95.6 95.6 95.6 95.6 95.6 
204.6 183.17 185.8 207.07 138.85 179.66 73.71 216.55 206.05 171.27 112.25 227.88 100.0 173.41 151.14 
181.83 174.58 176.57 181.16 156.07 171.59 63.06 182.33 179.75 167.48 134.95 182.46 99.6 169.6 150.95 
69.2 69.2 69.2 69.2 69.2 69.2 69.2 69.2 69.2 69.2 69.2 69.2 69.2 69.2 69.2 
155.2 210.6 205.22 217.83 206.12 126.72 220.4 123.86 210.97 189.19 151.01 174.49 183.53 174.13 165.41 
151.5 196.96 192.58 196.39 194.0 125.47 196.82 130.01 195.29 182.57 158.18 173.71 171.96 170.16 174.33 
124.8 124.8 124.8 124.8 124.8 124.8 124.8 124.8 124.8 124.8 124.8 124.8 124.8 124.8 124.8 
247.0 280.56 161.0 267.52 184.26 235.8 122.45 213.25 221.77 177.46 225.11 135.96 202.06 249.91 269.96 
239.66 243.67 164.6 243.72 198.97 236.9 125.2 215.07 227.53 182.0 237.35 159.42 212.95 242.47 242.65 
124.4 124.4 124.4 124.4 124.4 124.4 124.4 124.4 124.4 124.4 124.4 124.4 124.4 124.4 124.4 
265.59 215.83 200.21 164.91 248.26 202.47 193.78 246.62 189.73 274.65 198.24 241.89 246.39 299.05 226.35 
243.06 206.24 214.31 184.03 238.84 202.0 201.47 226.93 203.07 249.31 197.84 235.73 234.47 253.29 214.87 
179.2 179.2 179.2 179.2 179.2 179.2 179.2 179.2 179.2 179.2 179.2 179.2 179.2 179.2 179.2 
252.55 225.5 303.5 227.52 253.73 108.8 276.08 269.57 214.7 206.2 184.68 214.06 249.24 303.34 256.49 
249.61 223.85 266.21 241.38 257.06 109.8 259.09 242.8 211.9 217.56 204.32 228.34 266.54 267.2 267.9 
106.0 106.0 106.0 106.0 106.0 106.0 106.0 106.0 106.0 106.0 106.0 106.0 106.0 106.0 106.0 
127.11 138.4 237.2 257.79 275.98 255.45 188.25 236.28 203.46 241.4 273.71 261.16 238.13 192.65 274.44 
134.02 136.77 231.28 250.75 253.6 244.58 185.59 241.41 205.68 233.4 254.0 247.81 240.28 195.15 254.18 
135.8 135.8 135.8 135.8 135.8 135.8 135.8 135.8 135.8 135.8 135.8 135.8 135.8 135.8 135.8 
232.05 257.53 353.96 376.46 294.02 408.55 328.36 238.64 268.39 381.96 357.95 197.13 336.07 347.48 334.79 
235.2 265.26 343.83 354.01 293.03 354.33 337.51 244.88 273.45 350.5 349.15 203.24 336.33 346.89 320.45 
207.0 207.0 207.0 207.0 207.0 207.0 207.0 207.0 207.0 207.0 207.0 207.0 207.0 207.0 207.0 
298.05 324.55 330.22 273.31 242.12 304.74 245.51 322.28 293.3 145.77 304.26 327.83 312.84 321.88 274.14 
152.8 152.8 152.8 152.8 152.8 152.8 152.8 152.8 152.8 152.8 152.8 152.8 152.8 152.8 152.8 
191.4 191.4 191.4 191.4 191.4 191.4 191.4 191.4 191.4 191.4 191.4 191.4 191.4 191.4 191.4 
349.14 376.69 226.77 386.08 323.41 241.92 323.49 348.24 283.25 200.14 230.84 282.48 132.48 363.88 347.27 
321.1 323.31 222.19 323.98 320.31 274.9 318.95 321.98 287.21 197.33 246.32 288.29 134.73 324.23 320.19 
139.8 139.8 139.8 139.8 139.8 139.8 139.8 139.8 139.8 139.8 139.8 139.8 139.8 139.8 139.8 
482.97 225.72 391.48 292.59 425.86 328.9 248.0 451.6 364.36 306.04 473.61 265.21 445.54 376.85 374.75 
409.7 264.5 393.65 325.87 401.87 348.11 227.42 400.64 382.77 315.61 409.27 285.32 407.35 379.03 380.65 
246.6 246.6 246.6 246.6 246.6 246.6 246.6 246.6 246.6 246.6 246.6 246.6 246.6 246.6 246.6 
252.64 342.55 286.19 261.32 393.09 393.09 385.33 312.3 359.2 389.52 393.86 338.74 227.7 391.39 393.26 
228.6 228.6 228.6 228.6 228.6 228.6 228.6 228.6 228.6 228.6 228.6 228.6 228.6 228.6 228.6 
510.8 494.47 366.77 405.0 369.67 297.62 366.49 329.17 248.91 385.54 435.09 491.1 429.97 331.19 453.66 
430.17 425.88 363.31 394.36 383.22 295.02 367.04 327.94 250.84 376.74 406.97 425.15 422.0 329.99 411.86 
254.6 254.6 254.6 254.6 254.6 254.6 254.6 254.6 254.6 254.6 254.6 254.6 254.6 254.6 254.6 
250.19 375.51 394.32 440.43 296.07 299.79 467.72 367.33 236.4 303.84 300.04 317.06 430.93 386.87 386.21 
250.29 362.77 375.6 381.11 312.95 302.51 385.03 356.5 233.53 307.18 313.94 319.0 382.46 380.82 358.39 
239.2 239.2 239.2 239.2 239.2 239.2 239.2 239.2 239.2 239.2 239.2 239.2 239.2 239.2 239.2 
57.3 52.88 58.13 59.52 42.59 43.33 46.77 59.61 56.18 52.27 53.72 25.77 32.58 53.32 41.48 66.50
57.36 56.23 56.52 57.6 50.96 44.09 46.65 57.57 57.77 51.14 55.52 32.72 37.36 53.6 43.16 58.29
36.2 36.2 36.2 36.2 36.2 36.2 36.2 36.2 36.2 36.2 36.2 36.2 36.2 36.2 36.2 36.20
63.61 37.38 65.67 63.47 39.17 60.44 45.02 57.81 46.44 54.41 48.22 54.9 50.24 55.08 39.78 71.06
60.64 33.8 60.42 58.75 36.99 60.81 49.54 59.32 51.19 56.63 54.44 56.54 51.83 56.99 45.37 61.02
33.2 33.2 33.2 33.2 33.2 33.2 33.2 33.2 33.2 33.2 33.2 33.2 33.2 33.2 33.2 33.20
50.65 28.8 43.17 29.47 53.11 57.3 41.45 55.07 36.41 41.91 19.03 48.94 56.85 49.5 19.82 57.30
52.3 34.17 52.3 38.77 51.7 52.3 51.67 51.3 47.02 48.06 17.24 51.35 52.3 50.0 29.41 52.30
22.16 22.16 22.16 22.16 22.16 22.16 22.16 22.16 22.16 22.16 22.16 22.16 22.16 22.16 22.16 22.16
40.85 44.67 66.18 42.56 61.02 58.69 62.23 32.95 44.96 62.7 54.33 50.29 44.67 43.24 28.31 67.05
42.59 57.85 57.28 46.44 56.23 55.75 57.85 40.38 39.18 53.41 53.6 55.18 57.58 50.9 28.18 57.85
34.6 34.6 34.6 34.6 34.6 34.6 34.6 34.6 34.6 34.6 34.6 34.6 34.6 34.6 34.6 34.60
192.54 144.7 131.36 179.09 120.71 146.79 82.63 69.36 173.54 119.07 82.56 190.15 191.01 162.89 190.24 197.58
156.12 151.48 140.6 155.19 140.96 151.54 78.0 67.2 156.12 115.26 96.08 156.02 156.12 152.78 156.08 156.12
75.4 75.4 75.4 75.4 75.4 75.4 75.4 75.4 75.4 75.4 75.4 75.4 75.4 75.4 75.4 75.40
88.23 151.17 134.3 88.85 111.68 129.02 107.26 131.81 88.85 133.24 110.45 94.81 82.84 131.43 132.15 154.40
125.58 147.62 136.13 101.85 136.86 145.62 125.79 142.1 101.85 143.18 121.07 98.27 120.28 137.84 139.11 147.87
97.0 97.0 97.0 97.0 97.0 97.0 97.0 97.0 97.0 97.0 97.0 97.0 97.0 97.0 97.0 97.00
166.12 130.51 138.69 152.06 108.65 142.81 60.04 173.78 168.85 137.77 99.74 167.13 83.06 150.20 126.08 182.21
150.42 121.83 146.27 151.74 123.27 144.45 65.85 152.38 145.39 144.65 109.19 152.67 99.43 139.33 137.90 152.67
67.80 67.80 67.80 67.80 67.80 67.80 67.80 67.80 67.80 67.80 67.80 67.80 67.80 67.80 67.80 67.80

141.51 183.50 148.99 176.64 172.06 92.99 209.64 108.55 170.89 163.09 125.13 172.16 179.83 151.95 138.05 212.24
116.80 116.80 116.80 116.80 116.80 116.80 116.80 116.80 116.80 116.80 116.80 116.80 116.80 116.80 116.80 116.80
238.87 276.74 172.16 262.54 180.62 216.22 126.19 220.18 230.65 188.54 217.19 142.22 186.14 238.94 260.13 287.00
226.33 231.61 170.24 229.14 202.29 218.68 123.06 204.58 224.41 186.00 209.75 145.26 210.50 227.52 223.25 233.27
135.00 135.00 135.00 135.00 135.00 135.00 135.00 135.00 135.00 135.00 135.00 135.00 135.00 135.00 135.00 135.00
228.47 179.74 192.43 167.09 239.15 166.21 186.10 228.49 176.57 240.44 150.72 217.14 212.58 248.76 198.61 275.65
181.15 181.15 181.15 181.15 181.15 181.15 181.15 181.15 181.15 181.15 181.15 181.15 181.15 181.15 181.15 181.15
219.07 193.96 237.67 218.11 228.87 95.79 225.52 223.76 180.30 221.97 179.87 197.69 222.29 238.23 222.65 238.82
97.60 97.60 97.60 97.60 97.60 97.60 97.60 97.60 97.60 97.60 97.60 97.60 97.60 97.60 97.60 97.60
104.90 135.30 230.54 228.41 267.13 234.93 171.06 223.35 173.42 235.61 263.13 242.25 219.89 193.88 256.37 288.97
122.60 122.60 122.60 122.60 122.60 122.60 122.60 122.60 122.60 122.60 122.60 122.60 122.60 122.60 122.60 122.60
46.98 36.33 40.68 40.64 28.40 26.80 31.97 49.33 45.63 46.48 39.57 23.99 18.14 40.87 30.75 49.40
46.89 48.87 46.00 48.87 45.71 27.00 37.04 48.64 48.85 48.50 48.87 23.44 35.75 43.26 37.73 48.87
33.33 33.33 33.33 33.33 33.33 33.33 33.33 33.33 33.33 33.33 33.33 33.33 33.33 33.33 33.33 33.33
37.40 24.28 37.46 34.74 27.56 32.84 18.60 28.15 23.89 31.17 32.20 31.97 32.58 29.65 18.12 40.00
38.77 26.21 39.78 36.72 33.91 38.56 28.85 37.24 34.17 34.25 38.42 35.45 32.30 34.33 31.12 40.00
27.00 27.00 27.00 27.00 27.00 27.00 27.00 27.00 27.00 27.00 27.00 27.00 27.00 27.00 27.00 27.00
28.18 15.19 27.65 12.70 32.23 34.00 26.16 33.88 23.68 23.41 11.75 29.17 34.00 32.32 11.05 34.00
33.76 16.91 34.00 24.64 33.76 34.00 34.00 33.87 33.01 33.68 11.96 33.72 34.00 32.34 18.35 34.00
15.00 15.00 15.00 15.00 15.00 15.00 15.00 15.00 15.00 15.00 15.00 15.00 15.00 15.00 15.00 15.00
45.20 32.36 60.14 45.36 58.92 56.14 60.59 43.00 29.00 53.80 51.51 56.48 31.48 29.38 17.68 61.00
35.60 46.66 46.52 44.98 46.42 45.41 46.70 43.53 28.26 38.74 41.93 45.96 43.35 38.19 14.85 46.70
21.00 21.00 21.00 21.00 21.00 21.00 21.00 21.00 21.00 21.00 21.00 21.00 21.00 21.00 21.00 21.00
147.22 112.57 100.90 140.02 98.72 122.17 62.45 49.00 135.25 92.57 64.99 148.44 147.01 129.02 148.00 154.22
49.00 49.00 49.00 49.00 49.00 49.00 49.00 49.00 49.00 49.00 49.00 49.00 49.00 49.00 49.00 49.00
78.37 118.20 97.15 61.01 91.91 105.05 87.70 108.10 61.01 110.38 79.72 75.55 55.43 104.93 98.89 120.00
65.00 65.00 65.00 65.00 65.00 65.00 65.00 65.00 65.00 65.00 65.00 65.00 65.00 65.00 65.00 65.00
46.27 35.71 40.32 41.38 30.77 26.13 33.71 49.96 47.13 45.00 40.45 23.78 20.77 41.67 29.03 50.00
46.82 48.83 45.98 48.85 45.31 27.00 37.08 48.52 48.82 48.78 48.48 23.69 35.80 43.40 37.71 48.85
33.67 33.67 33.67 33.67 33.67 33.67 33.67 33.67 33.67 33.67 33.67 33.67 33.67 33.67 33.67 33.67
37.72 22.29 36.59 36.35 27.25 31.23 19.53 31.03 22.77 33.06 31.53 31.38 31.05 31.36 17.16 40.00
39.38 26.64 39.84 36.77 34.01 38.72 27.72 36.84 33.64 35.43 38.97 35.50 31.28 33.64 31.62 40.00
27.00 27.00 27.00 27.00 27.00 27.00 27.00 27.00 27.00 27.00 27.00 27.00 27.00 27.00 27.00 27.00
28.93 15.22 27.95 13.68 33.05 34.00 27.50 33.69 24.56 23.76 9.92 28.17 34.00 31.72 9.49 34.00
34.00 16.05 34.00 26.44 33.37 34.00 33.83 34.00 33.17 33.17 10.46 33.93 34.00 32.14 19.43 34.00
43.27 32.27 59.49 45.52 59.29 57.92 60.27 43.90 29.00 53.26 51.25 56.46 32.05 28.84 18.23 61.00
36.15 44.84 44.13 43.25 45.14 44.29 45.30 41.26 28.93 40.41 38.44 45.01 43.45 33.73 14.58 45.30
21.00 21.00 21.00 21.00 21.00 21.00 21.00 21.00 21.00 21.00 21.00 21.00 21.00 21.00 21.00 21.00
148.60 111.00 100.23 139.49 97.15 120.57 61.68 49.00 134.32 91.83 65.30 149.20 146.84 129.04 147.20 153.68
123.40 117.29 106.19 123.40 112.65 123.12 63.00 49.00 123.40 95.55 73.76 123.40 123.40 123.26 123.40 123.40
49.00 49.00 49.00 49.00 49.00 49.00 49.00 49.00 49.00 49.00 49.00 49.00 49.00 49.00 49.00 49.00
74.41 119.00 96.78 61.56 91.48 103.19 89.28 104.53 61.56 107.81 79.53 78.54 56.46 107.51 98.70 120.00
112.01 117.76 98.26 65.00 112.65 117.22 109.18 117.27 65.00 117.51 81.17 88.00 106.13 113.46 110.22 117.76
65.00 65.00 65.00 65.00 65.00 65.00 65.00 65.00 65.00 65.00 65.00 65.00 65.00 65.00 65.00 65.00
76.00 76.00 76.00 76.00 76.00 76.00 76.00 76.00 76.00 76.00 76.00 76.00 76.00 76.00 76.00 76.00
98.16 161.72 127.43 149.99 145.47 77.37 160.17 91.48 141.04 136.17 107.49 134.75 123.71 124.96 101.77 170.93
104.42 139.92 137.37 136.84 139.70 79.08 141.88 99.44 137.26 136.06 117.82 132.42 126.95 127.60 94.58 142.37
103.00 103.00 103.00 103.00 103.00 103.00 103.00 103.00 103.00 103.00 103.00 103.00 103.00 103.00 103.00 103.00
193.15 227.11 120.78 217.26 160.63 198.80 95.18 175.32 172.50 140.94 183.12 115.33 161.25 210.90 214.61 235.15
185.81 190.33 121.00 189.60 173.62 189.79 99.00 169.92 173.99 141.00 176.86 114.09 178.21 189.98 182.08 190.40
99.00 99.00 99.00 99.00 99.00 99.00 99.00 99.00 99.00 99.00 99.00 99.00 99.00 99.00 99.00 99.00
203.12 154.53 151.32 130.02 197.90 129.48 155.27 186.97 144.13 198.56 122.48 184.81 176.09 215.17 170.68 228.96
183.12 163.29 151.82 137.74 188.01 138.72 156.71 185.26 159.30 189.04 127.82 179.96 176.16 191.16 169.04 192.07
154.00 154.00 154.00 154.00 154.00 154.00 154.00 154.00 154.00 154.00 154.00 154.00 154.00 154.00 154.00 154.00
188.95 156.71 235.68 176.41 204.20 79.62 215.76 198.28 147.45 200.00 150.25 169.91 177.24 226.57 177.07 245.77
188.27 163.51 204.26 182.77 199.66 81.96 193.74 187.02 148.55 197.29 155.34 167.97 198.24 203.35 198.46 205.40
83.00 83.00 83.00 83.00 83.00 83.00 83.00 83.00 83.00 83.00 83.00 83.00 83.00 83.00 83.00 83.00
74.22 96.03 179.04 171.79 198.16 183.24 120.56 169.87 133.78 173.46 199.70 189.35 159.40 152.76 199.45 218.00
77.95 104.89 179.92 183.48 185.62 183.66 121.98 180.77 148.93 171.18 185.47 182.01 172.08 153.71 185.85 185.96
101.00 101.00 101.00 101.00 101.00 101.00 101.00 101.00 101.00 101.00 101.00 101.00 101.00 101.00 101.00 101.00
160.94 173.32 233.31 269.61 218.57 282.11 194.79 162.46 199.00 261.74 224.63 144.10 219.02 240.96 237.01 291.00
196.00 213.41 253.95 271.17 230.60 271.70 255.85 202.14 201.71 267.53 266.25 165.44 237.64 265.44 253.39 273.18
180.00 180.00 180.00 180.00 180.00 180.00 180.00 180.00 180.00 180.00 180.00 180.00 180.00 180.00 180.00 180.00
151.79 142.15 170.15 114.72 99.65 142.47 129.73 164.77 153.55 78.63 113.10 160.65 121.40 159.60 121.44 183.00
170.39 179.73 178.82 151.62 126.30 162.65 139.16 174.49 163.06 86.93 164.08 179.70 168.70 174.05 161.41 183.00
109.00 109.00 109.00 109.00 109.00 109.00 109.00 109.00 109.00 109.00 109.00 109.00 109.00 109.00 109.00 109.00
162.00 162.00 162.00 162.00 162.00 162.00 162.00 162.00 162.00 162.00 162.00 162.00 162.00 162.00 162.00 162.00
262.19 284.11 181.44 286.80 238.63 179.97 226.40 265.80 208.57 157.79 178.18 220.31 117.29 252.42 248.92 300.00
268.42 268.01 201.49 268.70 260.13 205.06 256.77 267.78 241.67 165.63 192.01 235.42 128.14 268.13 268.52 268.91
130.00 130.00 130.00 130.00 130.00 130.00 130.00 130.00 130.00 130.00 130.00 130.00 130.00 130.00 130.00 130.00
347.47 160.51 299.16 234.84 293.12 231.38 188.00 319.98 288.20 245.68 337.23 217.90 329.78 291.64 290.32 369.00
332.65 193.25 328.22 264.33 321.83 255.16 188.00 326.41 299.92 281.10 331.75 239.64 332.81 317.95 319.54 333.25
188.00 188.00 188.00 188.00 188.00 188.00 188.00 188.00 188.00 188.00 188.00 188.00 188.00 188.00 188.00 188.00
221.36 271.98 219.54 199.15 307.75 319.05 278.00 230.38 287.49 341.69 373.80 254.35 208.54 336.49 301.06 377.21
222.58 269.98 234.60 202.81 313.10 313.50 305.57 247.14 312.51 314.52 321.40 289.38 208.58 318.16 312.33 321.98
203.00 203.00 203.00 203.00 203.00 203.00 203.00 203.00 203.00 203.00 203.00 203.00 203.00 203.00 203.00 203.00
400.44 396.55 265.24 321.18 307.53 237.38 281.02 281.36 190.53 298.47 339.97 384.87 304.52 297.96 373.81 425.17
356.21 354.90 286.67 316.65 309.48 241.85 299.62 296.02 206.48 306.70 341.74 354.81 334.86 298.77 345.30 357.64
216.00 216.00 216.00 216.00 216.00 216.00 216.00 216.00 216.00 216.00 216.00 216.00 216.00 216.00 216.00 216.00
204.74 312.04 321.11 340.51 224.81 243.11 378.70 274.73 206.17 236.01 254.38 253.46 354.76 319.97 311.55 385.07
206.88 306.93 310.32 314.45 235.17 249.27 316.58 279.43 206.38 242.05 255.78 265.49 315.98 313.08 297.92 316.59
207.00 207.00 207.00 207.00 207.00 207.00 207.00 207.00 207.00 207.00 207.00 207.00 207.00 207.00 207.00 207.00
37.85 40.47 41.87 46.63 31.52 26.92 29.87 38.01 37.88 41.96 44.56 22.95 33.52 40.19 41.15 40.92 41.86 38.75 31.33 26.92 37.71 25.57 23.54 31.90 26.41 31.95 39.90 35.61 46.53 21.80 49.90
42.68 44.47 39.58 44.80 37.58 27.04 32.42 43.45 42.86 43.99 43.34 22.65 40.28 41.50 44.67 41.72 44.32 44.71 36.69 27.04 42.94 28.59 28.84 40.88 36.03 43.54 43.97 38.69 44.80 31.90 44.80
31.45 31.45 31.45 31.45 31.45 31.45 31.45 31.45 31.45 31.45 31.45 31.45 31.45 31.45 31.45 31.45 31.45 31.45 31.45 31.45 31.45 31.45 31.45 31.45 31.45 31.45 31.45 31.45 31.45 31.45 31.45
35.80 14.56 34.62 34.57 20.46 26.22 18.02 30.34 23.25 30.59 29.07 35.03 30.87 24.06 13.40 27.14 29.76 31.36 29.79 35.88 35.17 35.62 23.43 36.01 24.58 28.14 24.69 27.44 31.64 21.48 40.00
39.68 25.18 39.43 35.95 27.28 33.73 34.35 40.00 32.12 33.92 36.81 38.71 33.16 32.86 26.50 31.12 39.84 35.05 37.57 37.55 39.51 39.60 26.52 38.99 36.48 33.82 35.95 30.41 35.86 34.21 40.00
27.00 27.00 27.00 27.00 27.00 27.00 27.00 27.00 27.00 27.00 27.00 27.00 27.00 27.00 27.00 27.00 27.00 27.00 27.00 27.00 27.00 27.00 27.00 27.00 27.00 27.00 27.00 27.00 27.00 27.00 27.00
25.24 7.16 29.64 12.51 33.72 33.98 29.03 33.84 26.63 22.05 13.03 23.90 33.81 31.30 3.45 11.18 13.49 10.76 26.32 34.00 33.74 33.80 17.41 33.80 18.52 25.35 29.03 33.19 28.10 8.00 34.00
22.20 9.08 22.20 15.66 22.20 22.20 22.20 22.20 21.59 20.82 15.00 20.78 22.20 22.20 10.16 12.79 15.00 13.45 20.07 22.20 22.20 22.20 22.20 22.20 17.79 22.20 22.20 22.20 21.93 8.00 22.20
8.00 8.00 8.00 8.00 8.00 8.00 8.00 8.00 8.00 8.00 8.00 8.00 8.00 8.00 8.00 8.00 8.00 8.00 8.00 8.00 8.00 8.00 8.00 8.00 8.00 8.00 8.00 8.00 8.00 8.00 8.00
28.48 46.83 34.58 42.37 35.77 31.35 36.15 38.50 14.11 35.07 36.37 36.75 42.30 28.64 10.50 42.46 39.27 44.43 40.69 19.08 41.71 16.05 43.51 41.62 47.08 32.85 26.25 40.86 43.83 35.86 49.50
35.86 46.70 46.15 46.69 44.77 43.16 45.29 44.25 26.03 43.96 42.16 45.61 46.43 35.11 15.79 45.36 40.96 46.36 43.83 25.52 45.62 21.21 44.75 43.67 46.70 40.56 32.24 43.77 46.36 41.31 46.70
21.00 21.00 21.00 21.00 21.00 21.00 21.00 21.00 21.00 21.00 21.00 21.00 21.00 21.00 21.00 21.00 21.00 21.00 21.00 21.00 21.00 21.00 21.00 21.00 21.00 21.00 21.00 21.00 21.00 21.00 21.00
133.83 103.34 99.80 120.06 102.32 122.93 63.00 48.26 126.65 92.62 68.08 133.34 133.89 108.54 139.18 96.14 90.30 63.00 63.00 66.79 109.53 89.01 87.53 66.22 105.71 116.94 124.04 46.86 104.00 139.12 140.74
103.85 97.37 98.02 103.67 98.48 103.42 63.00 49.00 102.95 88.27 78.47 103.79 103.85 100.12 103.85 95.72 90.88 62.98 62.98 77.43 98.66 89.92 88.86 72.56 100.61 102.69 103.57 52.79 100.00 103.67 103.85
49.00 49.00 49.00 49.00 49.00 49.00 49.00 49.00 49.00 49.00 49.00 49.00 49.00 49.00 49.00 49.00 49.00 49.00 49.00 49.00 49.00 49.00 49.00 49.00 49.00 49.00 49.00 49.00 49.00 49.00 49.00
77.72 112.09 92.74 42.62 83.38 90.33 72.89 104.94 42.62 102.30 77.17 64.57 72.11 103.25 97.98 116.03 100.62 98.77 111.46 76.57 87.33 107.94 50.87 108.06 94.98 115.74 20.73 95.11 20.21 100.34 120.00
108.43 117.99 97.88 65.00 103.60 113.81 100.29 116.21 65.00 116.41 80.21 86.08 114.11 112.61 107.75 117.73 116.24 117.43 117.93 115.60 114.46 118.14 84.27 112.66 103.50 118.20 56.64 115.64 43.15 118.05 118.20
46.00 46.00 46.00 46.00 46.00 46.00 46.00 46.00 46.00 46.00 46.00 46.00 46.00 46.00 46.00 46.00 46.00 46.00 46.00 46.00 46.00 46.00 46.00 46.00 46.00 46.00 46.00 46.00 46.00 46.00 46.00
134.21 83.13 126.16 125.35 75.62 103.06 50.53 143.23 122.02 98.18 81.55 140.70 75.76 83.07 76.12 118.72 93.20 110.09 109.80 143.20 76.78 96.73 82.49 133.65 121.03 133.31 47.51 113.27 108.28 109.10 147.68
112.47 93.49 113.18 112.68 75.87 103.24 54.24 113.46 110.77 96.12 91.02 113.32 72.46 90.74 90.33 107.72 95.89 104.54 104.65 113.27 85.91 100.73 90.01 112.19 112.46 112.93 50.85 107.36 105.24 106.59 113.52
52.00 52.00 52.00 52.00 52.00 52.00 52.00 52.00 52.00 52.00 52.00 52.00 52.00 52.00 52.00 52.00 52.00 52.00 52.00 52.00 52.00 52.00 52.00 52.00 52.00 52.00 52.00 52.00 52.00 52.00 52.00
86.96 142.55 127.77 138.34 139.23 74.21 152.57 77.51 142.60 123.97 104.80 126.03 112.23 148.86 92.84 126.59 139.09 133.95 145.29 103.54 123.35 142.59 97.85 144.64 135.93 72.19 125.71 131.90 65.04 86.35 169.04
89.51 129.08 128.43 127.43 122.08 76.23 132.46 84.21 131.28 117.66 112.44 122.83 111.79 132.23 112.84 120.34 127.01 127.58 130.41 103.25 117.25 132.23 119.82 130.77 124.00 73.79 122.69 125.60 69.59 102.81 132.77
84.00 84.00 84.00 84.00 84.00 84.00 84.00 84.00 84.00 84.00 84.00 84.00 84.00 84.00 84.00 84.00 84.00 84.00 84.00 84.00 84.00 84.00 84.00 84.00 84.00 84.00 84.00 84.00 84.00 84.00 84.00
182.52 222.80 119.36 209.92 127.36 201.87 91.38 162.86 167.77 140.17 169.80 108.48 127.69 192.07 196.03 199.17 166.34 130.91 209.93 184.37 99.60 184.08 136.00 159.13 106.27 204.90 127.45 202.20 191.62 151.84 231.45
170.34 177.44 120.79 177.77 149.28 177.38 95.23 160.94 167.75 140.98 167.11 110.16 145.54 171.77 171.77 173.63 166.17 140.01 177.55 172.39 106.23 170.16 136.00 158.91 114.88 176.46 133.18 176.45 174.11 155.40 178.14
99.00 99.00 99.00 99.00 99.00 99.00 99.00 99.00 99.00 99.00 99.00 99.00 99.00 99.00 99.00 99.00 99.00 99.00 99.00 99.00 99.00 99.00 99.00 99.00 99.00 99.00 99.00 99.00 99.00 99.00 99.00
160.51 143.03 135.98 130.29 187.91 112.29 157.44 182.31 169.90 169.76 118.51 180.61 152.64 172.27 148.44 108.74 160.24 135.59 82.83 102.20 179.53 139.87 186.72 195.76 160.41 215.27 147.26 98.75 197.52 214.58 220.63
161.15 143.73 132.72 131.34 165.30 116.56 157.17 166.92 160.84 162.72 128.99 162.27 151.45 167.28 148.97 119.26 156.42 146.59 88.55 102.97 165.80 148.70 169.86 164.94 158.47 169.55 141.33 104.43 167.83 168.89 170.17
94.00 94.00 94.00 94.00 94.00 94.00 94.00 94.00 94.00 94.00 94.00 94.00 94.00 94.00 94.00 94.00 94.00 94.00 94.00 94.00 94.00 94.00 94.00 94.00 94.00 94.00 94.00 94.00 94.00 94.00 94.00
185.49 134.06 229.66 170.23 196.74 62.22 235.27 176.75 137.57 195.94 129.95 156.56 164.22 210.61 165.76 144.57 236.77 228.35 184.25 211.30 184.43 218.52 190.90 109.52 182.55 218.16 149.04 129.03 188.22 98.20 248.10
176.21 144.55 189.43 176.03 179.58 72.72 190.44 169.70 133.86 180.18 133.57 154.59 185.82 183.43 186.85 153.02 189.70 189.37 170.70 183.93 180.49 185.76 176.92 124.97 180.82 186.10 171.01 132.42 180.39 111.15 190.96
83.00 83.00 83.00 83.00 83.00 83.00 83.00 83.00 83.00 83.00 83.00 83.00 83.00 83.00 83.00 83.00 83.00 83.00 83.00 83.00 83.00 83.00 83.00 83.00 83.00 83.00 83.00 83.00 83.00 83.00 83.00
72.38 102.56 175.11 163.31 190.91 176.46 124.50 179.06 123.32 153.02 201.33 182.14 151.52 150.78 190.71 61.73 73.56 144.39 164.07 201.84 218.57 171.74 126.08 189.16 153.45 164.71 127.33 184.94 201.83 189.26 223.82
79.07 107.54 169.09 162.49 167.22 172.07 127.89 162.83 140.49 148.88 173.61 172.26 154.35 148.53 173.43 67.89 76.87 162.51 157.53 172.95 173.61 164.18 130.60 173.59 157.08 168.17 137.26 169.44 172.95 173.59 173.61
78.00 78.00 78.00 78.00 78.00 78.00 78.00 78.00 78.00 78.00 78.00 78.00 78.00 78.00 78.00 78.00 78.00 78.00 78.00 78.00 78.00 78.00 78.00 78.00 78.00 78.00 78.00 78.00 78.00 78.00 78.00
151.35 170.86 234.80 243.41 202.43 254.90 248.97 154.46 180.95 256.44 215.34 149.22 225.38 237.58 244.25 215.17 248.28 130.94 199.22 195.93 176.40 217.60 225.00 250.74 186.68 214.46 242.78 133.18 205.20 111.26 289.27
186.59 192.44 232.96 239.00 214.38 239.05 237.35 189.72 193.48 239.55 230.29 171.62 230.07 223.24 239.04 218.10 237.18 142.98 200.56 207.29 183.48 219.86 223.49 241.69 213.97 213.59 233.06 160.07 231.15 133.14 242.35
137.00 137.00 137.00 137.00 137.00 137.00 137.00 137.00 137.00 137.00 137.00 137.00 137.00 137.00 137.00 137.00 137.00 137.00 137.00 137.00 137.00 137.00 137.00 137.00 137.00 137.00 137.00 137.00 137.00 137.00 137.00
155.99 112.35 162.43 124.39 88.03 136.57 115.86 159.86 154.65 55.29 128.65 134.36 141.03 148.02 95.35 106.20 151.48 150.06 140.60 93.38 138.11 147.22 103.87 108.24 142.70 122.12 100.55 154.97 149.73 157.61 183.00
171.07 169.14 178.07 164.93 139.53 156.19 126.65 177.86 166.98 76.03 168.50 177.43 174.24 173.05 150.34 164.72 173.62 172.79 169.90 112.65 179.10 167.78 154.51 150.13 168.51 156.85 137.03 160.41 166.10 170.89 183.00
109.00 109.00 109.00 109.00 109.00 109.00 109.00 109.00 109.00 109.00 109.00 109.00 109.00 109.00 109.00 109.00 109.00 109.00 109.00 109.00 109.00 109.00 109.00 109.00 109.00 109.00 109.00 109.00 109.00 109.00 109.00
312.64 290.16 212.34 234.86 277.72 112.94 276.50 312.71 235.41 189.42 246.67 273.32 311.55 220.99 261.89 183.54 185.29 242.43 265.38 145.27 237.94 233.91 275.43 109.96 246.89 161.05 290.95 204.27 147.72 284.86 330.95
255.02 252.95 218.87 238.59 250.85 117.85 246.23 255.18 247.79 206.15 240.04 252.93 254.25 223.22 244.98 202.90 203.69 240.27 240.62 152.07 229.69 235.98 247.84 124.81 238.30 177.68 250.17 212.46 162.86 255.07 256.42
134.00 134.00 134.00 134.00 134.00 134.00 134.00 134.00 134.00 134.00 134.00 134.00 134.00 134.00 134.00 134.00 134.00 134.00 134.00 134.00 134.00 134.00 134.00 134.00 134.00 134.00 134.00 134.00 134.00 134.00 134.00
268.64 277.21 176.08 288.61 222.29 184.12 228.73 280.59 195.43 146.15 176.98 222.80 120.20 256.98 263.16 101.22 278.60 128.96 243.89 175.37 146.31 137.02 272.23 255.75 206.46 246.18 159.21 223.41 286.18 142.26 299.72
226.45 224.79 189.47 226.76 216.58 188.91 216.62 225.96 205.56 157.52 188.38 223.53 125.11 226.78 227.01 105.96 225.33 142.40 226.17 187.91 164.92 144.45 225.50 223.37 212.95 222.00 168.47 221.27 227.57 156.74 227.74
107.00 107.00 107.00 107.00 107.00 107.00 107.00 107.00 107.00 107.00 107.00 107.00 107.00 107.00 107.00 107.00 107.00 107.00 107.00 107.00 107.00 107.00 107.00 107.00 107.00 107.00 107.00 107.00 107.00 107.00 107.00
296.13 162.33 272.12 231.03 297.42 208.54 187.05 303.61 256.63 231.41 291.12 206.58 349.65 291.20 284.26 255.17 266.37 267.76 327.62 185.90 347.84 152.37 194.41 306.89 194.37 292.82 308.17 223.49 292.46 321.28 369.00
299.87 190.22 298.71 252.83 294.91 219.94 186.35 289.57 263.50 265.37 297.25 222.20 303.14 292.36 286.33 274.41 279.10 274.22 298.55 205.99 302.92 152.89 223.43 293.61 234.05 294.90 292.73 252.38 280.65 302.88 304.36
153.00 153.00 153.00 153.00 153.00 153.00 153.00 153.00 153.00 153.00 153.00 153.00 153.00 153.00 153.00 153.00 153.00 153.00 153.00 153.00 153.00 153.00 153.00 153.00 153.00 153.00 153.00 153.00 153.00 153.00 153.00
191.10 235.22 211.14 195.73 287.71 278.52 249.43 207.13 279.04 293.40 370.96 237.94 183.03 306.26 266.46 163.46 323.56 356.12 268.05 240.61 276.44 246.58 333.68 284.11 246.37 257.60 280.59 287.50 288.81 323.78 378.00
205.13 241.57 218.69 199.70 295.41 282.59 274.48 212.70 300.80 282.91 304.70 268.28 196.12 294.32 284.94 176.06 295.53 304.49 288.79 263.03 271.92 247.19 297.32 286.05 252.44 268.77 275.11 277.50 290.02 295.91 305.26
203.00 203.00 203.00 203.00 203.00 203.00 203.00 203.00 203.00 203.00 203.00 203.00 203.00 203.00 203.00 203.00 203.00 203.00 203.00 203.00 203.00 203.00 203.00 203.00 203.00 203.00 203.00 203.00 203.00 203.00 203.00
331.26 359.43 244.85 274.33 320.43 231.68 300.09 233.56 188.31 306.06 290.38 328.58 294.96 268.11 324.74 335.77 310.20 243.31 258.24 226.83 299.83 173.69 350.01 302.44 265.68 278.28 341.19 350.40 261.32 251.18 405.60
313.10 310.56 249.40 271.89 310.75 232.70 293.81 240.10 204.83 295.59 297.50 307.03 295.91 265.83 306.19 303.89 287.50 250.66 262.42 230.84 286.86 179.62 313.86 295.00 278.99 282.95 309.40 315.30 264.90 246.66 318.87
216.00 216.00 216.00 216.00 216.00 216.00 216.00 216.00 216.00 216.00 216.00 216.00 216.00 216.00 216.00 216.00 216.00 216.00 216.00 216.00 216.00 216.00 216.00 216.00 216.00 216.00 216.00 216.00 216.00 216.00 216.00
187.09 265.19 274.53 318.89 220.26 236.76 366.62 251.34 182.57 227.36 237.80 204.17 341.76 302.00 298.87 255.48 276.38 230.39 223.65 178.26 306.31 244.52 337.44 329.66 344.13 288.50 255.33 309.43 318.53 274.56 384.04
191.69 263.05 269.43 287.28 225.81 236.35 293.93 250.43 191.79 237.94 242.74 214.89 292.48 281.73 274.02 252.23 268.60 237.67 234.28 183.73 282.14 249.31 291.16 290.23 287.22 267.80 254.17 280.54 289.89 266.05 295.37
207.00 207.00 207.00 207.00 207.00 207.00 207.00 207.00 207.00 207.00 207.00 207.00 207.00 207.00 207.00 207.00 207.00 207.00 207.00 207.00 207.00 207.00 207.00 207.00 207.00 207.00 207.00 207.00 207.00 207.00 207.00


141.62 92.30 129.60 121.47 84.38 104.23 59.32 144.50 126.81 104.49 84.24 140.51 65.75 100.59 98.15 145.25
119.26 99.32 118.98 118.20 90.07 114.05 63.89 119.26 114.01 108.70 87.91 119.26 68.54 97.09 111.88 119.26
1  89  0
