52.59 44.02 49.90 51.31 43.50 37.65 41.83 54.26 50.53 56.18 48.66 34.98 32.78 48.12 41.53 46.83
46.75 47.79 44.68 50.12 45.99 35.81 41.93 49.91 48.50 48.32 49.49 35.12 39.40 46.43 43.65 41.31
32.00 32.00 32.00 32.00 32.00 32.00 32.00 32.00 32.00 32.00 32.00 32.00 32.00 32.00 32.00 32.00
51.33 37.84 48.42 48.30 34.18 42.44 32.78 39.82 40.34 44.96 43.33 43.92 42.87 44.49 39.97 40.00
54.69 42.22 54.69 50.74 48.40 53.87 49.36 54.06 47.71 48.48 52.11 51.27 44.63 49.93 44.30 39.47
84.17 84.17 88.93 84.17 84.17 88.93 84.17 84.17 88.93 84.17 88.93 88.93 84.17 88.93 84.17 27.00
60.88 45.40 63.64 52.97 66.03 64.03 63.64 64.03 62.22 65.52 40.02 65.11 69.03 62.84 47.74 34.00
46.66 27.06 46.66 45.74 45.81 46.66 45.64 46.66 44.22 46.66 27.04 46.66 46.63 45.65 33.21 31.62
76.20 76.20 76.20 76.20 76.20 76.20 76.20 76.20 76.20 76.20 76.20 76.20 76.20 76.20 76.20 15.00
56.79 44.00 65.74 54.82 64.35 62.57 64.35 52.19 44.34 61.98 61.94 65.12 43.59 39.25 36.34 51.91
53.72 55.89 59.26 57.12 58.87 56.48 59.26 53.42 44.88 58.55 57.50 59.26 54.78 44.26 36.88 43.39
46.39 46.39 46.39 46.39 46.39 46.39 46.39 46.39 46.39 46.39 46.39 46.39 46.39 46.39 46.39 21.00
40.16 39.20 44.91 47.95 35.43 35.08 30.89 38.03 38.03 39.51 47.22 30.89 39.56 45.13 48.04 44.18 43.57 43.19 36.77 35.08 44.27 33.97 31.03 32.71 40.38 36.98 43.95 38.56 47.95 30.89 44.13
42.82 44.06 44.73 47.22 42.17 35.89 38.45 43.50 42.42 46.00 45.41 33.05 45.01 45.91 45.81 42.39 46.84 46.61 38.18 35.89 45.60 36.21 33.30 41.22 41.95 41.32 45.39 45.37 47.22 37.28 38.88
45.10 45.10 45.10 45.10 45.10 45.10 45.10 45.10 45.10 45.10 45.10 45.10 45.10 45.10 45.10 45.10 45.10 45.10 45.10 45.10 45.10 45.10 45.10 45.10 45.10 45.10 45.10 45.10 45.10 45.10 30.33
49.34 33.04 47.33 46.30 30.41 41.95 28.00 39.01 38.50 41.62 37.58 42.20 37.51 37.36 30.55 38.96 38.01 41.97 36.64 45.89 46.22 42.20 34.24 49.34 35.15 40.29 35.02 34.03 38.95 35.06 40.00
46.95 36.46 47.44 44.96 38.13 44.55 41.80 47.64 38.42 42.69 45.09 47.74 39.24 40.91 37.27 40.93 46.43 42.86 45.09 45.28 46.28 47.75 32.74 47.97 42.75 43.11 43.92 38.90 44.11 44.18 38.51
60.78 60.78 60.78 60.78 60.78 60.78 60.78 60.78 60.78 60.78 60.78 60.78 60.78 60.78 60.78 60.78 60.78 60.78 60.78 60.78 60.78 60.78 60.78 60.78 60.78 60.78 60.78 60.78 60.78 60.78 27.00
37.86 24.22 38.40 27.11 44.09 44.09 38.40 41.02 38.40 37.45 25.84 38.43 41.02 39.45 26.22 25.50 27.07 22.99 40.62 44.09 44.09 44.09 28.72 44.09 33.21 35.78 38.40 44.09 41.63 21.45 30.64
30.14 24.04 30.14 24.13 30.14 30.14 30.14 30.14 30.14 27.69 21.33 30.14 30.14 30.14 21.57 19.38 23.59 19.91 29.68 30.14 30.14 30.14 30.14 30.14 29.80 30.14 30.14 30.14 30.14 17.53 20.62
34.00 34.00 34.00 34.00 34.00 34.00 34.00 34.00 31.00 34.00 34.00 34.00 34.00 31.00 34.00 34.00 31.00 31.00 34.00 34.00 34.00 34.00 34.00 34.00 34.00 34.00 34.00 31.00 34.00 34.00 8.00
45.17 47.60 55.72 52.99 51.60 48.31 51.60 49.26 37.28 49.98 50.68 48.96 49.57 38.25 32.40 54.70 45.75 47.60 53.87 32.40 47.55 36.08 56.29 51.98 47.60 49.07 34.38 48.50 47.60 43.50 46.29
48.59 53.93 51.95 53.29 51.75 50.80 51.75 51.49 41.78 53.79 50.67 51.98 48.73 44.15 34.43 53.93 47.37 53.34 49.19 36.34 48.73 37.29 52.72 50.11 53.93 51.20 42.39 52.04 52.37 50.56 40.50
53.17 53.17 53.17 53.17 53.17 53.17 53.17 53.17 53.17 53.17 53.17 53.17 53.17 53.17 53.17 53.17 53.17 53.17 53.17 53.17 53.17 53.17 53.17 53.17 53.17 53.17 53.17 53.17 53.17 53.17 21.00
164.60 143.75 135.75 166.20 145.04 158.46 104.66 92.45 162.22 130.85 92.45 165.69 160.38 157.00 166.63 132.07
150.09 143.83 130.09 148.80 142.76 148.00 105.62 91.62 147.73 135.13 106.51 150.09 149.78 150.45 150.47 107.78
170.53 170.53 170.53 170.53 170.53 170.53 170.53 170.53 170.53 170.53 170.53 170.53 170.53 170.53 170.53 49.00
103.52 134.15 115.73 79.96 113.75 123.17 90.55 125.13 79.96 126.84 101.32 82.11 89.30 123.78 121.12 114.22
122.12 131.69 121.03 88.99 125.68 131.46 116.05 130.59 88.99 131.69 107.41 107.68 109.55 130.34 129.06 104.70
163.13 163.13 163.13 163.13 163.13 163.13 163.13 163.13 163.13 163.13 163.13 163.13 163.13 163.13 163.13 65.00
145.86 105.95 147.01 134.18 108.13 118.35 87.29 152.53 130.85 116.07 93.86 151.69 95.69 112.94 108.67 124.70
122.76 107.26 122.49 122.03 106.27 118.81 85.90 122.76 120.00 108.62 88.71 122.76 89.61 104.54 105.91 101.06
123.55 123.55 123.55 123.55 123.55 123.55 123.55 123.55 123.55 123.55 123.55 123.55 123.55 123.55 123.55 76.00
129.04 159.76 137.71 160.07 161.44 101.33 157.91 106.49 146.39 134.02 115.30 152.26 143.62 129.25 123.05 144.75
129.41 144.07 141.63 136.02 139.28 101.51 141.58 113.06 132.44 142.46 126.37 136.63 141.14 134.87 111.06 119.42
124.71 124.71 124.71 124.71 124.71 124.71 124.71 124.71 124.71 124.71 124.71 124.71 124.71 124.71 124.71 99.24
141.44 112.95 115.73 140.39 116.93 137.05 92.52 82.12 134.27 107.93 85.64 139.24 141.97 140.69 144.83 113.63 122.61 89.67 89.67 83.65 130.93 107.81 110.44 92.93 123.99 130.57 131.57 84.88 117.07 143.25 117.31
121.62 115.63 118.84 121.63 113.88 121.24 90.55 78.40 118.16 110.44 88.21 121.60 121.63 121.63 121.63 109.63 116.25 90.35 90.35 87.93 118.08 109.80 113.89 102.74 115.18 117.78 116.40 82.35 121.56 121.63 92.23
157.22 157.22 157.22 157.22 157.22 157.22 157.22 157.22 157.22 157.22 157.22 157.22 157.22 157.22 157.22 157.22 157.22 157.22 157.22 157.22 157.22 157.22 157.22 157.22 157.22 157.22 157.22 157.22 157.22 157.22 49.00
111.75 151.92 140.72 76.56 112.02 128.88 110.73 144.80 76.56 140.80 127.91 104.74 123.04 146.61 145.92 155.93 138.54 144.95 151.42 124.93 139.71 143.84 110.71 150.36 141.68 154.70 76.47 150.03 76.47 136.35 109.25
134.55 143.61 134.28 93.91 134.30 134.54 124.14 136.92 93.91 143.37 125.89 112.07 140.63 139.23 136.82 143.81 142.60 143.81 142.74 139.63 143.69 141.29 122.92 138.76 133.76 143.73 96.03 136.26 87.03 141.87 102.39
137.81 137.81 137.81 137.81 137.81 137.81 137.81 137.81 137.81 137.81 137.81 137.81 137.81 137.81 137.81 137.81 137.81 137.81 137.81 137.81 137.81 137.81 137.81 137.81 137.81 137.81 137.81 137.81 137.81 137.81 46.00
155.83 120.09 148.29 140.53 111.97 129.78 86.47 158.69 139.28 122.61 110.10 157.01 104.38 122.35 112.14 143.06 123.87 120.62 129.91 161.93 116.57 131.08 109.52 148.08 144.05 147.29 86.47 135.82 141.96 136.04 123.53
129.71 113.49 129.71 128.13 106.58 119.57 87.76 129.68 124.96 112.10 106.93 129.71 102.38 113.53 108.49 122.30 114.02 124.57 121.56 129.71 111.72 120.35 108.84 126.70 129.71 128.29 81.47 121.06 122.36 122.53 95.84
160.53 160.53 160.53 160.53 160.53 153.30 160.53 160.53 160.53 160.53 160.53 160.53 160.53 160.53 153.30 160.53 160.53 160.53 160.53 160.53 153.30 160.53 160.53 160.53 160.53 160.53 160.53 160.53 160.53 160.53 52.00
118.95 152.13 137.61 156.07 154.71 96.08 149.60 96.89 144.47 136.87 116.72 133.63 140.11 142.05 117.19 134.88 151.80 129.81 149.23 125.79 144.41 141.41 122.32 149.88 134.50 101.82 137.24 136.38 95.84 101.04 136.92
114.12 131.90 132.53 132.66 132.19 95.57 132.23 97.32 133.42 128.29 112.96 123.45 127.51 131.55 107.88 134.46 129.10 126.40 134.66 122.60 132.28 131.19 114.98 135.44 128.72 102.42 131.37 132.70 93.52 101.43 110.02
89.69 89.69 89.69 89.69 89.69 89.69 89.69 89.69 89.69 89.69 89.69 89.69 89.69 89.69 89.69 89.69 89.69 89.69 89.69 89.69 89.69 89.69 89.69 89.69 89.69 89.69 89.69 89.69 89.69 89.69 84.00
53.90 48.81 51.28 52.04 42.85 35.94 43.90 55.94 52.27 57.68 53.94 34.64 35.34 53.27 44.35 49.48
56.08 57.15 55.95 57.15 55.07 39.92 47.17 56.77 57.15 57.15 56.07 37.62 44.51 48.60 47.52 44.26
33.33 33.33 33.33 33.33 33.33 33.33 33.33 33.33 33.33 33.33 33.33 33.33 33.33 33.33 33.33 33.33
57.41 42.90 56.97 55.69 46.20 57.02 43.05 52.32 45.67 48.25 46.74 55.09 48.86 48.24 35.37 40.00
52.77 41.21 54.22 50.90 46.12 54.22 46.34 51.49 48.55 47.44 53.82 50.53 44.70 48.52 47.25 40.00
87.48 87.48 92.70 87.48 87.48 92.70 87.48 87.48 92.70 87.48 92.70 92.70 87.48 92.70 87.48 27.00
61.00 39.00 66.00 56.00 66.00 64.00 64.00 64.00 62.00 65.00 43.00 63.00 69.00 61.00 49.00 34.00
47.90 33.28 47.90 47.59 47.90 47.90 45.88 47.90 43.43 44.67 27.52 47.90 47.90 46.33 34.20 32.38
77.00 77.00 77.00 77.00 77.00 77.00 77.00 77.00 77.00 77.00 77.00 77.00 77.00 77.00 77.00 15.00
60.69 52.20 77.58 62.44 75.47 75.47 77.58 59.31 48.59 73.44 71.25 72.45 52.04 52.20 40.59 57.99
55.90 59.82 60.28 55.01 59.39 58.33 60.28 54.45 40.83 57.68 58.94 60.28 55.32 50.65 37.35 43.94
51.95 51.95 51.95 51.95 51.95 51.95 51.95 51.95 51.95 51.95 51.95 51.95 51.95 51.95 51.95 21.00
41.44 47.18 48.18 51.72 42.53 36.97 37.72 40.83 40.46 45.68 48.97 33.23 43.83 49.67 49.28 47.88 51.02 50.38 43.15 36.97 46.77 37.64 36.14 40.52 46.55 38.85 49.38 46.70 51.72 33.86 47.47
48.17 52.89 46.87 53.74 47.97 38.31 46.08 48.16 48.22 51.80 52.02 36.06 50.48 51.24 53.08 51.98 53.71 53.74 48.92 38.31 50.79 38.70 40.38 50.46 48.31 53.02 49.25 50.59 53.74 43.01 42.42
42.17 42.17 42.17 42.17 42.17 42.17 42.17 42.17 42.17 42.17 42.17 42.17 42.17 42.17 42.17 42.17 42.17 42.17 42.17 42.17 42.17 42.17 42.17 42.17 42.17 42.17 42.17 42.17 42.17 42.17 31.66
47.97 34.96 45.37 46.20 33.41 38.29 31.90 43.37 34.42 39.35 40.65 42.30 39.98 37.52 28.00 43.46 41.32 47.55 37.46 44.18 45.28 44.14 37.32 50.87 35.02 44.29 41.09 35.44 41.30 32.89 40.00
47.43 34.02 47.43 43.45 41.54 43.68 41.17 44.98 37.36 41.62 42.46 44.60 37.31 42.48 38.76 39.93 44.98 45.32 43.97 45.69 44.94 44.80 34.25 46.61 42.14 42.49 42.93 37.81 44.23 40.83 40.00
55.09 55.09 55.09 55.09 55.09 55.09 55.09 55.09 55.09 55.09 55.09 55.09 55.09 55.09 55.09 55.09 55.09 55.09 55.09 55.09 55.09 55.09 55.09 55.09 55.09 55.09 55.09 55.09 55.09 55.09 27.00
37.52 27.32 36.03 29.46 44.09 44.09 35.50 44.09 35.50 33.79 27.62 42.30 44.09 41.91 26.26 25.77 26.27 22.78 37.25 44.09 44.09 44.09 32.81 44.09 29.76 37.62 35.50 42.67 39.31 21.45 30.64
30.14 19.05 30.14 26.17 30.14 30.14 30.14 30.14 30.14 28.93 24.18 28.99 30.14 30.14 19.09 23.96 24.18 23.75 27.04 30.14 30.14 30.14 30.14 30.14 25.93 30.14 30.14 30.14 30.14 17.53 20.62
34.00 34.00 34.00 34.00 34.00 34.00 34.00 34.00 31.00 34.00 34.00 34.00 34.00 31.00 34.00 34.00 31.00 31.00 34.00 34.00 34.00 34.00 34.00 34.00 34.00 34.00 34.00 31.00 34.00 34.00 8.00
48.39 50.09 53.66 51.38 52.80 49.32 53.82 49.65 34.82 50.27 52.52 54.41 44.16 35.25 33.51 56.21 44.16 48.49 54.84 35.53 44.19 35.89 57.36 46.77 50.96 49.33 40.22 48.29 48.49 43.42 47.87
49.50 57.84 57.84 56.76 51.78 51.78 53.87 55.66 44.22 56.70 52.13 57.77 57.84 51.96 36.22 57.49 53.46 57.82 53.31 42.02 55.32 41.80 57.76 53.64 57.84 52.69 44.88 52.50 57.82 51.06 42.62
55.25 55.25 55.25 55.25 55.25 55.25 55.25 55.25 55.25 55.25 55.25 55.25 55.25 55.25 55.25 55.25 55.25 55.25 55.25 55.25 55.25 55.25 55.25 55.25 55.25 55.25 55.25 55.25 55.25 55.25 21.00
191.53 146.35 154.73 175.38 152.97 173.18 113.40 99.64 173.79 139.21 105.44 192.74 181.22 165.47 185.64 142.34
164.25 159.26 148.40 164.25 153.43 164.19 111.98 97.98 164.25 142.55 119.86 164.25 164.25 163.06 164.23 115.27
178.12 178.12 178.12 178.12 178.12 178.12 178.12 178.12 178.12 178.12 178.12 178.12 178.12 178.12 178.12 49.00
93.86 138.23 116.31 84.00 106.37 124.55 106.59 124.89 84.00 127.90 99.00 95.42 84.40 124.59 116.74 120.00
139.44 145.64 127.61 96.42 139.14 145.64 136.96 140.72 96.42 145.54 113.87 120.20 132.39 142.28 142.63 113.44
182.03 182.03 182.03 182.03 182.03 182.03 182.03 182.03 182.03 182.03 182.03 182.03 182.03 182.03 182.03 65.00
158.90 113.53 148.72 142.06 103.16 131.30 96.14 164.42 147.96 128.82 100.49 161.59 96.14 124.17 113.99 137.34
138.13 120.37 138.13 135.88 114.64 134.27 96.31 138.13 131.07 128.82 100.14 138.13 96.31 113.00 132.02 113.31
124.59 124.59 124.59 124.59 124.59 124.59 124.59 124.59 124.59 124.59 124.59 124.59 124.59 124.59 124.59 76.00
122.60 166.51 134.47 171.78 164.03 112.84 171.94 117.48 146.45 142.44 129.16 154.50 141.15 136.75 126.22 161.20
123.27 165.02 159.59 164.19 161.03 115.47 163.32 128.96 158.10 157.26 142.64 156.65 155.21 146.68 116.77 135.84
109.27 109.27 109.27 109.27 109.27 109.27 109.27 109.27 109.27 109.27 109.27 109.27 109.27 109.27 109.27 103.00
172.89 141.94 144.15 153.73 142.57 163.72 106.83 92.83 162.41 126.11 110.79 173.59 172.80 150.51 172.25 134.24 133.83 105.43 105.43 111.03 155.20 122.84 131.64 105.14 143.28 154.50 156.11 95.17 146.26 172.52 132.62
137.06 132.26 130.05 137.06 135.09 137.06 97.70 85.49 136.65 126.71 102.57 136.62 137.06 133.74 137.06 132.17 129.62 96.79 96.79 102.19 136.17 122.78 123.67 111.25 137.06 136.63 137.06 91.39 135.00 137.06 100.57
169.59 169.59 169.59 169.59 169.59 169.59 169.59 169.59 169.59 169.59 169.59 169.59 169.59 169.59 169.59 169.59 169.59 169.59 169.59 169.59 169.59 169.59 169.59 169.59 169.59 169.59 169.59 169.59 169.59 169.59 49.00
124.27 154.33 141.27 93.64 128.93 137.85 110.61 144.93 93.64 149.42 124.50 107.21 115.52 149.95 148.68 165.13 146.73 152.72 158.94 123.09 142.37 164.20 99.27 153.48 145.68 162.60 84.00 144.58 84.00 153.27 120.00
154.05 162.51 147.76 114.34 149.33 157.77 134.23 158.96 114.34 161.07 136.54 122.28 158.03 155.34 155.54 162.51 162.32 162.15 160.72 160.18 154.88 162.51 140.76 158.33 151.38 162.51 113.85 157.90 95.80 162.22 112.71
138.88 138.88 138.88 138.88 138.88 138.88 138.88 138.88 138.88 138.88 138.88 138.88 138.88 138.88 138.88 138.88 138.88 138.88 138.88 138.88 138.88 138.88 138.88 138.88 138.88 138.88 138.88 138.88 138.88 138.88 46.00
154.25 119.59 160.45 157.48 115.88 133.29 97.17 172.12 156.76 132.63 114.67 171.46 110.11 130.86 117.35 156.66 135.51 140.43 134.66 162.65 118.39 129.63 113.66 167.43 158.41 164.91 94.51 152.96 143.66 144.77 135.02
144.29 129.70 145.73 146.09 110.73 134.84 98.30 146.27 144.23 133.29 117.36 146.27 115.68 127.79 120.67 136.80 135.21 139.52 139.99 146.27 125.84 134.79 120.33 143.68 145.04 144.62 91.08 135.52 139.61 142.81 107.16
148.30 148.30 148.30 148.30 148.30 141.94 148.30 148.30 148.30 148.30 148.30 148.30 148.30 148.30 141.94 148.30 148.30 148.30 148.30 148.30 141.94 148.30 148.30 148.30 148.30 148.30 148.30 148.30 148.30 148.30 52.00
120.46 167.14 152.40 170.38 164.40 110.17 178.91 110.53 160.91 146.44 138.51 155.53 147.79 163.26 126.48 149.04 167.13 152.70 161.65 123.24 148.56 162.49 128.22 161.94 156.07 110.17 142.24 155.72 110.17 120.06 157.39
117.69 149.33 149.83 145.55 146.92 106.13 153.55 110.32 153.23 143.51 136.76 139.80 139.93 145.29 128.27 147.57 147.76 144.25 151.79 132.62 142.19 151.64 137.72 152.35 137.64 106.13 139.90 149.60 106.13 121.29 124.86
90.77 90.77 90.77 90.77 90.77 90.77 90.77 90.77 90.77 90.77 90.77 90.77 90.77 90.77 90.77 90.77 90.77 90.77 90.77 90.77 90.77 90.77 90.77 90.77 90.77 90.77 90.77 90.77 90.77 90.77 84.00
