55.04 45.45 52.30 53.12 40.72 37.64 42.13 55.99 53.83 59.16 52.86 34.64 35.06 53.85 47.22 49.48
63.39 64.02 60.26 64.45 62.88 43.64 52.55 63.16 64.45 64.42 64.45 40.64 53.74 59.20 54.64 47.81
33.67 33.67 33.67 33.67 33.67 33.67 33.67 33.67 33.67 33.67 33.67 33.67 33.67 33.67 33.67 33.67
54.25 39.75 54.05 54.19 46.49 51.84 39.52 41.94 44.04 45.74 50.65 49.91 44.62 50.71 37.93 40.00
55.05 42.15 55.15 52.74 50.22 51.36 48.06 50.41 47.52 51.79 52.79 50.68 47.15 51.51 45.77 40.00
86.22 86.22 91.24 86.22 86.22 91.24 86.22 86.22 91.24 86.22 91.24 91.24 86.22 91.24 86.22 27.00
48.85 40.56 58.40 44.45 57.89 57.32 58.40 57.32 54.29 56.02 31.65 53.94 61.21 55.95 38.90 34.00
50.22 34.33 50.22 44.79 50.22 50.22 50.22 50.22 49.06 49.13 28.59 50.22 50.22 46.72 36.37 33.63
75.00 75.00 75.00 75.00 75.00 75.00 75.00 75.00 75.00 75.00 75.00 75.00 75.00 75.00 75.00 15.00
53.98 50.83 54.82 51.68 46.53 37.64 44.45 55.72 54.38 56.91 47.87 34.64 34.67 52.45 40.51 49.48
64.00 64.45 60.26 64.45 62.63 43.64 51.93 63.79 63.92 64.45 64.45 40.64 54.26 58.37 54.64 47.81
33.67 33.67 33.67 33.67 33.67 33.67 33.67 33.67 33.67 33.67 33.67 33.67 33.67 33.67 33.67 33.67
45.02 33.89 42.98 43.52 32.84 33.58 32.30 34.90 32.40 43.51 43.21 38.20 38.54 39.16 28.00 40.00
54.37 41.37 54.37 51.00 49.82 53.83 43.73 53.45 46.77 45.61 50.28 48.97 47.99 52.32 46.43 40.00
89.52 89.52 94.95 89.52 89.52 94.95 89.52 89.52 94.95 89.52 94.95 94.95 89.52 94.95 89.52 27.00
55.92 44.74 64.59 50.09 63.29 62.00 64.59 62.00 63.44 61.55 36.03 62.14 66.67 56.71 45.71 34.00
50.22 31.56 50.22 49.28 50.22 50.22 50.22 50.22 48.87 49.15 28.59 50.22 50.22 46.92 34.63 33.63
77.00 77.00 77.00 77.00 77.00 77.00 77.00 77.00 77.00 77.00 77.00 77.00 77.00 77.00 77.00 15.00
59.39 53.06 79.52 68.75 79.52 79.28 79.52 60.29 49.39 75.77 72.39 72.29 53.06 53.06 41.39 59.13
52.21 58.09 60.66 60.28 59.87 58.57 61.01 59.57 45.54 56.80 59.96 60.79 57.20 46.61 37.68 44.33
48.22 48.22 48.22 48.22 48.22 48.22 48.22 48.22 48.22 48.22 48.22 48.22 48.22 48.22 48.22 21.00
52.24 53.92 56.93 58.33 51.13 41.37 43.83 52.39 51.97 51.96 58.30 34.26 47.92 53.47 53.93 52.83 55.34 52.44 49.20 41.37 52.72 38.32 39.61 46.47 46.69 46.84 53.49 50.32 58.33 40.50 48.95
55.97 59.99 52.82 59.99 59.00 41.49 48.07 53.10 53.10 59.99 59.99 38.67 55.05 57.18 59.99 57.50 59.99 59.85 53.55 41.49 58.48 41.42 43.75 57.18 51.49 57.83 59.90 55.02 59.99 54.17 45.50
39.16 39.16 39.16 39.16 39.16 39.16 39.16 39.16 39.16 39.16 39.16 39.16 39.16 39.16 39.16 39.16 39.16 39.16 39.16 39.16 39.16 39.16 39.16 39.16 39.16 39.16 39.16 39.16 39.16 39.16 31.75
50.07 35.60 46.03 47.13 30.53 42.05 33.54 42.59 37.47 42.08 40.46 44.16 43.54 40.06 28.46 38.84 40.14 42.77 39.28 47.43 46.66 44.48 36.96 50.30 39.54 41.01 37.48 33.74 41.56 35.57 40.00
49.69 36.79 49.63 45.79 42.20 49.59 45.26 49.86 40.14 42.47 45.64 46.01 37.81 44.90 38.56 41.41 49.86 46.82 46.26 49.55 48.53 46.01 34.80 48.87 48.27 42.97 46.61 39.25 45.04 44.10 40.00
56.70 56.70 56.70 56.70 56.70 56.70 56.70 56.70 56.70 56.70 56.70 56.70 56.70 56.70 56.70 56.70 56.70 56.70 56.70 56.70 56.70 56.70 56.70 56.70 56.70 56.70 56.70 56.70 56.70 56.70 27.00
38.15 24.74 38.91 27.71 42.75 43.59 38.91 40.59 37.97 36.08 27.73 39.17 40.59 39.45 24.86 24.65 28.08 25.22 36.65 44.09 44.09 44.09 29.26 44.09 34.66 38.15 38.91 42.75 41.11 21.45 30.64
30.14 20.29 30.14 27.76 30.14 30.14 30.14 30.14 30.14 28.91 24.53 28.76 30.14 30.14 20.14 18.53 22.53 19.53 30.14 30.14 30.14 30.14 30.14 30.14 30.14 30.14 30.14 30.14 30.14 17.53 20.62
34.00 34.00 34.00 34.00 34.00 34.00 34.00 34.00 31.00 34.00 34.00 34.00 34.00 31.00 34.00 34.00 31.00 31.00 34.00 34.00 34.00 34.00 34.00 34.00 34.00 34.00 34.00 31.00 34.00 34.00 8.00
43.30 48.91 50.97 51.95 50.62 47.25 50.62 46.32 41.15 52.92 55.74 46.36 46.92 35.37 33.51 60.38 45.63 44.79 55.06 36.75 47.38 38.41 57.66 53.41 48.91 48.82 37.40 50.86 44.79 45.80 47.87
51.13 60.19 60.19 60.08 58.43 57.87 58.43 55.37 44.60 59.35 57.03 56.89 58.04 51.92 37.30 60.19 53.95 60.13 56.12 40.51 58.00 40.56 60.17 56.12 60.19 58.28 47.58 55.95 60.13 54.56 43.89
48.64 48.64 48.64 48.64 48.64 48.64 48.64 48.64 48.64 48.64 48.64 48.64 48.64 48.64 48.64 48.64 48.64 48.64 48.64 48.64 48.64 48.64 48.64 48.64 48.64 48.64 48.64 48.64 48.64 48.64 21.00
182.82 150.71 143.98 180.90 140.95 169.90 112.90 98.90 173.32 134.82 109.41 186.69 184.18 176.27 182.39 141.29
162.14 152.37 148.32 162.14 150.61 161.42 112.05 96.13 161.61 147.53 114.53 162.14 162.14 161.58 162.14 113.10
165.91 165.91 165.91 165.91 165.91 165.91 165.91 165.91 165.91 165.91 165.91 165.91 165.91 165.91 165.91 49.00
119.47 147.03 124.19 84.00 124.38 139.65 108.31 135.19 84.00 141.95 107.53 98.12 105.15 132.13 136.21 120.00
132.69 140.57 124.25 94.28 139.88 140.57 126.10 140.57 94.28 136.03 111.33 117.26 126.03 138.38 136.77 110.92
170.79 170.79 170.79 170.79 170.79 170.79 170.79 170.79 170.79 170.79 170.79 170.79 170.79 170.79 170.79 65.00
154.56 113.28 146.88 134.38 107.72 128.80 89.38 154.64 141.07 120.59 100.07 155.11 95.68 118.37 111.15 127.68
53.59 48.06 48.89 52.06 41.87 36.34 44.58 55.05 54.29 56.78 51.25 34.64 34.77 54.18 45.11 49.48
63.96 64.45 60.26 64.45 63.61 43.64 51.64 64.08 64.45 64.45 64.45 40.64 53.94 57.23 54.64 47.81
33.33 33.33 33.33 33.33 33.33 33.33 33.33 33.33 33.33 33.33 33.33 33.33 33.33 33.33 33.33 33.33
61.20 47.67 60.88 61.40 49.66 56.89 48.24 53.74 46.75 53.43 50.76 57.56 50.41 53.88 43.18 40.00
51.83 38.83 51.83 49.59 46.43 50.92 47.95 47.73 43.63 44.72 51.41 45.84 42.66 45.28 44.25 40.00
90.77 90.77 96.09 90.77 90.77 96.09 90.77 90.77 96.09 90.77 96.09 96.09 90.77 96.09 90.77 27.00
62.35 44.04 63.86 59.69 70.02 64.91 61.33 64.91 57.78 69.58 42.47 65.89 70.06 60.95 50.70 34.00
49.92 34.86 50.22 47.66 50.22 50.22 50.02 50.22 48.86 49.17 28.59 48.34 50.22 44.55 38.26 33.63
77.00 77.00 77.00 77.00 77.00 77.00 77.00 77.00 77.00 77.00 77.00 77.00 77.00 77.00 77.00 15.00
60.92 53.06 79.52 68.13 78.97 78.97 79.52 59.32 49.39 76.29 72.25 72.85 53.06 53.06 41.39 59.13
55.07 60.84 60.73 58.76 59.84 58.95 61.01 57.32 45.68 55.92 55.80 61.01 57.29 48.95 37.68 44.33
52.24 52.24 52.24 52.24 52.24 52.24 52.24 52.24 52.24 52.24 52.24 52.24 52.24 52.24 52.24 21.00
48.59 52.92 52.50 57.37 45.91 41.37 45.47 48.96 48.88 54.00 56.09 34.26 49.11 55.25 54.60 59.22 55.90 54.22 48.34 41.37 50.63 41.84 39.08 45.91 48.01 46.12 53.44 51.23 57.37 41.20 48.95
56.50 60.58 52.37 60.58 57.86 41.79 48.49 52.73 52.73 59.73 60.36 38.92 57.42 57.01 60.58 59.57 60.58 60.58 56.87 41.79 59.46 41.68 43.81 58.44 51.79 60.54 60.14 55.88 60.58 53.29 45.79
46.48 46.48 46.48 46.48 46.48 46.48 46.48 46.48 46.48 46.48 46.48 46.48 46.48 46.48 46.48 46.48 46.48 46.48 46.48 46.48 46.48 46.48 46.48 46.48 46.48 46.48 46.48 46.48 46.48 46.48 31.00
50.76 39.94 48.85 49.04 36.66 44.49 36.80 43.14 36.03 44.81 37.79 47.05 42.45 41.68 29.60 42.14 40.30 46.38 37.19 47.78 51.22 48.61 36.28 52.81 38.02 43.31 37.38 41.42 44.03 37.03 40.00
45.78 34.14 47.14 43.37 42.29 46.33 41.16 47.14 40.26 40.73 41.25 42.38 38.63 39.35 37.17 38.07 46.82 41.01 42.58 45.94 46.36 43.24 34.14 45.78 42.95 40.92 44.78 39.51 43.38 38.26 40.00
52.39 52.39 52.39 52.39 52.39 52.39 52.39 52.39 52.39 52.39 52.39 52.39 52.39 52.39 52.39 52.39 52.39 52.39 52.39 52.39 52.39 52.39 52.39 52.39 52.39 52.39 52.39 52.39 52.39 52.39 27.00
39.65 24.23 35.42 33.44 44.09 44.09 35.42 44.09 35.42 39.65 25.45 41.11 44.09 41.54 22.89 26.91 25.45 22.45 35.29 44.09 44.09 44.09 29.38 44.09 29.22 39.65 35.42 43.49 41.45 21.45 30.64
30.14 24.36 30.14 29.42 30.14 30.14 30.14 30.14 30.14 28.67 22.95 27.49 30.14 30.14 21.60 22.27 21.53 18.53 25.97 30.14 30.14 30.14 30.07 30.14 28.55 30.14 30.14 30.14 30.14 17.53 20.62
34.00 34.00 34.00 34.00 34.00 34.00 34.00 34.00 31.00 34.00 34.00 34.00 34.00 31.00 34.00 34.00 31.00 31.00 34.00 34.00 34.00 34.00 34.00 34.00 34.00 34.00 34.00 31.00 34.00 34.00 8.00
44.37 53.60 52.35 53.78 52.78 46.81 52.78 49.66 33.51 48.87 50.57 51.28 44.74 37.41 33.51 54.38 44.61 53.60 53.74 36.21 44.61 33.82 52.38 50.71 53.60 46.57 40.04 48.61 53.60 43.74 47.87
49.24 60.19 60.17 59.77 55.73 53.38 57.54 56.90 45.30 58.78 58.40 60.06 59.26 55.75 37.30 60.19 57.16 60.19 53.84 41.97 59.04 41.74 58.98 53.84 60.19 55.95 49.43 54.88 59.20 53.43 43.89
55.01 55.01 55.01 55.01 55.01 55.01 55.01 55.01 55.01 55.01 55.01 55.01 55.01 55.01 55.01 55.01 55.01 55.01 55.01 55.01 55.01 55.01 55.01 55.01 55.01 55.01 55.01 55.01 55.01 55.01 21.00
195.78 159.76 147.21 193.60 151.41 173.15 112.97 103.37 185.63 147.78 125.01 198.02 192.16 187.29 194.10 147.68
172.32 167.96 153.50 172.32 161.32 172.32 115.69 101.69 172.32 150.42 128.13 172.32 172.32 172.32 172.32 119.63
159.67 159.67 159.67 159.67 159.67 159.67 159.67 159.67 159.67 159.67 159.67 159.67 159.67 159.67 159.67 49.00
100.12 142.71 116.03 85.15 113.64 124.69 109.64 132.14 85.15 132.74 102.79 98.45 91.41 125.76 120.67 120.00
145.66 150.05 128.05 98.81 146.16 150.05 139.50 150.05 98.81 149.26 113.80 121.81 144.59 145.90 143.30 116.24
191.26 191.26 191.26 191.26 191.26 191.26 191.26 191.26 191.26 191.26 191.26 191.26 191.26 191.26 191.26 65.00
163.56 117.43 151.91 143.95 106.06 132.12 98.03 167.62 147.24 126.63 109.35 165.43 98.03 123.84 115.22 140.04
139.99 124.94 139.99 139.97 112.23 137.49 97.71 139.99 132.66 124.50 104.13 139.99 97.71 116.88 130.80 114.95
128.31 128.31 128.31 128.31 128.31 128.31 128.31 128.31 128.31 128.31 128.31 128.31 128.31 128.31 128.31 76.00
122.48 173.09 143.74 170.22 170.12 116.28 176.17 116.28 156.04 152.86 130.79 151.66 152.71 135.04 119.56 166.12
124.29 166.49 162.59 163.90 164.34 117.36 166.99 126.56 162.43 165.72 148.44 150.57 152.69 146.20 117.36 138.07
109.79 109.79 109.79 109.79 109.79 109.79 109.79 109.79 109.79 109.79 109.79 109.79 109.79 109.79 109.79 103.00
177.42 138.07 148.53 158.59 144.94 168.26 108.94 94.94 166.97 135.43 112.18 176.93 177.01 157.70 177.55 139.56 133.97 107.20 107.20 112.61 151.31 137.63 135.13 113.70 150.78 161.58 159.48 100.37 149.44 181.58 135.63
141.48 133.50 138.79 141.48 134.03 141.48 98.31 87.52 141.48 132.56 115.73 141.43 141.48 141.31 141.48 133.21 130.85 98.26 98.26 112.99 141.12 134.17 126.64 110.01 138.51 140.61 141.48 96.62 137.86 141.48 102.96
159.03 159.03 159.03 159.03 159.03 159.03 159.03 159.03 159.03 159.03 159.03 159.03 159.03 159.03 159.03 159.03 159.03 159.03 159.03 159.03 159.03 159.03 159.03 159.03 159.03 159.03 159.03 159.03 159.03 159.03 49.00
138.53 157.64 139.72 90.21 123.96 136.40 111.74 145.91 90.21 152.01 126.08 105.63 119.46 153.68 143.84 161.36 142.04 152.82 156.91 124.11 147.61 161.58 110.89 156.39 140.84 161.36 84.27 144.32 84.05 149.78 120.00
151.56 164.02 148.28 111.62 153.31 159.59 133.67 162.24 111.62 162.74 136.76 121.41 163.85 155.02 161.15 164.02 163.65 164.02 163.78 163.43 159.43 163.99 141.11 157.86 158.69 164.02 114.02 162.21 96.44 158.74 113.45
133.89 133.89 133.89 133.89 133.89 133.89 133.89 133.89 133.89 133.89 133.89 133.89 133.89 133.89 133.89 133.89 133.89 133.89 133.89 133.89 133.89 133.89 133.89 133.89 133.89 133.89 133.89 133.89 133.89 133.89 46.00
167.39 129.16 154.30 168.51 120.16 147.99 101.86 180.68 158.62 134.55 119.43 175.95 117.79 136.92 122.82 151.23 138.61 151.11 144.64 178.07 127.15 139.84 119.73 170.29 152.21 169.79 97.19 146.41 149.65 156.44 138.84
151.15 136.66 150.55 148.55 112.68 141.08 100.86 151.15 145.33 135.61 124.89 151.15 118.75 128.79 125.71 148.15 134.76 143.71 146.03 151.15 134.89 140.06 127.79 149.77 150.50 149.78 93.34 138.83 142.23 142.66 109.81
153.21 153.21 153.21 153.21 153.21 146.73 153.21 153.21 153.21 153.21 153.21 153.21 153.21 153.21 146.73 153.21 153.21 153.21 153.21 153.21 146.73 153.21 153.21 153.21 153.21 153.21 153.21 153.21 153.21 153.21 52.00
118.24 174.91 142.55 168.89 163.66 110.98 182.20 113.29 162.99 148.57 133.15 157.61 151.24 165.71 117.53 145.72 163.56 152.26 162.58 132.45 150.93 164.24 125.14 167.18 157.15 110.94 142.16 152.19 110.94 114.97 158.48
118.62 171.66 145.91 166.81 156.83 110.97 182.57 111.02 159.44 144.21 135.50 157.97 142.71 158.20 128.56 145.92 165.94 143.57 165.26 126.52 150.43 161.15 130.15 166.40 147.56 110.97 138.96 153.11 110.97 120.27 158.53
118.31 155.54 151.41 151.35 150.71 108.29 156.20 111.79 155.27 144.56 141.24 141.81 146.07 148.94 130.09 145.40 150.69 143.50 154.95 130.48 140.19 156.49 134.88 156.85 143.88 108.29 150.26 152.69 108.29 125.40 127.40
92.28 92.28 92.28 92.28 92.28 92.28 92.28 92.28 92.28 92.28 92.28 92.28 92.28 92.28 92.28 92.28 92.28 92.28 92.28 92.28 92.28 92.28 92.28 92.28 92.28 92.28 92.28 92.28 92.28 92.28 84.00
64.38 64.30 60.24 64.45 62.31 43.64 51.93 63.78 64.45 64.45 64.45 40.64 54.39 58.49 54.64 47.81
33.33 33.33 33.33 33.33 33.33 33.33 33.33 33.33 33.33 33.33 33.33 33.33 33.33 33.33 33.33 33.33
53.24 42.37 55.52 51.56 49.57 55.52 47.86 53.19 49.20 48.20 52.46 53.43 46.92 49.66 49.29 40.00
83.97 83.97 88.51 83.97 83.97 88.51 83.97 83.97 88.51 83.97 88.51 88.51 83.97 88.51 83.97 27.00
50.22 35.77 50.22 45.43 50.22 50.22 50.22 50.22 50.22 49.59 28.59 50.20 50.22 46.86 33.10 33.63
77.00 77.00 77.00 77.00 77.00 77.00 77.00 77.00 77.00 77.00 77.00 77.00 77.00 77.00 77.00 15.00
57.94 59.96 58.22 56.64 60.26 59.05 61.01 56.11 45.68 59.39 55.03 61.01 56.12 52.35 37.68 44.33
53.51 53.51 53.51 53.51 53.51 53.51 53.51 53.51 53.51 53.51 53.51 53.51 53.51 53.51 53.51 21.00
57.36 51.02 52.54 52.55 40.15 37.64 40.81 58.18 55.23 58.28 48.10 34.64 35.25 52.07 46.45 49.48
64.01 64.45 60.26 64.45 63.57 43.64 51.27 64.42 64.45 64.45 64.45 40.64 54.64 57.20 54.64 47.81
33.33 33.33 33.33 33.33 33.33 33.33 33.33 33.33 33.33 33.33 33.33 33.33 33.33 33.33 33.33 33.33
64.65 52.73 68.79 65.59 55.08 63.09 59.09 66.71 56.12 56.25 62.92 60.04 59.26 64.95 47.93 40.00
56.23 43.34 54.53 51.89 53.10 56.13 51.04 54.94 49.36 47.17 52.10 52.59 47.10 51.58 50.15 40.00
91.59 91.59 96.69 91.59 91.59 96.69 91.59 91.59 96.69 91.59 96.69 96.69 91.59 96.69 91.59 27.00
62.64 44.50 70.03 58.53 72.34 66.86 68.77 65.90 64.82 68.01 46.71 67.91 71.38 63.88 50.41 34.00
50.69 37.97 50.69 46.80 50.69 50.69 48.18 50.69 47.83 50.56 30.19 50.61 50.69 49.21 35.77 32.50
77.00 77.00 77.00 77.00 77.00 77.00 77.00 77.00 77.00 77.00 77.00 77.00 77.00 77.00 77.00 15.00
59.67 53.06 79.52 67.99 77.74 77.74 79.52 61.81 49.39 76.29 72.38 74.08 53.06 53.06 41.39 59.13
58.56 59.76 61.01 57.10 59.96 54.28 61.01 54.91 45.68 59.70 56.46 61.01 56.05 52.31 37.68 44.33
53.99 38.43 52.44 50.82 59.01 57.87 52.44 57.87 48.55 60.34 37.29 58.24 61.85 56.36 43.28 34.00
50.22 35.60 50.22 50.12 50.22 50.22 50.22 50.22 49.20 49.11 28.59 50.16 50.22 45.14 34.89 33.63
71.60 71.60 71.60 71.60 71.60 71.60 71.60 71.60 71.60 71.60 71.60 71.60 71.60 71.60 71.60 15.00
59.94 53.06 79.52 68.56 77.44 77.44 79.52 61.83 49.39 75.77 72.34 74.38 53.06 53.06 41.39 59.13
54.56 58.04 59.39 59.43 58.47 58.32 61.01 58.47 45.68 59.47 57.38 61.01 58.64 48.39 37.68 44.33
44.66 44.66 44.66 44.66 44.66 44.66 44.66 44.66 44.66 44.66 44.66 44.66 44.66 44.66 44.66 21.00
46.94 55.02 53.16 58.63 49.37 41.36 41.95 47.79 47.79 52.85 56.13 34.26 46.80 54.90 55.14 52.70 57.53 55.28 48.91 41.36 53.33 40.92 40.00 46.14 51.35 44.30 51.93 53.03 58.63 39.68 48.95
55.95 60.51 53.17 60.51 59.28 41.78 49.24 52.89 52.89 59.89 60.51 38.87 57.99 55.94 60.51 59.03 60.51 60.51 54.89 41.78 60.04 41.67 44.86 57.37 51.78 58.55 60.51 55.51 60.51 53.35 45.73
39.50 39.50 39.50 39.50 39.50 39.50 39.50 39.50 39.50 39.50 39.50 39.50 39.50 39.50 39.50 39.50 39.50 39.50 39.50 39.50 39.50 39.50 39.50 39.50 39.50 39.50 39.50 39.50 39.50 39.50 31.33
49.68 35.69 42.37 47.79 33.10 36.53 34.09 42.52 40.14 37.91 37.02 41.40 38.48 34.21 28.00 39.85 41.72 42.74 36.95 41.38 46.57 43.93 32.42 50.07 38.02 43.03 40.09 33.96 39.79 34.62 40.00
48.76 36.11 48.73 46.01 39.61 46.78 47.52 49.11 41.45 38.99 44.90 46.78 43.02 35.82 37.95 40.56 49.11 43.86 46.86 47.70 46.22 48.42 34.00 48.56 46.85 42.63 48.46 35.05 43.82 46.36 40.00
57.19 57.19 57.19 57.19 57.19 57.19 57.19 57.19 57.19 57.19 57.19 57.19 57.19 57.19 57.19 57.19 57.19 57.19 57.19 57.19 57.19 57.19 57.19 57.19 57.19 57.19 57.19 57.19 57.19 57.19 27.00
40.42 24.25 35.58 34.10 42.88 44.09 33.80 44.09 31.03 40.42 28.24 38.98 44.09 44.09 27.80 24.85 26.61 23.66 35.40 44.09 42.92 44.09 34.93 44.09 28.45 40.70 33.80 42.88 41.40 21.45 30.64
30.14 19.44 30.14 26.52 30.14 30.14 30.14 30.14 30.14 28.78 24.53 28.82 30.14 30.14 21.15 19.54 22.85 22.38 29.26 30.14 30.14 30.14 29.37 30.14 28.76 30.14 30.14 30.14 30.14 17.53 20.62
34.00 34.00 34.00 34.00 34.00 34.00 34.00 34.00 31.00 34.00 34.00 34.00 34.00 31.00 34.00 34.00 31.00 31.00 34.00 34.00 34.00 34.00 34.00 34.00 34.00 34.00 34.00 31.00 34.00 34.00 8.00
42.87 52.82 51.63 52.87 52.55 45.91 53.14 46.85 33.51 49.88 49.92 46.02 51.15 37.89 33.51 51.75 48.14 51.95 51.78 39.71 48.75 35.51 52.46 53.34 53.37 49.84 33.51 49.17 51.95 44.17 47.87
50.45 60.19 60.19 59.00 55.75 55.52 56.81 57.74 45.20 57.29 57.51 59.77 58.94 54.86 37.30 60.07 55.11 59.65 58.16 41.94 56.30 43.56 60.19 57.97 60.19 52.86 48.20 55.03 58.40 53.11 43.89
55.21 55.21 55.21 55.21 55.21 55.21 55.21 55.21 55.21 55.21 55.21 55.21 55.21 55.21 55.21 55.21 55.21 55.21 55.21 55.21 55.21 55.21 55.21 55.21 55.21 55.21 55.21 55.21 55.21 55.21 21.00
200.23 156.41 156.35 193.80 153.81 180.79 118.27 104.27 184.82 145.11 122.87 200.97 195.54 189.64 199.50 148.95
175.45 167.94 157.38 175.45 163.24 175.45 117.13 103.13 175.45 152.24 136.60 175.45 175.45 175.45 175.45 121.32
150.89 150.89 150.89 150.89 150.89 150.89 150.89 150.89 150.89 150.89 150.89 150.89 150.89 150.89 150.89 49.00
101.04 142.35 117.28 84.04 109.31 129.31 111.48 129.69 84.04 129.92 101.44 103.47 92.76 128.14 127.24 120.00
142.86 150.05 128.05 98.81 149.13 150.05 142.65 149.73 98.81 150.05 113.81 121.72 141.44 144.99 143.63 116.24
184.67 184.67 184.67 184.67 184.67 184.67 184.67 184.67 184.67 184.67 184.67 184.67 184.67 184.67 184.67 65.00
161.88 115.35 152.93 138.91 105.52 128.50 98.05 167.50 148.30 133.28 110.47 164.18 98.05 125.32 116.91 140.08
143.05 130.10 143.05 139.86 110.08 138.13 98.64 143.05 140.26 133.58 105.75 143.05 98.64 119.73 135.42 116.04
125.75 125.75 125.75 125.75 125.75 125.75 125.75 125.75 125.75 125.75 125.75 125.75 125.75 125.75 125.75 76.00
118.96 174.22 124.07 174.93 154.73 113.85 174.00 113.85 142.29 140.60 122.09 154.95 145.78 130.72 124.78 162.65
123.85 161.10 162.53 162.32 162.61 117.31 162.35 128.50 154.69 162.13 140.32 153.52 153.85 144.71 117.37 138.01
109.68 109.68 109.68 109.68 109.68 109.68 109.68 109.68 109.68 109.68 109.68 109.68 109.68 109.68 109.68 103.00
176.93 139.32 142.43 160.49 144.97 165.43 108.36 94.36 165.65 130.18 112.26 174.54 176.22 152.32 177.45 138.13 135.21 105.75 105.75 110.52 159.64 129.23 133.41 111.36 149.35 159.54 159.54 100.19 150.28 180.06 134.81
143.82 140.05 139.48 143.82 140.87 143.82 99.93 88.59 143.82 129.46 117.19 143.82 142.84 143.82 143.82 135.73 139.35 99.93 99.93 113.27 143.82 127.64 129.59 113.42 140.10 143.82 140.98 99.38 142.79 143.82 104.23
172.80 172.80 172.80 172.80 172.80 172.80 172.80 172.80 172.80 172.80 172.80 172.80 172.80 172.80 172.80 172.80 172.80 172.80 172.80 172.80 172.80 172.80 172.80 172.80 172.80 172.80 172.80 172.80 172.80 172.80 49.00
128.80 158.21 141.40 92.80 125.94 140.30 110.48 141.14 92.80 150.60 124.26 108.46 121.68 148.66 147.03 162.07 143.14 158.55 160.99 124.68 151.52 157.55 102.26 153.18 144.03 161.83 84.58 149.56 84.11 151.45 120.00
151.85 163.81 148.21 112.78 156.01 160.60 135.40 162.60 112.78 161.84 136.51 123.48 161.72 155.68 159.46 163.01 162.59 163.79 163.82 162.89 154.16 163.82 139.45 158.37 156.46 163.82 115.74 156.12 96.41 163.09 113.42
147.34 147.34 147.34 147.34 147.34 147.34 147.34 147.34 147.34 147.34 147.34 147.34 147.34 147.34 147.34 147.34 147.34 147.34 147.34 147.34 147.34 147.34 147.34 147.34 147.34 147.34 147.34 147.34 147.34 147.34 46.00
172.51 131.22 155.52 162.52 123.72 146.03 101.78 182.44 163.48 136.30 121.57 175.14 117.88 131.00 121.38 160.23 134.59 144.66 142.27 179.32 130.19 142.80 122.81 174.76 152.40 175.64 97.89 159.39 153.42 152.97 139.84
151.27 138.49 152.31 153.15 115.78 137.35 102.24 153.16 150.06 141.09 127.09 153.16 117.87 126.29 132.05 144.73 138.04 147.53 148.60 153.16 136.48 138.76 129.72 150.78 152.31 152.84 94.26 143.03 141.65 150.47 110.90
134.11 134.11 134.11 134.11 134.11 129.00 134.11 134.11 134.11 134.11 134.11 134.11 134.11 134.11 129.00 134.11 134.11 134.11 134.11 134.11 129.00 134.11 134.11 134.11 134.11 134.11 134.11 134.11 134.11 134.11 52.00
119.07 172.02 146.56 163.77 161.87 110.95 179.19 110.95 165.72 150.61 133.11 161.96 145.23 157.33 125.07 145.59 157.38 149.55 167.13 128.81 147.79 164.98 134.43 168.67 149.03 110.95 140.72 153.96 110.95 119.45 158.50
115.80 152.99 144.68 151.07 150.48 107.53 155.22 111.78 155.77 142.93 141.10 145.89 133.49 152.32 130.23 144.49 150.74 147.50 155.25 131.99 149.19 154.04 134.11 153.98 143.03 107.53 145.78 148.39 107.53 122.62 126.50
84.00 84.00 84.00 84.00 84.00 84.00 84.00 84.00 84.00 84.00 84.00 84.00 84.00 84.00 84.00 84.00 84.00 84.00 84.00 84.00 84.00 84.00 84.00 84.00 84.00 84.00 84.00 84.00 84.00 84.00 84.00
