# CMLP_21.dat
300 30 100 125
8.527 447.336
107.316  251.187  1
 34.408  462.155  1
178.610  486.015  1
 57.073  389.019  1
376.797  246.258  1
487.376  185.245  1
167.870  261.373  1
379.294  458.632  1
224.908   23.094  1
 79.638  305.264  1
162.418  440.258  1
187.321  329.016  1
337.274  211.209  1
279.408  199.883  1
 67.069   61.163  1
468.458   33.276  1
257.082   26.548  1
226.466  168.741  1
236.083  439.151  1
249.084  491.279  1
341.794  394.589  1
290.870  377.204  1
222.407  359.611  1
488.441  258.196  1
346.268   53.513  1
210.953   35.735  1
452.164  171.183  1
215.566  468.942  1
111.273   84.857  1
434.182  194.729  1
332.783  237.735  1
370.579  319.726  1
339.040  307.137  1
209.407   65.306  1
142.453  289.715  1
434.547   38.174  1
 88.080  303.040  1
459.328    1.435  1
360.862   39.737  1
330.014  233.456  1
135.959   60.875  1
 88.041  101.475  1
247.355  112.862  1
 93.465  104.064  1
126.053  412.705  1
187.328  262.011  1
 55.451  351.117  1
269.018  474.209  1
298.087   96.845  1
366.358  235.358  1
319.269  347.520  1
327.746  187.003  1
154.703  203.804  1
301.682   93.783  1
 29.132  475.074  1
229.938   83.134  1
380.741  319.881  1
406.227  476.058  1
451.955  217.575  1
350.341   34.714  1
319.936  415.822  1
 78.181   91.065  1
383.857  167.570  1
238.837  293.161  1
 93.412  380.285  1
322.770  185.959  1
149.935  209.265  1
 31.371  352.070  1
191.062  191.537  1
199.638  466.600  1
276.240    6.677  1
 14.916  201.185  1
495.008  363.961  1
 31.099   14.968  1
 70.709   91.408  1
265.979  255.532  1
450.337   83.549  1
483.114   35.297  1
110.351  491.382  1
157.909  358.196  1
437.712  237.244  1
111.719  106.320  1
 38.827  300.038  1
432.124  267.331  1
345.733  433.676  1
375.960  204.034  1
274.300  421.776  1
404.718  102.509  1
432.900  410.633  1
408.465  376.016  1
130.433  241.940  1
131.101  197.369  1
217.874  233.141  1
196.854  362.257  1
138.132   73.544  1
 98.721  299.148  1
204.915  446.833  1
259.344   57.345  1
188.279  406.187  1
185.616  195.788  1
 64.688  337.191  1
 97.619  138.072  1
  4.307  254.983  1
274.035  344.323  1
 89.128  434.123  1
430.313  234.623  1
477.707  239.707  1
  6.091  167.638  1
269.818  438.972  1
 21.622  225.984  1
 67.544  264.038  1
478.786  229.242  1
303.773  395.169  1
197.966  260.256  1
474.164  231.531  1
452.847  157.359  1
 30.451   39.577  1
 51.528  448.536  1
176.442  422.941  1
439.853  431.461  1
 39.723  272.391  1
251.254  306.844  1
462.205  293.586  1
197.024   78.889  1
337.176  356.311  1
 27.182  196.043  1
 16.973   23.123  1
326.415   21.181  1
284.891   86.857  1
113.466   28.827  1
270.889  312.605  1
388.521  412.697  1
225.981  246.756  1
423.762  449.706  1
496.915  183.683  1
242.169  389.506  1
350.121  286.331  1
125.156   67.435  1
316.026  428.719  1
321.725  357.488  1
344.492  209.220  1
298.160  248.007  1
276.678  178.011  1
  4.702  229.581  1
103.403  415.749  1
321.625   35.433  1
250.957  204.098  1
126.206  352.432  1
382.633  202.702  1
459.901  431.624  1
196.402  205.168  1
410.083  244.183  1
156.234  427.054  1
289.802   72.097  1
279.845  185.449  1
310.854   13.759  1
495.496  471.713  1
226.146  456.140  1
394.174   95.390  1
 50.128  497.782  1
216.363   53.434  1
446.207  351.796  1
434.867  332.949  1
120.374   80.131  1
409.810  191.636  1
341.821  162.883  1
195.610  368.897  1
195.217  264.004  1
458.829  182.330  1
418.720  423.990  1
356.830   92.524  1
391.948  497.794  1
172.857  307.484  1
155.891  204.934  1
207.058  191.282  1
 21.523  254.316  1
300.740  383.692  1
486.606  344.013  1
327.975  156.315  1
317.700   11.417  1
135.395    2.018  1
 18.979  431.759  1
359.566   84.863  1
361.581  290.922  1
196.259  251.138  1
361.587  143.840  1
221.337  303.377  1
208.308  459.130  1
273.577  101.779  1
348.807  449.279  1
 32.042   86.658  1
 13.718  284.110  1
308.109  326.336  1
432.471  426.082  1
 26.655  190.020  1
213.624  421.469  1
276.000   18.714  1
229.047  496.538  1
227.916   13.349  1
 33.779  312.677  1
470.429  426.575  1
236.361  331.429  1
415.205   98.618  1
329.051  404.227  1
268.180   37.786  1
397.221  455.576  1
483.592  167.560  1
300.097  468.798  1
186.839  270.460  1
456.766  249.001  1
159.032  180.525  1
358.734  270.424  1
189.685  220.783  1
264.922  202.437  1
 95.830  389.645  1
454.495  201.784  1
232.663  301.445  1
337.494   99.095  1
186.570   12.649  1
429.189  104.212  1
118.965  422.908  1
275.296  199.100  1
140.745  195.236  1
340.694  384.605  1
274.233   18.701  1
166.364  238.674  1
297.010  380.616  1
309.587  423.670  1
 65.102  413.424  1
178.475  202.265  1
346.146  123.009  1
453.558   61.798  1
186.704  139.900  1
425.617  184.477  1
115.612  274.188  1
 79.645  342.556  1
389.113  357.960  1
106.727  291.393  1
135.824  396.197  1
218.098  434.513  1
208.859   27.675  1
478.728   21.803  1
453.231  134.397  1
 45.713   31.837  1
458.832  419.573  1
386.547  244.160  1
 63.195  471.467  1
169.120  374.923  1
277.240  174.235  1
 79.480  344.979  1
211.353  460.497  1
 55.734   12.413  1
399.886   85.285  1
131.658  379.811  1
384.821   50.091  1
 77.494  423.921  1
 42.094   11.940  1
414.181   29.500  1
 40.892  168.388  1
 37.400  388.772  1
414.193   38.329  1
 46.712  120.112  1
 19.594  117.866  1
463.890  125.270  1
484.972  414.220  1
232.820   36.146  1
226.607   83.105  1
310.305   98.296  1
441.814  156.456  1
 72.174  190.754  1
187.213  129.931  1
333.980  368.463  1
398.340  178.636  1
428.248  260.479  1
157.183  388.119  1
327.827  428.081  1
359.821  274.477  1
  8.597  131.611  1
446.077  294.106  1
312.587  164.240  1
286.255   38.340  1
331.012  260.035  1
439.872  118.036  1
177.162  179.310  1
  5.242  103.068  1
414.160  123.594  1
453.888  398.842  1
342.652  369.106  1
 15.846  347.609  1
154.679  163.043  1
156.479   62.330  1
325.235   75.399  1
170.156  432.899  1
479.244  185.985  1
458.044  439.345  1
354.850  343.384  1
103.774   66.834  1
338.030   17.808  1
380.546  285.029  1
426.964  341.352  1
151.835  186.925
362.591  179.315
 13.894  357.588
310.850  246.184
 53.059  132.819
345.808  392.220
480.361   28.702
 53.494  215.296
 59.723  302.108
 10.854  345.485
137.206  419.610
 67.743  467.694
 74.385  116.101
413.388  323.678
321.338  120.867
318.455  180.006
393.976  429.297
185.453   45.081
291.887  250.886
209.398  390.803
441.442   11.232
220.069  117.280
  2.396  321.139
 34.664  291.672
415.096  478.297
297.640  356.456
 41.789  420.336
382.855  197.473
278.610  419.651
459.287  162.853
