# CMLP_29.dat
400 30 100 125
473.454 5.071
416.654   35.170  3
285.879  273.975  5
273.688   90.582  12
478.022  465.095  9
467.799   77.572  7
297.328  142.092  3
265.567  454.312  8
227.679  288.449  7
190.567    8.228  6
183.445  172.134  6
200.263  377.943  3
130.367  316.944  7
139.309  394.095  6
400.286  279.048  7
332.181  419.382  3
146.766  120.265  3
152.535   95.998  11
321.786  336.313  10
 48.980  260.882  12
 22.701  443.527  7
139.881  252.387  11
398.761   31.824  10
304.953  160.863  3
174.069  197.140  7
282.305  426.006  6
182.154  110.700  9
435.982  162.454  8
209.467  224.978  6
360.637  167.281  6
399.427  341.771  3
373.703  436.825  12
349.749   27.312  11
166.165  280.169  7
320.369  485.255  9
370.033  356.373  8
133.715  213.452  6
210.349  247.049  7
338.572  283.225  6
266.623  340.986  3
292.073  254.409  7
288.405   46.349  4
432.708  489.869  11
488.388  204.322  10
363.410  276.873  6
433.629  487.475  6
178.997  190.452  12
374.459  183.139  8
206.672  176.717  6
296.719  391.592  7
490.744  418.960  3
229.432  113.215  3
159.597   84.868  4
178.600  151.457  9
254.217  405.183  6
439.330  130.034  7
223.650  236.597  4
196.444  311.861  3
 71.991   22.084  3
244.790  154.751  10
 84.672  381.765  9
 48.313  221.658  9
321.719   41.173  12
348.954  368.150  11
208.186   16.980  9
346.111  430.487  7
 12.877  296.221  6
413.077  337.083  8
 52.373  108.856  7
292.787   50.098  11
363.260   99.428  10
476.425  387.431  3
277.633  300.644  7
397.216  368.073  6
309.254  476.985  3
340.398  298.921  4
 63.278  341.588  6
 78.472  322.877  3
309.735  134.202  4
475.854  455.739  9
219.253  375.801  7
433.382  134.770  3
237.206  129.910  8
406.968  332.952  6
 98.088  495.707  7
124.472   10.224  3
337.962    1.449  9
380.915  203.727  7
 11.439  424.829  3
471.931   55.933  3
337.544   84.130  11
 79.139   88.364  7
228.721  154.063  6
363.449  137.989  3
298.168   15.629  7
 43.519  466.165  9
356.904  384.944  9
 26.057  271.351  3
361.360  444.584  10
451.822  444.442  5
396.094  258.022  6
129.344  430.054  3
247.247   93.301  3
461.595   61.590  11
468.697   58.160  10
  7.082   60.759  8
302.909  282.873  9
232.513  324.400  7
102.680  182.925  3
469.684   24.574  9
205.868  343.484  12
195.956   23.956  7
169.389  370.073  9
365.730  109.896  3
134.203  340.322  8
  9.205  191.323  7
156.038   90.067  6
  7.408  419.727  3
433.809  144.854  7
496.742  468.199  6
127.230  323.837  3
293.560  397.021  6
273.213  397.869  8
399.619  335.760  7
 15.181   35.852  11
219.156  107.917  12
271.744  225.096  10
 65.910  224.611  10
199.501   98.835  11
188.507  452.682  7
238.048   64.719  6
114.474  347.409  3
383.429   29.255  7
 65.108  473.035  6
 93.018  301.411  7
462.118  262.708  6
218.775  493.407  3
214.329  456.212  7
237.293  373.022  6
225.230  345.518  5
248.467  106.580  8
 70.386   81.917  3
452.106  223.278  12
293.489  354.717  10
220.368  114.804  8
473.920  283.873  7
192.426  345.014  7
481.795  370.103  7
375.484  325.361  6
465.391  276.429  9
195.152  369.136  11
204.702  452.464  10
486.582  334.333  3
290.292  425.830  3
278.105  384.500  7
 53.199  113.014  6
 26.591  454.266  8
 66.771  112.794  6
358.650  278.148  7
 32.234  262.933  3
451.899  169.544  6
214.111  350.999  9
151.093  149.303  12
192.784  413.930  3
307.598  235.931  7
265.918   29.214  6
174.540  331.529  8
  0.528   64.531  6
336.485  171.393  12
 84.973  368.101  6
359.226   74.713  9
 45.008  330.053  3
226.795  240.116  12
  7.779  462.890  10
186.404  395.592  7
306.477  251.014  9
236.813   93.073  3
 80.167  368.305  3
190.729   82.591  6
111.675  312.121  8
479.353  135.866  9
431.473  166.660  12
472.715  462.055  10
 89.824   51.093  11
147.452  147.163  10
205.346  438.653  7
226.251  417.303  6
181.663  287.952  8
366.727  467.689  9
125.271  223.333  4
 68.182  258.483  4
138.968  345.515  5
 89.430  111.177  11
246.770  129.264  12
 56.212  120.835  12
 43.315  449.939  9
111.278  449.746  3
167.173  328.684  7
418.286  371.557  4
290.660  320.697  7
 98.669  250.495  6
290.933  390.917  3
218.404   25.620  3
274.011  424.278  5
 29.843  151.423  6
375.391  472.251  12
 27.273  189.282  11
438.458  350.577  12
410.856  200.380  3
460.657  285.362  7
230.237  207.010  9
470.094   41.065  9
345.014  460.134  5
429.340  242.703  12
298.074  238.363  12
231.656  415.561  10
 82.352  427.621  4
330.384  165.134  8
277.604  150.443  3
 91.073  183.480  3
219.133  105.266  5
167.672  444.486  8
449.806  463.238  9
116.914  215.850  7
249.633  328.390  3
 55.951  151.745  8
345.449   82.688  11
451.087  238.150  10
212.385  302.904  10
 88.689  196.728  9
470.795  127.629  3
  4.440  190.380  5
 14.722   36.925  11
150.140    0.945  5
357.426   60.372  3
154.535  495.023  9
380.355  101.566  7
166.107  330.828  11
292.496  277.967  10
152.448   66.799  10
377.763  348.475  12
 24.319   36.383  7
460.723  265.438  6
257.524  150.573  3
479.669  284.039  6
 53.596  196.536  7
340.692  486.338  3
331.131   17.770  4
318.248  255.585  5
158.850   95.839  11
489.260  388.588  10
313.850  288.132  9
206.882  311.518  7
 90.896  476.200  3
314.247  125.066  3
 56.135  251.007  4
214.979  467.999  3
 59.740  326.839  11
446.614  475.310  12
377.012  108.227  8
415.124  264.657  9
142.210  465.093  12
363.978  398.399  3
339.313   15.778  7
344.719  453.037  4
174.658  422.553  5
 21.472  254.923  9
313.055  403.851  12
193.560  102.299  9
273.439   95.288  9
 50.672   81.017  7
 84.389  323.803  8
148.957  418.101  6
209.506  252.106  3
298.125   55.943  3
204.114  493.807  9
 44.885   85.484  6
141.121  420.871  5
201.753  491.105  7
452.307  107.134  9
220.476  126.514  7
245.789  474.342  6
389.108  173.741  7
283.235   22.035  6
172.192   70.163  3
322.192  406.096  6
478.969  369.270  5
217.683  146.967  11
288.396   23.223  12
119.097  302.288  12
360.647  101.006  10
491.445  296.459  8
188.784  392.553  9
195.356  298.851  3
  6.303  411.259  7
294.239  289.354  6
127.774  176.089  7
324.493  428.856  6
363.054  192.801  11
480.879  213.244  10
 95.235  394.918  12
291.320   29.126  3
189.826  274.968  4
247.048  496.328  3
  0.470  307.918  7
441.688  416.579  6
357.753  295.428  4
287.388  451.444  6
372.929  247.326  3
 43.941    9.665  4
146.487  338.232  11
315.337  468.846  10
357.059  292.611  12
169.125  495.012  7
 96.702  135.452  11
394.489  374.311  3
483.304   89.577  3
160.109  274.181  3
 66.646  177.008  8
411.376  231.407  3
459.445  116.159  7
 36.805  493.459  9
 15.323  207.334  4
361.683   81.227  3
460.484  382.487  7
201.003  155.934  6
177.914  436.326  7
207.314   72.858  3
 91.045  281.068  6
109.674  446.788  11
389.799  149.770  8
429.894  467.079  9
 93.840  117.306  7
129.222  436.831  3
460.577  277.611  3
 48.603  198.850  8
  2.687  121.031  8
479.185  233.390  11
222.424  230.649  5
404.235  213.080  6
397.772   17.068  8
 82.877  211.100  7
268.576   65.763  7
276.488  137.823  9
331.829   11.294  12
324.936  251.929  12
490.337  373.296  10
 38.839   67.440  7
251.522  456.878  10
347.540  360.077  6
202.256   60.941  11
385.362  294.483  7
436.913  401.226  12
426.366  113.451  3
172.876  117.445  4
168.581  229.358  3
339.569  203.443  3
285.784  345.850  5
307.952  372.420  7
231.960  304.163  6
 36.613  364.822  3
137.023  479.554  11
 62.110  385.766  12
305.379  487.146  11
 17.818  366.962  10
 24.048  213.207  7
117.807  129.247  8
385.977  324.396  3
194.982  360.174  11
373.018  235.655  7
198.103   63.615  9
318.250   32.679  3
163.302  382.429  5
316.121   42.403  9
135.606  494.591  3
121.504  234.399  4
445.561   34.140  5
263.774  227.533  11
186.592  139.385  7
265.604   51.745  3
442.514  165.535  6
173.593   30.244  8
 35.354  171.735  6
137.759   52.732  6
  0.743  361.696  11
  1.209   16.421  7
376.753  199.510  9
369.947  442.492  3
183.078  450.298  5
418.383  213.892  11
380.586  132.393  10
 22.874  420.611  7
 49.522  460.963  9
143.881  116.756  6
 53.187  166.777  4
298.072  496.758  5
 92.877  339.671  10
201.545  478.849  7
154.780  355.415  6
201.284  105.704  6
498.030  272.060  12
 94.489   20.290
468.014  258.294
410.444  187.500
263.415  468.873
223.479  498.462
266.005  444.884
146.461  270.711
 91.879   24.167
275.564  498.374
220.572  449.447
427.500  222.124
469.169  110.371
356.174  382.278
284.162  310.654
429.480  107.270
263.905  183.511
155.695  261.339
 15.935  277.101
147.737  453.166
167.844   53.293
448.979  360.142
194.692  146.459
367.230  232.155
415.877   98.246
439.198  393.360
103.088  212.965
414.199  145.406
466.431  419.225
 97.396  124.633
488.956  103.845
