# CMLP_63.dat
300 30 125 125
13.184 4.352
438.422  135.269  1
382.713  406.171  1
 88.903   61.904  1
496.382  496.567  1
291.827  446.120  1
283.806   50.648  1
290.367  371.452  1
497.450  107.144  1
143.052  487.504  1
446.886   86.602  1
446.099  314.166  1
 49.648   98.576  1
 13.168  121.578  1
293.338  408.404  1
152.495   80.354  1
403.449  199.624  1
130.374  304.496  1
405.001  358.950  1
192.378  285.191  1
109.332  370.197  1
 32.056  335.545  1
337.877  288.902  1
491.570  454.614  1
237.423  467.712  1
 79.843  425.102  1
156.392  487.784  1
150.728  322.806  1
133.570  103.641  1
 44.507   19.848  1
 61.500   14.148  1
 51.652  409.142  1
471.372  283.250  1
265.840   94.502  1
 15.850  220.754  1
381.246   61.779  1
315.913  366.949  1
  0.925  114.496  1
306.575   84.838  1
248.402  227.749  1
128.579  316.429  1
486.662  313.483  1
433.634  218.997  1
204.391  464.131  1
363.479  208.113  1
388.228  194.328  1
421.788  492.772  1
335.285   77.582  1
306.538  263.644  1
150.099  416.787  1
221.635  365.048  1
322.802   23.487  1
231.811  279.433  1
357.587  112.749  1
213.218  425.901  1
215.248  247.002  1
  6.450  128.994  1
 48.316   94.848  1
402.447   78.227  1
195.531   63.668  1
439.995  150.222  1
 90.517  200.390  1
250.453  229.418  1
112.952  132.673  1
495.153  333.667  1
208.868  279.910  1
232.979  133.009  1
307.088  395.854  1
307.313  408.618  1
397.476  345.148  1
404.481  330.125  1
 24.319  136.506  1
138.839  441.762  1
108.906  142.014  1
339.890  255.299  1
495.389  487.071  1
315.396  213.112  1
322.976  469.509  1
286.722  379.773  1
251.681  389.548  1
 40.463  193.009  1
363.546  197.640  1
476.157  368.484  1
167.398  120.920  1
338.565  469.391  1
149.765  399.223  1
204.077  103.551  1
269.545  218.187  1
241.478  106.289  1
172.044  192.250  1
275.215  433.263  1
306.799   37.939  1
123.234  202.740  1
362.407  360.515  1
429.816  152.824  1
384.966  299.343  1
138.013  188.777  1
219.788   78.919  1
372.568  205.136  1
291.236  227.847  1
483.293  499.048  1
236.354   11.332  1
227.385  379.768  1
345.106  321.512  1
359.133   27.177  1
162.208  354.883  1
261.320  231.188  1
 26.442  142.277  1
197.334    6.402  1
200.334  369.126  1
389.085   20.591  1
341.640  447.846  1
443.132  418.325  1
309.457  248.931  1
460.043  498.296  1
 23.610  244.095  1
154.395  293.449  1
458.308    0.621  1
458.007  140.951  1
400.061    9.339  1
 22.508  419.303  1
455.949  207.102  1
235.779   80.893  1
386.713  478.293  1
 98.028  372.838  1
 27.048  173.010  1
115.872    5.054  1
 20.174  408.520  1
 84.854  141.045  1
312.340  169.706  1
  5.697  208.037  1
191.491  435.268  1
 37.319  261.969  1
136.006  293.648  1
 93.012  398.909  1
224.924  226.028  1
195.901  336.443  1
 45.349  190.889  1
226.522  407.336  1
162.106  353.305  1
406.945  265.960  1
106.587  409.901  1
431.883  286.261  1
443.946  456.588  1
353.222  481.852  1
399.268  467.999  1
312.112  236.364  1
 85.668  171.744  1
241.665   93.153  1
281.959  269.911  1
285.743  434.853  1
433.035  470.222  1
  5.312  460.928  1
432.298  342.415  1
243.906  401.358  1
437.245  405.140  1
156.800  359.778  1
101.744  342.275  1
438.629  150.633  1
228.398  310.107  1
468.126  277.061  1
185.891  441.249  1
  1.231  367.886  1
433.057  315.114  1
249.432   35.706  1
456.570  461.928  1
105.353  313.308  1
258.712  288.796  1
 79.215  300.503  1
179.866  476.916  1
 92.123  227.253  1
147.742   27.447  1
 33.588  393.390  1
325.918  436.977  1
 22.215  297.816  1
255.476  389.953  1
176.251  360.987  1
291.219  221.850  1
394.268  486.277  1
138.931  285.741  1
476.940    8.255  1
278.765   51.185  1
 23.542   19.718  1
 52.507  462.009  1
256.508  482.768  1
 77.286  222.704  1
228.666   75.520  1
212.696   87.861  1
185.016  300.070  1
467.437  118.692  1
351.860   74.902  1
258.719  271.459  1
348.538  481.082  1
109.467  385.125  1
 49.521  265.189  1
 80.185  476.777  1
465.681  386.187  1
147.030  322.168  1
 70.534   10.005  1
446.234  451.855  1
480.004  100.977  1
186.492  266.435  1
 30.287  297.998  1
484.289  396.371  1
153.428  284.111  1
369.217  149.717  1
 96.626  405.721  1
277.929  391.868  1
 69.613  110.817  1
485.849  109.508  1
350.046   64.006  1
159.473  134.535  1
231.840  464.617  1
147.995  334.773  1
215.278   16.258  1
440.959  355.901  1
456.489  184.540  1
116.391   40.646  1
111.494  143.244  1
348.988   95.470  1
382.887  268.554  1
179.291  366.486  1
239.105  174.309  1
416.357   35.262  1
171.606  348.099  1
443.009  322.400  1
225.780  176.307  1
406.418  391.011  1
291.036  121.167  1
484.003  286.091  1
499.812  431.749  1
200.543  219.379  1
361.006   43.884  1
488.379  409.610  1
386.659  116.525  1
196.184  115.964  1
372.162   23.870  1
 44.396  250.046  1
173.015  385.567  1
233.296    9.428  1
211.207  205.969  1
204.075  425.087  1
 87.360  173.915  1
293.536  452.698  1
 19.179  326.614  1
345.285  261.773  1
191.827  292.834  1
317.762  496.585  1
214.077  487.111  1
221.735  129.027  1
 51.644  162.852  1
179.905  494.894  1
167.053  458.577  1
484.090   70.464  1
409.981   28.298  1
 93.865  481.244  1
325.300  456.196  1
124.409  293.933  1
465.629  389.098  1
463.960  230.223  1
 64.322  252.894  1
337.828  298.905  1
451.439    2.910  1
128.855  215.516  1
166.562   51.611  1
 46.587  430.064  1
318.893  124.111  1
314.530   18.509  1
482.552  253.978  1
 68.049  295.723  1
359.751   50.200  1
208.105  462.777  1
 18.107   59.837  1
351.652  176.653  1
450.622  455.552  1
480.491   33.000  1
 17.241  441.691  1
260.317  310.876  1
440.522   29.413  1
470.980  255.455  1
155.555  127.871  1
279.238   55.194  1
159.965  114.220  1
308.114  169.917  1
150.475  131.766  1
 78.844   68.194  1
163.926  420.490  1
473.828  286.013  1
312.046  368.207  1
 63.896    1.491  1
435.720  198.710  1
 10.763  121.620  1
494.417  399.635  1
101.981   68.207  1
  5.985   25.485  1
324.988   37.878  1
273.186   38.991  1
264.600  334.165  1
395.511  331.587  1
114.871  198.572  1
 88.691  492.414  1
306.880  204.581
102.586  458.854
100.937  312.110
363.078  431.734
318.462  176.378
 18.067  479.461
197.454  403.821
182.339  233.164
 81.985  160.053
439.419  159.729
421.871  300.651
297.344  475.118
295.324   72.802
106.610  286.061
284.578   79.589
215.940  127.683
186.561  364.022
224.014  415.270
164.878  458.213
 94.723  371.698
364.910  203.024
194.219  312.566
255.560  268.313
492.198  473.434
341.110  430.209
275.231  307.425
288.890   42.769
469.144  214.517
286.842  156.267
495.415  488.819
