46.67 ;46.67 ;46.20 ;46.67 ;46.67 ;
5.00 ;5.00 ;5.00 ;5.00 ;5.00 ;
5.00 ;5.00 ;5.00 ;5.00 ;5.00 ;
39.00 ;39.00 ;39.00 ;39.00 ;39.00 ;
49.00 ;49.00 ;49.00 ;49.00 ;49.00 ;
48.00 ;48.00 ;48.00 ;48.00 ;48.00 ;
32.00 ;32.00 ;32.00 ;32.00 ;32.00 ;
52.50 ;52.50 ;52.50 ;52.25 ;52.50 ;
38.00 ;38.00 ;38.00 ;38.00 ;38.00 ;
40.00 ;40.00 ;40.00 ;40.00 ;40.00 ;
35.00 ;35.00 ;35.00 ;35.00 ;35.00 ;
61.00 ;61.00 ;61.00 ;61.00 ;61.00 ;
49.00 ;49.00 ;49.00 ;49.00 ;49.00 ;
49.00 ;49.00 ;49.00 ;49.00 ;49.00 ;
59.00 ;59.00 ;59.00 ;59.00 ;59.00 ;
24.00 ;24.00 ;24.00 ;24.00 ;24.00 ;
52.00 ;52.00 ;52.50 ;52.50 ;52.50 ;
50.00 ;50.00 ;50.00 ;50.00 ;50.00 ;
21.00 ;21.00 ;21.00 ;21.00 ;21.00 ;
71.00 ;71.00 ;71.00 ;71.00 ;71.00 ;
25.00 ;25.00 ;25.00 ;25.00 ;25.00 ;
205.48 ;204.54 ;206.38 ;204.56 ;204.33 ;
66.00 ;66.00 ;66.00 ;66.00 ;66.00 ;
157.00 ;157.00 ;157.00 ;157.00 ;157.00 ;
153.75 ;152.53 ;151.85 ;152.53 ;154.08 ;
85.00 ;85.00 ;85.00 ;85.00 ;85.00 ;
41.00 ;41.00 ;41.00 ;41.00 ;41.00 ;
44.00 ;49.00 ;46.00 ;46.00 ;39.00 ;
80.93 ;74.00 ;77.89 ;72.75 ;65.00 ;
48.00 ;55.00 ;67.00 ;56.00 ;67.70 ;
47.00 ;34.00 ;44.00 ;57.00 ;37.00 ;
92.07 ;99.21 ;101.24 ;102.13 ;102.92 ;
77.00 ;76.17 ;74.43 ;68.75 ;72.57 ;
38.00 ;36.00 ;26.00 ;33.00 ;31.00 ;
83.00 ;81.00 ;95.50 ;86.67 ;83.00 ;
37.00 ;22.00 ;25.00 ;41.00 ;29.00 ;
109.98 ;128.66 ;114.89 ;115.71 ;119.43 ;
85.00 ;83.33 ;89.20 ;94.40 ;84.80 ;
34.00 ;42.00 ;29.00 ;47.00 ;28.00 ;
166.75 ;199.00 ;177.00 ;183.11 ;149.50 ;
63.00 ;54.00 ;67.00 ;79.00 ;56.00 ;
213.64 ;207.54 ;214.37 ;206.13 ;229.57 ;
167.28 ;166.81 ;168.39 ;179.64 ;168.50 ;
98.00 ;107.00 ;86.00 ;92.00 ;95.00 ;
218.28 ;224.65 ;231.78 ;249.81 ;225.47 ;
184.53 ;173.07 ;183.23 ;182.50 ;188.98 ;
76.00 ;72.00 ;58.00 ;81.00 ;59.00 ;
259.96 ;228.95 ;251.83 ;250.35 ;242.10 ;
206.48 ;206.93 ;200.17 ;201.37 ;188.72 ;
140.00 ;114.00 ;130.00 ;131.00 ;109.00 ;
287.33 ;294.24 ;292.90 ;286.86 ;290.24 ;
231.83 ;246.76 ;252.98 ;250.74 ;237.49 ;
111.00 ;133.00 ;125.00 ;109.00 ;144.00 ;
320.61 ;305.22 ;300.04 ;321.06 ;304.16 ;
240.29 ;271.38 ;257.87 ;254.16 ;247.43 ;
171.00 ;156.00 ;187.00 ;207.00 ;175.00 ;
318.20 ;335.17 ;328.20 ;317.44 ;311.48 ;
276.53 ;264.31 ;266.22 ;281.68 ;262.19 ;
110.00 ;118.00 ;97.00 ;106.00 ;99.00 ;
289.70 ;326.07 ;311.07 ;307.39 ;311.11 ;
238.48 ;263.39 ;245.99 ;258.59 ;266.02 ;
155.00 ;142.00 ;122.00 ;130.00 ;130.00 ;
417.83 ;428.91 ;426.15 ;443.89 ;423.25 ;
351.17 ;360.00 ;358.06 ;354.42 ;348.16 ;
220.00 ;198.00 ;208.00 ;218.00 ;191.00 ;
344.33 ;334.80 ;331.68 ;331.13 ;319.23 ;
178.00 ;137.00 ;147.00 ;169.00 ;133.00 ;
176.00 ;168.00 ;212.00 ;211.00 ;190.00 ;
402.10 ;400.94 ;392.74 ;417.09 ;392.44 ;
335.66 ;319.32 ;323.58 ;322.68 ;323.77 ;
140.00 ;165.00 ;138.00 ;109.00 ;147.00 ;
495.00 ;474.00 ;510.97 ;485.50 ;510.60 ;
414.63 ;401.89 ;406.96 ;425.24 ;401.65 ;
233.00 ;247.00 ;270.00 ;261.00 ;222.00 ;
402.96 ;386.83 ;404.20 ;380.22 ;395.10 ;
232.00 ;219.00 ;247.00 ;234.00 ;211.00 ;
536.27 ;543.68 ;532.60 ;551.08 ;523.07 ;
431.68 ;432.61 ;433.20 ;427.80 ;432.16 ;
265.00 ;256.00 ;246.00 ;248.00 ;258.00 ;
477.30 ;468.18 ;468.90 ;491.48 ;481.60 ;
392.76 ;376.89 ;384.71 ;392.41 ;384.49 ;
242.00 ;242.00 ;238.00 ;237.00 ;237.00 ;
57.00  68.00  72.00  74.50  61.00  
47.00  52.00  60.00  64.11  68.34  
49.00  42.00  34.00  27.00  29.00  
68.00  70.00  69.00  73.00  75.29  
55.00  63.32  61.38  61.46  63.94  
33.00  29.00  28.00  32.00  44.00  
62.00  53.00  52.50  63.00  56.00  
46.00  64.00  55.50  49.00  47.00  
23.00  12.00  17.79  32.00  26.00  
70.92  60.39  66.00  72.96  65.00  
48.00  57.00  61.50  63.27  59.50  
33.00  37.00  32.00  38.00  33.00  
201.95  188.55  203.03  196.77  197.61  
147.63  153.49  163.54  152.50  163.44  
82.00  73.00  67.00  86.00  69.00  
135.00  154.00  166.00  149.00  168.00  
136.00  157.56  147.00  151.11  147.69  
96.00  92.00  103.00  94.00  100.00  
191.23  183.31  177.46  179.88  179.16  
151.98  159.41  144.34  161.01  146.63  
54.00  68.00  77.00  66.00  74.00  

210.87  199.60  210.69  214.59  225.43  
122.00  122.00  117.00  120.00  103.00  
293.53  283.37  265.94  294.60  297.58  
222.22  226.65  235.86  239.40  242.23  
126.00  125.00  141.00  133.00  150.00  
278.94  266.07  274.17  265.95  293.14  
193.48  173.00  175.00  172.00  192.28  
234.15  243.58  237.25  233.05  246.10  
84.00  112.00  103.00  111.00  78.00  
279.09  298.96  305.08  281.67  280.06  
117.00  140.00  115.00  123.00  118.00  
50.00  50.00  50.00  50.00  47.00  
49.00  48.71  48.67  48.95  49.00  
33.67  32.33  33.67  33.67  33.33  
40.00  40.00  40.00  40.00  40.00  
40.00  40.00  40.00  40.00  40.00  
27.00  27.00  27.00  27.00  27.00  
34.00  34.00  34.00  34.00  34.00  
34.00  34.00  34.00  34.00  34.00  
15.00  15.00  15.00  15.00  15.00  
61.00  61.00  61.00  61.00  61.00  
47.00  47.00  47.00  45.50  47.00  
21.00  21.00  21.00  21.00  21.00  
155.23  153.53  154.19  154.05  154.09  
49.00  49.00  49.00  49.00  49.00  
120.00  120.00  120.00  120.00  120.00  
65.00  65.00  65.00  65.00  65.00  
50.00  50.00  50.00  50.00  50.00  
49.00  48.78  48.62  49.00  48.82  
33.67  33.67  33.67  33.67  33.67  
40.00  40.00  40.00  40.00  40.00  
40.00  40.00  40.00  40.00  40.00  
27.00  27.00  27.00  27.00  27.00  
34.00  34.00  34.00  34.00  34.00  
34.00  34.00  34.00  34.00  34.00
15.00  15.00  15.00  15.00  15.00  
61.00  61.00  61.00  61.00  61.00  
47.00  47.00  40.00  45.50  47.00  
21.00  21.00  21.00  21.00  21.00  
153.88  153.96  153.89  154.59  152.07  
122.44  124.00  123.94  123.13  123.50  
49.00  49.00  49.00  49.00  49.00  
120.00  120.00  120.00  120.00  120.00  
117.57  117.97  118.11  116.90  118.24  
65.00  65.00  65.00  65.00  65.00 
144.91  144.44  144.77  146.09  146.05 
118.58  119.66  120.11  118.66  119.31   
76.00  76.00  76.00  76.00  76.00  
169.19  169.66  173.57  171.98  170.27  
141.71  140.81  143.53  143.67  142.16  
103.00  103.00  103.00  103.00  103.00  
234.31  236.17  235.59  233.42  236.27  
190.42  189.94  191.00  191.00  189.66  
99.00  99.00  99.00  99.00  99.00  
229.13  230.35  229.37  228.39  227.55  
192.41  192.78  192.86  191.48  190.79  
154.00  154.00  154.00  154.00  154.00  
245.89  246.01  247.00  243.59  246.36  
204.76  203.55  205.45  206.42  206.81  
83.00  83.00  83.00  83.00  83.00  
218.00  218.00  218.00  218.00  218.00  
186.04  185.40  186.60  185.32  186.44  
101.00  101.00  101.00  101.00  101.00  
291.00  291.00  291.00  291.00  291.00  
274.15  273.65  273.56  271.41  273.12  
180.00  180.00  180.00  180.00  180.00  
183.00  183.00  183.00  183.00  183.00  
183.00  183.00  183.00  183.00  183.00  
109.00  109.00  109.00  109.00  109.00  
162.00  162.00  162.00  162.00  162.00  
300.00  300.00  300.00  300.00  300.00  
268.42  268.44  269.00  268.77  269.92  
130.00  130.00  130.00  130.00  130.00  
369.00  369.00  369.00  369.00  369.00  
329.28  334.19  334.00  334.57  334.23   
188.00  188.00  188.00  188.00  188.00  
378.00  378.00  378.00  377.24  374.79 
322.74  320.93  322.44  322.41  321.37  
203.00  203.00  203.00  203.00  203.00  
429.30  422.99  425.75  426.38  421.42  
358.89  355.07  357.08  358.42  358.75  
216.00  216.00  216.00  216.00  216.00  
382.26  386.49  385.73  387.18  383.67  
314.71  317.80  316.15  317.93  316.34  
207.00  207.00  207.00  207.00  207.00  
50.00  50.00  50.00  50.00  49.50  
45.07  44.66  44.71  44.91  44.63  
31.75  31.75  31.00  31.00  31.75  
40.00  40.00  40.00  40.00  40.00  
40.00  40.00  40.00  40.00  40.00  
27.00  27.00  27.00  27.00  27.00  
34.00  34.00  34.00  34.00  34.00  
21.00  23.00  23.00  23.00  21.00  
8.00  8.00  8.00  8.00  8.00  
49.50  49.50  49.50  49.50  49.50  
47.00  45.50  47.00  47.00  47.00  
21.00  21.00  21.00  21.00  21.00  
140.39  141.55  140.83  140.77  140.16  
103.18  105.04  104.09  103.33  103.59  
49.00  49.00  49.00  49.00  49.00  
120.00  120.00  120.00  120.00  120.00  
118.44  117.54  117.85  117.86  119.31  
46.00  46.00  46.00  46.00  46.00  
146.94  147.10  148.21  148.38  147.78  
112.53  114.47  112.60  113.31  114.68  
52.00  52.00  52.00  52.00  52.00  
169.48  168.96  169.62  169.72  167.43  
132.24  132.99  133.02  134.11  131.50  
84.00  84.00  84.00  84.00  84.00  
229.75  233.35  230.10  231.35  232.71  
179.45  177.40  178.05  177.67  178.12  
99.00  99.00  99.00  99.00  99.00  
221.19  221.60  219.55  219.45  221.36  
170.56  171.20  171.32  167.19  170.59  
94.00  94.00  94.00  94.00  94.00  
244.84  248.50  249.92  248.10  249.13  
191.34  191.40  191.72  191.95  188.40  
83.00  83.00  83.00  83.00  83.00  
224.82  222.13  223.73  224.34  224.07  
173.78  174.05  173.06  173.22  173.92  
78.00  78.00  78.00  78.00  78.00  
291.00  291.00  291.00  291.00  282.35  
240.29  241.65  244.36  242.33  243.12  
137.00  137.00  137.00  137.00  137.00  
183.00  183.00  183.00  183.00  183.00  
183.00  183.00  183.00  183.00  183.00  
109.00  109.00  109.00  109.00  109.00  
327.89  332.24  332.22  331.62  330.79  
255.88  256.04  257.94  256.68  255.56  
134.00  134.00  134.00  134.00  134.00  
300.00  298.62  300.00  300.00  300.00  
229.50  226.15  227.25  229.45  226.32  
107.00  107.00  107.00  107.00  107.00  
369.00  369.00  369.00  369.00  369.00  
306.37  302.92  303.88  303.91  304.73  
153.00  153.00  153.00  153.00  153.00  
378.00  378.00  378.00  378.00  378.00  
306.61  305.22  305.11  303.91  305.41  
203.00  203.00  203.00  203.00  203.00  
398.27  404.67  408.23  407.91  408.94  
316.62  321.23  319.40  318.23  318.86  
216.00  216.00  216.00  216.00  216.00  
382.36  387.64  384.50  381.36  384.35  
293.18  294.15  297.37  295.90  296.26  
207.00  207.00  207.00  207.00  207.00  

 
 

