Nombre des capteurs:
15
Nombre des targets:
7
Nombre de type de surveillance:
1

Caracteristiques:
40.000000 6 3.000000 13.000000 64.000000 a 195.473785 196.063766 243.495377 211.532501 253.842468 235.594986 257.963165 
40.000000 2 1.000000 59.000000 238.000000 a 151.716843 162.864975 208.887527 163.370743 241.900803 228.659134 226.744354 
40.000000 9 1.000000 145.000000 195.000000 a 57.280014 69.354164 112.769676 67.416618 146.604904 134.536240 130.598618 
40.000000 6 1.000000 177.000000 129.000000 a 27.513634 21.213203 68.066147 39.051247 88.526833 72.111023 84.214012 
40.000000 8 3.000000 211.000000 94.000000 a 65.924202 53.488316 57.428215 65.620117 53.851646 35.735138 64.660652 
40.000000 8 4.000000 167.000000 56.000000 a 100.806747 91.482239 114.690887 108.784187 109.178749 92.114059 122.788437 
40.000000 9 5.000000 195.000000 181.000000 a 27.513634 37.121422 63.253460 23.086792 99.764725 90.972527 80.448738 
40.000000 3 2.000000 45.000000 248.000000 a 168.908264 180.069427 225.942474 180.471603 259.083008 245.863785 243.772430 
40.000000 8 2.000000 243.000000 110.000000 a 72.622307 61.294373 31.016125 63.890530 20.099751 5.385165 30.805843 
40.000000 12 4.000000 197.000000 288.000000 a 133.454117 144.086777 154.330811 129.096863 191.718536 189.190384 165.846313 
40.000000 11 1.000000 11.000000 25.000000 a 218.002289 216.614868 260.278687 233.317383 265.316803 247.297394 273.130005 
40.000000 12 1.000000 275.000000 50.000000 a 137.644470 125.399361 96.135323 131.186890 59.228371 62.649822 86.145226 
40.000000 8 2.000000 268.000000 132.000000 a 85.164543 76.941536 25.632011 71.309189 24.515301 35.468296 7.615773 
40.000000 1 5.000000 288.000000 127.000000 a 105.773346 97.493591 46.173584 91.760559 31.400637 48.301140 28.160255 
40.000000 9 1.000000 213.000000 153.000000 a 27.073973 22.847319 33.241539 12.529964 67.268120 57.688820 51.264023 
Type de surveillance de chaque endroit(target):tab[nombre de target]
a a a a a a a 
Matrix of neighbour
1 0 0 0 0 0 0 0 0 0 0 0 0 0 0  
0 1 0 0 0 0 0 0 0 0 0 0 0 0 0  
0 0 1 0 0 0 1 0 0 0 0 0 0 0 0  
0 0 0 1 1 0 1 0 1 0 0 0 0 0 1  
0 0 0 0 1 0 0 0 1 0 0 0 1 0 1  
0 0 0 0 1 1 0 0 0 0 0 0 0 0 0  
0 0 0 0 0 0 1 0 0 0 0 0 0 0 1  
0 1 0 0 0 0 0 1 0 0 0 0 0 0 0  
0 0 0 0 0 0 0 0 1 0 0 0 1 1 0  
0 0 0 0 0 0 0 0 0 1 0 0 0 0 0  
1 0 0 0 0 0 0 0 0 0 1 0 0 0 0  
0 0 0 0 0 0 0 0 1 0 0 1 0 0 0  
0 0 0 0 0 0 0 0 0 0 0 0 1 1 0  
0 0 0 0 0 0 0 0 0 0 0 0 0 1 0  
0 0 0 0 0 0 0 0 1 0 0 0 1 0 1  
Connect directly to BS 
0 0 0 0 0 0 0 0 1 0 0 0 1 1 0 
Cordinaates of sensors 
1 13.000000 64.000000
2 59.000000 238.000000
3 145.000000 195.000000
4 177.000000 129.000000
5 211.000000 94.000000
6 167.000000 56.000000
7 195.000000 181.000000
8 45.000000 248.000000
9 243.000000 110.000000
10 197.000000 288.000000
11 11.000000 25.000000
12 275.000000 50.000000
13 268.000000 132.000000
14 288.000000 127.000000
15 213.000000 153.000000
