Nombre des capteurs:
10
Nombre des targets:
15
Nombre de type de surveillance:
1

Caracteristiques:
300.000000 12 3.000000 32.000000 85.000000 a 419.869019 94.191292 232.422028 500.563690 83.258636 426.016418 336.029755 162.496155 281.513763 182.784027 249.617706 371.646332 258.048431 244.806046 413.298920 
300.000000 8 5.000000 155.000000 51.000000 a 305.491394 40.311287 139.344894 431.510132 98.412399 316.128143 303.896362 114.586212 300.308167 171.011688 265.277222 244.462677 140.520462 257.939911 372.683502 
300.000000 9 5.000000 417.000000 221.000000 a 92.698433 323.797791 177.191986 155.708054 410.054871 68.095520 202.852158 249.595673 317.397217 264.001892 302.952148 212.042450 182.455475 297.026947 198.113602 
300.000000 6 4.000000 248.000000 433.000000 a 360.280457 374.432892 286.111877 200.569183 461.410889 338.600067 94.085068 278.992828 146.731049 231.400085 167.585800 448.143951 345.561859 169.852875 77.665955 
300.000000 3 4.000000 235.000000 97.000000 a 217.175049 110.476242 54.230988 345.411346 190.538712 225.568176 242.596375 90.609047 275.087250 149.495819 242.404617 183.002731 55.443665 234.360840 301.981781 
300.000000 4 4.000000 335.000000 226.000000 a 146.492325 255.519073 111.722870 182.279999 345.615387 132.483963 140.206985 172.525360 242.156967 182.043945 224.403656 224.448212 143.251526 218.009171 164.614700 
300.000000 9 2.000000 206.000000 289.000000 a 288.225616 224.722046 150.545670 249.303024 313.049530 275.960144 67.941154 129.031006 99.809822 85.428329 81.271149 337.551483 216.002319 75.432091 145.725769 
300.000000 12 4.000000 233.000000 276.000000 a 258.495636 224.182968 131.034348 229.455872 314.925385 246.008133 65.802734 126.589890 129.274902 96.519424 111.072052 311.969543 194.537918 104.995239 137.876755 
300.000000 2 2.000000 440.000000 423.000000 a 289.140106 465.759583 331.710724 48.000000 557.917542 261.231689 205.912598 371.264069 321.400055 350.385498 329.218781 415.337219 365.224579 327.832275 132.438660 
300.000000 7 3.000000 321.000000 134.000000 a 128.000000 202.608002 66.287254 268.778717 283.989441 132.981201 216.300720 150.029999 290.330841 189.652313 263.865509 144.917221 53.823788 256.164001 255.158768 
Type de surveillance de chaque endroit(target):tab[nombre de target]
a a a a a a a a a a a a a a a 