Nombre des capteurs:
10
Nombre des targets:
15
Nombre de type de surveillance:
1

Caracteristiques:
300.000000 11 4.000000 48.000000 291.000000 a 268.164124 193.507111 215.872650 231.482178 251.181213 196.002548 337.215057 258.118195 436.018341 450.834778 292.714874 92.574295 163.526749 248.887527 149.693024 
300.000000 8 4.000000 56.000000 296.000000 a 258.992279 185.973114 207.195557 235.187164 253.308105 189.446564 331.483032 249.467438 428.001160 445.875549 283.296661 93.984039 154.466827 253.333771 151.489273 
300.000000 10 2.000000 338.000000 471.000000 a 100.657837 216.898590 165.048477 478.501831 463.327087 244.902023 296.233002 144.308701 228.674438 393.486969 52.172791 362.173981 189.422806 505.514587 393.634338 
300.000000 2 4.000000 310.000000 181.000000 a 196.163193 118.224365 317.119843 251.412018 216.453232 96.938126 55.226807 150.163239 208.019226 167.725967 279.946411 222.643219 276.523041 277.713867 205.912598 
300.000000 3 2.000000 373.000000 125.000000 a 261.811005 201.315674 396.186829 291.665894 249.040161 181.218094 51.623638 217.568375 203.029556 86.377083 345.862701 295.880035 358.600067 314.865051 268.464142 
300.000000 10 1.000000 95.000000 446.000000 a 218.197159 223.331589 80.777473 383.063965 392.940186 245.635910 381.837677 237.674149 417.279297 502.077698 192.509735 238.075623 71.589104 403.837830 293.206421 
300.000000 3 5.000000 213.000000 101.000000 a 289.994843 178.213348 368.179291 130.648376 91.416626 148.296997 169.496307 246.981781 333.282166 241.074677 366.547394 163.783386 315.825897 155.241745 118.966385 
300.000000 11 3.000000 390.000000 163.000000 a 231.387115 187.608643 373.503693 318.125763 277.848877 172.791779 28.178005 189.190384 162.049377 93.380943 314.353302 304.345184 340.330719 342.696655 284.175995 
300.000000 10 2.000000 74.000000 129.000000 a 336.879791 223.143448 352.200226 67.468513 95.268044 202.852158 294.771088 305.360443 442.330200 381.518005 393.611481 80.411446 295.203308 86.145226 40.000000 
300.000000 12 2.000000 91.000000 70.000000 a 372.518463 255.634506 405.380066 7.615773 45.541191 230.722778 293.789032 336.251404 452.850983 363.859863 436.481384 138.014496 348.501068 34.828148 84.344528 
Type de surveillance de chaque endroit(target):tab[nombre de target]
a a a a a a a a a a a a a a a 