Nombre des capteurs:
10
Nombre des targets:
15
Nombre de type de surveillance:
1

Caracteristiques:
300.000000 6 4.000000 37.000000 324.000000 a 242.588135 242.491241 277.521179 408.864288 355.686646 302.952148 23.409399 191.460175 182.222397 158.094910 392.444916 324.077148 56.797886 435.570892 408.339325 
300.000000 7 4.000000 68.000000 494.000000 a 371.206146 244.754974 390.185852 523.600037 465.798248 472.051910 162.249802 81.215759 234.183685 259.393524 510.703430 434.770050 131.518066 483.802643 462.127686 
300.000000 12 1.000000 5.000000 111.000000 a 203.577988 371.425629 252.192383 335.953857 305.368622 105.152267 227.501648 395.739807 295.655212 232.010773 316.537506 283.113037 264.092773 460.691864 431.912018 
300.000000 10 3.000000 417.000000 42.000000 a 237.472107 352.434387 196.086716 83.006027 119.854080 356.561340 460.721161 514.008728 337.243225 321.225769 102.122475 150.233154 524.322449 167.600723 161.310257 
300.000000 4 2.000000 119.000000 259.000000 a 139.628082 189.433365 172.884354 304.763855 251.097595 243.993851 94.493385 222.894592 114.612389 63.031738 288.721313 219.456146 157.813187 341.298981 313.049530 
300.000000 8 4.000000 113.000000 292.000000 a 170.038239 178.600113 199.404114 332.929413 277.893860 274.961823 67.201187 191.230225 108.466583 75.643906 317.535828 246.077225 130.728729 353.861542 326.369415 
300.000000 2 3.000000 147.000000 225.000000 a 95.603348 190.370697 130.096115 260.946350 207.870148 220.465424 138.538803 255.001968 115.256233 50.209560 244.761108 176.400116 201.804367 309.646576 280.862946 
300.000000 8 1.000000 253.000000 16.000000 a 141.396606 349.757050 135.003708 85.381500 98.229324 192.093735 370.799133 475.732056 300.926910 255.080383 69.318108 108.784187 432.391022 277.362579 255.431015 
300.000000 5 1.000000 15.000000 177.000000 a 192.052078 321.659760 240.410065 346.001434 305.918304 161.681793 161.124176 330.904816 246.292511 186.935822 326.955658 279.093170 198.022720 441.888000 412.819580 
300.000000 2 5.000000 67.000000 153.000000 a 138.057953 297.699524 187.010696 288.771545 249.595673 131.137329 179.178680 336.882782 222.144104 157.762482 269.703552 223.600082 228.711609 392.460175 363.455627 
Type de surveillance de chaque endroit(target):tab[nombre de target]
a a a a a a a a a a a a a a a 