Nombre des capteurs:
10
Nombre des targets:
30
Nombre de type de surveillance:
1

Caracteristiques:
300.000000 12 3.000000 32.000000 85.000000 a 419.869019 94.191292 232.422028 500.563690 83.258636 426.016418 336.029755 162.496155 281.513763 182.784027 249.617706 371.646332 258.048431 244.806046 413.298920 286.356415 393.611481 273.592773 256.353271 448.777222 266.430115 451.991150 267.899231 65.145988 347.574463 296.730530 237.993698 115.935326 302.788696 299.541321 
300.000000 8 5.000000 155.000000 51.000000 a 305.491394 40.311287 139.344894 431.510132 98.412399 316.128143 303.896362 114.586212 300.308167 171.011688 265.277222 244.462677 140.520462 257.939911 372.683502 206.118896 299.594727 158.757675 186.102127 376.629791 185.800964 417.163025 275.065460 140.801285 220.782700 223.825821 230.312836 41.109608 318.509033 327.536255 
300.000000 9 5.000000 417.000000 221.000000 a 92.698433 323.797791 177.191986 155.708054 410.054871 68.095520 202.852158 249.595673 317.397217 264.001892 302.952148 212.042450 182.455475 297.026947 198.113602 126.019836 16.031219 162.689896 159.705978 109.370926 143.951385 235.790161 287.835022 372.425842 202.615402 125.195847 257.099213 352.025574 316.708069 346.144470 
300.000000 6 4.000000 248.000000 433.000000 a 360.280457 374.432892 286.111877 200.569183 461.410889 338.600067 94.085068 278.992828 146.731049 231.400085 167.585800 448.143951 345.561859 169.852875 77.665955 232.206802 260.633850 334.886536 227.220154 190.286621 242.621109 70.028564 145.773804 346.716034 428.924225 209.668793 172.235306 430.080231 128.128845 152.463104 
300.000000 3 4.000000 235.000000 97.000000 a 217.175049 110.476242 54.230988 345.411346 190.538712 225.568176 242.596375 90.609047 275.087250 149.495819 242.404617 183.002731 55.443665 234.360840 301.981781 122.118797 207.800385 70.256676 111.400177 290.203369 103.469803 348.041656 244.616028 189.707672 157.470627 142.863571 196.163193 131.825638 289.115906 306.052277 
300.000000 4 4.000000 335.000000 226.000000 a 146.492325 255.519073 111.722870 182.279999 345.615387 132.483963 140.206985 172.525360 242.156967 182.043945 224.403656 224.448212 143.251526 218.009171 164.614700 47.853943 66.121101 126.605690 79.555016 127.062973 68.095520 209.690247 211.177643 293.819672 206.712357 43.046486 176.773865 292.035950 244.239639 272.369232 
300.000000 9 2.000000 206.000000 289.000000 a 288.225616 224.722046 150.545670 249.303024 313.049530 275.960144 67.941154 129.031006 99.809822 85.428329 81.271149 337.551483 216.002319 75.432091 145.725769 120.216469 206.189240 210.705963 97.943863 206.118896 119.620232 184.010864 67.955872 209.475540 314.610870 105.437187 39.812057 280.080353 105.645638 131.137329 
300.000000 12 4.000000 233.000000 276.000000 a 258.495636 224.182968 131.034348 229.455872 314.925385 246.008133 65.802734 126.589890 129.274902 96.519424 111.072052 311.969543 194.537918 104.995239 137.876755 92.314682 176.465302 187.384628 74.330345 183.142029 94.366310 180.294205 97.754799 222.265610 289.637695 76.059189 66.189125 276.696594 133.660019 160.240448 
300.000000 2 2.000000 440.000000 423.000000 a 289.140106 465.759583 331.710724 48.000000 557.917542 261.231689 205.912598 371.264069 321.400055 350.385498 329.218781 415.337219 365.224579 327.832275 132.438660 263.491943 204.748627 347.311096 283.218994 98.351410 283.296661 122.588745 306.740936 476.151245 405.408447 244.804001 307.722290 509.659698 307.774261 336.441681 
300.000000 7 3.000000 321.000000 134.000000 a 128.000000 202.608002 66.287254 268.778717 283.989441 132.981201 216.300720 150.029999 290.330841 189.652313 263.865509 144.917221 53.823788 256.164001 255.158768 76.694199 118.928551 34.885529 95.671310 214.441132 73.409805 301.014954 257.775085 269.313934 123.004066 98.371742 212.896683 224.153961 298.464417 322.299561 
Type de surveillance de chaque endroit(target):tab[nombre de target]
a a a a a a a a a a a a a a a a a a a a a a a a a a a a a a 
Matrix of neighbour
1 0 0 0 0 0 1 1 0 0  
1 1 0 0 1 1 1 1 0 1  
0 0 1 1 1 1 1 1 1 1  
0 0 0 1 0 0 0 0 0 0  
1 0 0 0 1 1 1 1 0 0  
0 0 0 1 0 1 1 1 0 0  
0 0 0 1 0 0 1 0 0 0  
0 0 0 1 0 0 1 1 0 0  
0 0 0 1 0 1 1 1 1 0  
1 0 0 0 1 1 1 1 0 1  
Connect directly to BS 
0 0 0 1 0 1 1 1 0 0 
Cordinaates of sensors 
1 32.000000 85.000000
2 155.000000 51.000000
3 417.000000 221.000000
4 248.000000 433.000000
5 235.000000 97.000000
6 335.000000 226.000000
7 206.000000 289.000000
8 233.000000 276.000000
9 440.000000 423.000000
10 321.000000 134.000000
