Nombre des capteurs:
15
Nombre des targets:
7
Nombre de type de surveillance:
1

Caracteristiques:
40.000000 6 3.000000 18.000000 126.000000 a 62.968246 77.233414 207.038651 98.249680 88.566360 69.007248 65.795135 
40.000000 6 4.000000 64.000000 12.000000 a 62.169125 54.488529 199.612122 55.362442 44.407207 63.639610 57.245087 
40.000000 1 1.000000 156.000000 154.000000 a 131.821854 168.668320 73.054771 192.096329 172.742584 167.863037 141.650986 
40.000000 1 2.000000 45.000000 238.000000 a 165.148422 190.163086 209.914261 212.734573 200.721207 182.857864 172.000000 
40.000000 12 2.000000 218.000000 103.000000 a 168.689056 201.375275 27.892651 220.168121 200.810852 204.247406 176.912415 
40.000000 12 5.000000 245.000000 122.000000 a 199.123077 232.744492 21.540659 252.174545 232.690781 235.161652 207.692078 
40.000000 3 1.000000 12.000000 240.000000 a 171.723618 191.376587 239.726929 212.002365 202.632675 183.133835 177.101669 
40.000000 1 5.000000 12.000000 64.000000 a 41.000000 19.209373 222.991028 36.013885 30.528675 9.899495 33.060551 
40.000000 9 1.000000 18.000000 56.000000 a 38.013157 9.219544 219.829483 28.861740 20.591261 1.414214 28.792360 
40.000000 4 4.000000 243.000000 153.000000 a 207.077286 242.439682 29.206163 263.531769 243.823700 243.704742 216.270660 
40.000000 9 1.000000 174.000000 55.000000 a 123.320717 150.119949 90.697296 165.221069 146.986389 155.012909 129.468140 
40.000000 2 5.000000 136.000000 141.000000 a 108.074051 144.941360 89.677200 168.505188 149.241409 144.031250 117.923706 
40.000000 2 1.000000 112.000000 59.000000 a 61.611687 88.566360 133.454117 105.650368 86.585220 93.021500 67.364677 
40.000000 9 5.000000 60.000000 79.000000 a 10.000000 46.861500 172.702057 70.724815 52.009613 46.529560 19.849434 
40.000000 6 5.000000 42.000000 39.000000 a 35.440090 20.591261 204.377106 32.893768 14.035668 29.206163 27.166155 
Type de surveillance de chaque endroit(target):tab[nombre de target]
a a a a a a a 
Matrix of neighbour
1 0 0 0 0 0 0 0 0 0 0 0 0 1 0  
0 1 0 0 0 0 0 0 0 0 0 0 1 1 0  
0 0 1 0 0 0 0 0 0 0 0 0 0 0 0  
0 0 0 1 0 0 0 0 0 0 0 0 0 0 0  
0 0 0 0 1 1 0 0 0 1 0 0 0 0 0  
0 0 0 0 0 1 0 0 0 1 0 0 0 0 0  
0 0 0 1 0 0 1 0 0 0 0 0 0 0 0  
1 0 0 0 0 0 0 1 1 0 0 0 0 1 1  
1 1 0 0 0 0 0 0 1 0 0 0 0 1 1  
0 0 0 0 0 0 0 0 0 1 0 0 0 0 0  
0 0 0 0 1 0 0 0 0 0 1 0 0 0 0  
0 0 1 0 0 0 0 0 0 0 0 1 0 0 0  
0 0 0 0 0 0 0 0 0 0 1 0 1 0 0  
0 0 0 0 0 0 0 0 0 0 0 0 1 1 0  
0 1 0 0 0 0 0 0 0 0 0 0 0 1 1  
Connect directly to BS 
0 0 0 0 0 1 0 0 0 1 0 0 0 0 0 
Cordinaates of sensors 
1 18.000000 126.000000
2 64.000000 12.000000
3 156.000000 154.000000
4 45.000000 238.000000
5 218.000000 103.000000
6 245.000000 122.000000
7 12.000000 240.000000
8 12.000000 64.000000
9 18.000000 56.000000
10 243.000000 153.000000
11 174.000000 55.000000
12 136.000000 141.000000
13 112.000000 59.000000
14 60.000000 79.000000
15 42.000000 39.000000
