Nombre des capteurs:
10
Nombre des targets:
15
Nombre de type de surveillance:
1

Caracteristiques:
300.000000 1 3.000000 22.000000 108.000000 a 562.694397 321.603790 381.848145 70.213959 124.779808 467.423798 116.619041 329.419189 58.258045 463.777954 338.740326 273.386169 335.738007 372.633881 164.915131 
300.000000 2 1.000000 99.000000 397.000000 a 350.035706 452.620148 309.040436 363.675690 179.120071 254.017715 279.732025 437.384277 247.256958 528.983948 165.520386 166.066254 450.708344 157.003189 136.194717 
300.000000 12 4.000000 242.000000 325.000000 a 254.153503 330.130280 148.946304 353.050995 194.435074 158.549683 229.871704 308.029205 251.143387 379.189911 30.528675 38.483765 322.243683 74.330345 172.887253 
300.000000 3 3.000000 295.000000 215.000000 a 307.722290 211.435562 89.005615 313.968140 216.037033 233.334518 183.504761 187.256516 244.008194 261.633331 140.943253 101.911728 201.558929 187.109589 219.100433 
300.000000 11 3.000000 352.000000 158.000000 a 340.771179 154.042206 100.439034 338.600067 279.732025 284.015839 217.347641 124.326187 293.042664 181.024857 214.674179 182.482880 138.130371 258.487915 290.270569 
300.000000 6 3.000000 278.000000 94.000000 a 424.872925 100.722389 188.308258 249.146545 235.002121 355.168976 142.393814 88.459030 226.808289 211.248672 257.777039 202.780670 100.498756 304.795013 258.907318 
300.000000 12 4.000000 326.000000 303.000000 a 215.745224 297.001678 67.178864 392.908386 260.892700 140.890030 262.360443 269.536652 306.249908 313.823212 83.234612 100.841461 283.705841 118.004234 248.406921 
300.000000 6 2.000000 76.000000 414.000000 a 368.506439 479.025055 337.295135 377.234680 195.023071 274.432129 300.466309 464.423309 261.553040 557.345520 192.595428 194.617569 477.635834 180.709717 152.082214 
300.000000 9 4.000000 406.000000 183.000000 a 306.571350 193.829819 79.705711 397.966064 328.975677 265.198029 275.305298 161.771439 348.294403 170.425934 223.892838 209.401535 173.692261 262.154541 334.463745 
300.000000 7 5.000000 329.000000 480.000000 a 108.295891 474.004211 228.475388 530.016052 361.415283 42.941822 407.530365 446.219666 424.062500 475.290436 147.248093 216.122650 460.314026 109.786156 330.193878 
Type de surveillance de chaque endroit(target):tab[nombre de target]
a a a a a a a a a a a a a a a 