Nombre des capteurs:
16
Nombre des targets:
7
Nombre de type de surveillance:
1

Caracteristiques:
40.000000 11 3.000000 17.000000 201.000000 a 27.459061 31.780497 18.248287 24.331051 31.384710 26.076809 16.278820 
40.000000 1 3.000000 35.000000 223.000000 a 8.602325 31.780497 25.000000 18.973665 9.219544 25.298222 34.713108 
40.000000 12 5.000000 61.000000 176.000000 a 45.177429 78.517517 34.058773 35.227829 62.769421 29.206163 35.468296 
40.000000 4 5.000000 12.000000 216.000000 a 28.000000 16.124516 29.206163 31.016125 22.022715 35.355339 31.384710 
40.000000 3 3.000000 64.000000 147.000000 a 73.054771 102.415817 58.668560 62.393909 90.077744 56.080299 55.317268 
40.000000 3 4.000000 289.000000 109.000000 a 271.016602 309.622345 269.141235 265.932312 286.776917 261.946564 272.985352 
40.000000 2 1.000000 271.000000 76.000000 a 270.112946 308.228821 265.668976 263.706268 286.844910 259.061768 267.988800 
40.000000 4 5.000000 185.000000 193.000000 a 146.812805 184.743057 150.083313 144.499130 160.327789 142.126709 157.050949 
40.000000 7 3.000000 3.000000 229.000000 a 39.217342 1.414214 44.553337 44.944408 26.019224 50.000000 47.169907 
40.000000 3 3.000000 294.000000 226.000000 a 254.196777 290.027588 260.509125 253.870041 265.030182 252.448013 268.560974 
40.000000 1 3.000000 279.000000 141.000000 a 250.491516 289.043243 250.569351 246.454865 265.369568 243.022629 255.548431 
40.000000 1 4.000000 132.000000 137.000000 a 121.264175 158.218201 114.586212 113.600174 138.773193 108.466583 116.275536 
40.000000 8 5.000000 231.000000 42.000000 a 258.373749 294.742249 250.503494 250.337769 275.949280 244.934692 250.635193 
40.000000 5 1.000000 198.000000 237.000000 a 159.389465 194.126251 167.600723 160.227966 169.144913 159.590103 176.646545 
40.000000 10 2.000000 44.000000 154.000000 a 62.128899 85.883644 44.911022 51.088158 77.466118 45.011108 38.483765 
40.000000 10 3.000000 135.000000 31.000000 a 207.966339 238.247772 194.650970 197.767548 225.470612 191.541122 190.821899 
Type de surveillance de chaque endroit(target):tab[nombre de target]
a a a a a a a 
Matrix of neighbour
1 1 1 0 0 0 0 0 0 0 0 0 0 0 1 0  
0 1 1 0 0 0 0 0 0 0 0 0 0 0 1 0  
0 0 1 0 1 0 0 0 0 0 0 0 0 0 0 0  
1 1 1 1 0 0 0 0 0 0 0 0 0 0 1 0  
0 0 0 0 1 0 0 0 0 0 0 1 0 0 0 0  
0 0 0 0 0 1 0 0 0 0 1 0 0 0 0 0  
0 0 0 0 0 1 1 0 0 0 1 0 0 0 0 0  
0 0 0 0 0 0 0 1 0 0 0 0 0 0 0 0  
1 1 0 1 0 0 0 0 1 0 0 0 0 0 0 0  
0 0 0 0 0 0 0 0 0 1 0 0 0 0 0 0  
0 0 0 0 0 0 0 0 0 0 1 0 0 0 0 0  
0 0 0 0 0 0 0 0 0 0 0 1 0 0 0 0  
0 0 0 0 0 0 1 0 0 0 0 0 1 0 0 0  
0 0 0 0 0 0 0 1 0 0 0 0 0 1 0 0  
0 0 1 0 1 0 0 0 0 0 0 0 0 0 1 0  
0 0 0 0 0 0 0 0 0 0 0 0 0 0 0 1  
Connect directly to BS 
0 0 0 0 0 1 0 0 0 0 1 0 0 0 0 0 
Cordinaates of sensors 
1 17.000000 201.000000
2 35.000000 223.000000
3 61.000000 176.000000
4 12.000000 216.000000
5 64.000000 147.000000
6 289.000000 109.000000
7 271.000000 76.000000
8 185.000000 193.000000
9 3.000000 229.000000
10 294.000000 226.000000
11 279.000000 141.000000
12 132.000000 137.000000
13 231.000000 42.000000
14 198.000000 237.000000
15 44.000000 154.000000
16 135.000000 31.000000
