Nombre des capteurs:
15
Nombre des targets:
7
Nombre de type de surveillance:
1

Caracteristiques:
40.000000 6 3.000000 14.000000 58.000000 a 31.906113 234.266937 231.406570 195.509598 29.017237 26.683329 22.472204 
40.000000 3 1.000000 88.000000 27.000000 a 57.140179 226.419968 217.462646 200.691299 55.217751 68.183578 69.814041 
40.000000 11 3.000000 9.000000 173.000000 a 143.694122 165.109055 171.081848 117.618027 118.962181 141.428421 105.759163 
40.000000 3 1.000000 210.000000 150.000000 a 214.946503 105.190300 87.206650 122.441826 190.184128 223.660461 194.239548 
40.000000 7 2.000000 65.000000 50.000000 a 38.948685 213.775589 207.171432 182.693726 23.769728 48.466484 37.735924 
40.000000 4 4.000000 122.000000 69.000000 a 98.615417 176.912415 166.379089 157.203690 79.630394 108.503456 89.005615 
40.000000 10 1.000000 6.000000 45.000000 a 28.653097 249.435364 246.402115 210.772385 39.560081 19.104973 36.796738 
40.000000 11 5.000000 173.000000 119.000000 a 167.056870 123.794182 109.018349 122.188377 143.178207 176.005676 148.327347 
40.000000 3 4.000000 258.000000 7.000000 a 228.265198 255.001968 237.507889 262.101135 221.199005 239.309418 233.653595 
40.000000 12 2.000000 146.000000 215.000000 a 216.981567 29.966648 28.178005 33.837849 186.935822 222.182358 183.831451 
40.000000 1 2.000000 136.000000 239.000000 a 233.000000 23.194826 36.687874 25.553865 202.605530 237.286743 197.914124 
40.000000 11 3.000000 49.000000 54.000000 a 29.206163 217.816437 212.508820 183.872238 7.810250 36.400551 22.627417 
40.000000 10 5.000000 149.000000 219.000000 a 221.963959 25.079872 23.769728 35.693138 191.927063 227.178345 188.830612 
40.000000 6 2.000000 81.000000 269.000000 a 243.195389 82.540901 98.898941 54.203320 213.410400 244.724335 204.707108 
40.000000 8 2.000000 280.000000 269.000000 a 344.448822 123.975807 116.456001 171.478867 316.652802 351.808197 317.190796 
Type de surveillance de chaque endroit(target):tab[nombre de target]
a a a a a a a 
Matrix of neighbour
1 0 0 0 1 0 0 0 0 0 0 1 0 0 0  
0 1 0 0 0 1 0 0 0 0 0 0 0 0 0  
0 0 1 0 0 0 0 0 0 0 0 0 0 0 0  
0 0 0 1 0 0 0 0 0 0 0 0 0 0 0  
0 1 0 0 1 1 0 0 0 0 0 0 0 0 0  
0 0 0 0 0 1 0 0 0 0 0 0 0 0 0  
1 0 0 0 1 0 1 0 0 0 0 1 0 0 0  
0 0 0 1 0 0 0 1 0 0 0 0 0 0 0  
0 0 0 0 0 0 0 0 1 0 0 0 0 0 0  
0 0 0 0 0 0 0 0 0 1 0 0 1 0 0  
0 0 0 0 0 0 0 0 0 1 1 0 1 0 0  
0 1 0 0 1 0 0 0 0 0 0 1 0 0 0  
0 0 0 0 0 0 0 0 0 0 0 0 1 0 0  
0 0 0 0 0 0 0 0 0 0 1 0 0 1 0  
0 0 0 0 0 0 0 0 0 0 0 0 0 0 1  
Connect directly to BS 
0 0 0 0 0 0 0 0 0 0 0 0 0 0 0 
Cordinaates of sensors 
1 14.000000 58.000000
2 88.000000 27.000000
3 9.000000 173.000000
4 210.000000 150.000000
5 65.000000 50.000000
6 122.000000 69.000000
7 6.000000 45.000000
8 173.000000 119.000000
9 258.000000 7.000000
10 146.000000 215.000000
11 136.000000 239.000000
12 49.000000 54.000000
13 149.000000 219.000000
14 81.000000 269.000000
15 280.000000 269.000000
