Nombre des capteurs:
15
Nombre des targets:
7
Nombre de type de surveillance:
1

Caracteristiques:
40.000000 6 2.000000 20.000000 45.000000 a 107.280006 134.301895 105.948097 148.003372 97.718987 144.013885 99.247169 
40.000000 12 5.000000 52.000000 119.000000 a 83.528435 82.054863 80.777473 88.119240 75.213028 96.332756 33.015148 
40.000000 11 1.000000 114.000000 110.000000 a 36.138622 20.880613 33.734257 33.970577 35.014282 34.014702 30.675724 
40.000000 9 5.000000 182.000000 282.000000 a 215.244049 172.800461 213.883148 155.080627 218.197159 174.347351 188.820023 
40.000000 8 3.000000 294.000000 14.000000 a 181.554398 189.747208 184.114090 195.412384 191.002625 175.285477 234.343765 
40.000000 4 1.000000 156.000000 149.000000 a 81.024689 39.661064 80.056229 23.345236 85.586212 38.832977 76.694199 
40.000000 5 3.000000 235.000000 37.000000 a 118.270874 128.226364 120.813904 135.764496 127.781059 114.214706 171.432205 
40.000000 9 5.000000 197.000000 37.000000 a 83.186539 101.044548 85.883644 112.160599 92.195442 88.752464 139.402298 
40.000000 11 5.000000 279.000000 81.000000 a 156.115341 149.164337 158.050629 149.345230 166.108398 134.391220 197.881271 
40.000000 7 5.000000 141.000000 238.000000 a 163.990860 122.200653 162.237488 105.019043 165.387421 127.192764 130.613937 
40.000000 1 3.000000 123.000000 113.000000 a 38.000000 11.401754 36.055511 25.612497 39.293766 25.079872 38.639359 
40.000000 3 4.000000 215.000000 150.000000 a 118.697090 87.846458 119.016808 77.878113 126.605690 77.524193 133.416641 
40.000000 5 2.000000 243.000000 164.000000 a 149.402145 119.100800 149.843246 108.521889 157.546814 108.784187 164.012192 
40.000000 8 3.000000 15.000000 135.000000 a 123.547562 120.507263 120.830460 124.016129 114.908661 135.148071 71.589104 
40.000000 8 4.000000 107.000000 40.000000 a 38.483765 80.653580 39.560081 98.351410 35.510563 81.987801 82.969872 
Type de surveillance de chaque endroit(target):tab[nombre de target]
a a a a a a a 
Matrix of neighbour
1 0 0 0 0 0 0 0 0 0 0 0 0 0 0  
0 1 1 0 0 0 0 0 0 0 0 0 0 0 0  
0 0 1 0 0 1 0 0 0 0 1 0 0 0 0  
0 0 0 1 0 0 0 0 0 0 0 0 0 0 0  
0 0 0 0 1 0 1 0 1 0 0 0 0 0 0  
0 0 0 0 0 1 0 0 0 0 0 1 0 0 0  
0 0 0 0 0 0 1 0 1 0 0 0 0 0 0  
0 0 0 0 0 0 1 1 0 0 0 0 0 0 0  
0 0 0 0 0 0 0 0 1 0 0 0 0 0 0  
0 0 0 1 0 0 0 0 0 1 0 0 0 0 0  
0 0 0 0 0 1 0 0 0 0 1 0 0 0 0  
0 0 0 0 0 0 0 0 0 0 0 1 1 0 0  
0 0 0 0 0 0 0 0 0 0 0 0 1 0 0  
0 1 0 0 0 0 0 0 0 0 0 0 0 1 0  
0 0 0 0 0 0 0 0 0 0 0 0 0 0 1  
Connect directly to BS 
0 0 0 0 0 0 0 0 0 0 0 0 1 0 0 
Cordinaates of sensors 
1 20.000000 45.000000
2 52.000000 119.000000
3 114.000000 110.000000
4 182.000000 282.000000
5 294.000000 14.000000
6 156.000000 149.000000
7 235.000000 37.000000
8 197.000000 37.000000
9 279.000000 81.000000
10 141.000000 238.000000
11 123.000000 113.000000
12 215.000000 150.000000
13 243.000000 164.000000
14 15.000000 135.000000
15 107.000000 40.000000
