Nombre des capteurs:
15
Nombre des targets:
7
Nombre de type de surveillance:
1

Caracteristiques:
40.000000 6 4.000000 12.000000 140.000000 a 271.149414 268.046631 82.607506 250.241882 256.126923 243.051437 247.977829 
40.000000 9 1.000000 100.000000 150.000000 a 183.983688 180.623917 6.000000 163.355438 170.425934 155.080627 159.452194 
40.000000 10 4.000000 50.000000 217.000000 a 248.364655 244.180267 80.156097 229.538666 239.353302 217.276321 216.115707 
40.000000 7 2.000000 143.000000 107.000000 a 142.042252 139.832047 65.192024 121.016525 124.326187 118.270874 128.378342 
40.000000 11 5.000000 288.000000 139.000000 a 9.433981 8.944272 194.311600 27.856777 31.144823 33.541019 37.013512 
40.000000 11 3.000000 211.000000 43.000000 a 113.701363 115.000000 158.549683 99.985001 92.005432 111.085556 128.316010 
40.000000 9 4.000000 84.000000 248.000000 a 230.846268 226.241028 98.508881 214.114456 225.639099 199.624649 194.989746 
40.000000 4 4.000000 288.000000 147.000000 a 16.763054 14.422205 194.023193 31.622776 37.443291 33.060551 32.649654 
40.000000 1 4.000000 298.000000 282.000000 a 151.743210 148.097946 242.981476 157.178238 168.869766 143.589691 126.178444 
40.000000 11 1.000000 248.000000 130.000000 a 35.014282 32.388271 155.293274 14.035668 23.600847 16.552946 33.837849 
40.000000 9 5.000000 117.000000 181.000000 a 173.366669 169.366470 38.600517 154.042206 163.477829 142.618378 143.265488 
40.000000 10 4.000000 270.000000 45.000000 a 86.977005 90.553848 204.941452 84.380089 71.063354 101.118744 117.515953 
40.000000 4 4.000000 87.000000 114.000000 a 196.735870 194.139130 36.674240 175.641678 180.011108 170.836182 178.572113 
40.000000 4 3.000000 126.000000 214.000000 a 177.589417 173.080902 71.554176 160.377686 171.711975 146.294220 142.804062 
40.000000 9 4.000000 215.000000 268.000000 a 152.947708 148.033783 169.011841 146.731049 160.648682 129.340637 114.769333 
Type de surveillance de chaque endroit(target):tab[nombre de target]
a a a a a a a 
Matrix of neighbour
1 0 0 0 0 0 0 0 0 0 0 0 0 0 0  
0 1 0 1 0 0 0 0 0 0 1 0 0 1 0  
0 0 1 0 0 0 1 0 0 0 0 0 0 0 0  
0 0 0 1 0 0 0 0 0 0 0 0 0 0 0  
0 0 0 0 1 0 0 1 0 0 0 0 0 0 0  
0 0 0 0 0 1 0 0 0 0 0 1 0 0 0  
0 0 0 0 0 0 1 0 0 0 0 0 0 1 0  
0 0 0 0 0 0 0 1 0 0 0 0 0 0 0  
0 0 0 0 0 0 0 0 1 0 0 0 0 0 0  
0 0 0 0 1 0 0 1 0 1 0 0 0 0 0  
0 0 0 0 0 0 0 0 0 0 1 0 0 1 0  
0 0 0 0 0 0 0 0 0 0 0 1 0 0 0  
0 1 0 1 0 0 0 0 0 0 0 0 1 0 0  
0 0 0 0 0 0 0 0 0 0 0 0 0 1 0  
0 0 0 0 0 0 0 0 0 0 0 0 0 0 1  
Connect directly to BS 
0 0 0 0 1 0 0 1 0 1 0 0 0 0 0 
Cordinaates of sensors 
1 12.000000 140.000000
2 100.000000 150.000000
3 50.000000 217.000000
4 143.000000 107.000000
5 288.000000 139.000000
6 211.000000 43.000000
7 84.000000 248.000000
8 288.000000 147.000000
9 298.000000 282.000000
10 248.000000 130.000000
11 117.000000 181.000000
12 270.000000 45.000000
13 87.000000 114.000000
14 126.000000 214.000000
15 215.000000 268.000000
