Nombre des capteurs:
10
Nombre des targets:
15
Nombre de type de surveillance:
1

Caracteristiques:
300.000000 8 3.000000 30.000000 211.000000 a 369.444183 151.168777 187.384628 356.001404 132.279999 491.940033 430.373108 353.362427 424.189819 481.133026 270.001862 245.491348 105.394501 257.720764 508.236176 
300.000000 4 3.000000 107.000000 20.000000 a 257.870117 336.431274 230.887421 257.932159 88.204308 385.628052 346.659790 245.122421 325.412048 555.407043 467.552124 198.403625 104.737770 301.081390 568.684448 
300.000000 7 1.000000 260.000000 258.000000 a 231.209854 208.002411 55.443665 208.062485 210.021423 316.985809 245.246811 217.995407 255.033325 273.766327 321.076324 118.105888 218.652695 23.086792 291.158020 
300.000000 7 1.000000 76.000000 397.000000 a 449.538666 42.000000 223.957581 428.687531 291.358887 546.882996 475.563873 434.480164 483.227692 368.517303 96.254868 319.014099 274.262634 244.663040 405.610657 
300.000000 6 5.000000 363.000000 172.000000 a 121.000000 340.379211 154.651215 97.082436 258.062012 183.142029 111.126053 113.863953 124.020157 303.415558 455.013184 103.092194 279.331329 123.328827 301.771423 
300.000000 4 5.000000 409.000000 204.000000 a 159.765457 365.636444 192.937820 138.350998 311.178406 182.024719 112.893753 156.923553 138.452164 263.600067 470.243561 157.581726 331.061920 140.890030 256.456635 
300.000000 5 2.000000 21.000000 400.000000 a 488.635864 71.063354 264.092773 468.901917 306.150299 591.612183 521.138184 473.143738 526.643127 422.190704 81.394104 356.561340 284.987732 293.846893 459.836914 
300.000000 5 1.000000 21.000000 107.000000 a 346.554474 254.025589 227.754257 339.511414 92.005432 475.463989 424.117920 331.493591 409.956085 550.245422 374.085541 246.221451 68.883957 305.098358 572.000854 
300.000000 4 4.000000 31.000000 94.000000 a 334.773071 264.850891 226.355911 328.549835 83.186539 463.923492 414.010864 319.920288 398.914764 551.391846 387.005157 238.478516 63.953106 303.713684 572.064697 
300.000000 4 2.000000 406.000000 256.000000 a 209.461212 344.530121 191.859329 187.002670 328.257507 230.633911 163.713165 205.080475 190.394333 212.424103 439.037598 182.584229 344.692627 124.326187 207.867752 
Type de surveillance de chaque endroit(target):tab[nombre de target]
a a a a a a a a a a a a a a a 
Matrix of neighbour
1 0 0 1 0 0 1 0 0 0  
1 1 1 0 1 0 0 1 1 0  
1 0 1 1 0 0 1 0 0 0  
0 0 0 1 0 0 0 0 0 0  
0 0 1 0 1 0 0 0 0 1  
0 0 1 0 1 1 0 0 0 1  
0 0 0 1 0 0 1 0 0 0  
1 0 1 1 0 0 1 1 0 0  
1 0 1 0 0 0 0 1 1 0  
0 0 1 0 0 0 0 0 0 1  
Connect directly to BS 
1 0 1 1 0 0 1 0 0 0 
Cordinaates of sensors 
1 30.000000 211.000000
2 107.000000 20.000000
3 260.000000 258.000000
4 76.000000 397.000000
5 363.000000 172.000000
6 409.000000 204.000000
7 21.000000 400.000000
8 21.000000 107.000000
9 31.000000 94.000000
10 406.000000 256.000000
