Nombre des capteurs:
15
Nombre des targets:
7
Nombre de type de surveillance:
1

Caracteristiques:
40.000000 6 3.000000 16.000000 207.000000 a 134.629120 139.215652 148.124954 113.771698 139.903534 150.479233 132.574509 
40.000000 12 5.000000 76.000000 134.000000 a 77.006493 67.230942 80.956779 55.865910 74.793045 90.735878 66.370171 
40.000000 12 3.000000 198.000000 129.000000 a 178.036514 158.596970 171.093536 165.529449 169.944107 184.618530 164.438431 
40.000000 2 4.000000 278.000000 194.000000 a 276.842926 258.588470 271.768280 261.467010 269.714661 285.077179 263.410339 
40.000000 4 4.000000 141.000000 192.000000 a 163.416641 150.602127 164.805954 142.947540 159.790482 176.051132 151.743210 
40.000000 8 4.000000 34.000000 96.000000 a 23.537205 28.844410 35.693138 2.236068 27.459061 39.458839 20.615528 
40.000000 2 4.000000 159.000000 142.000000 a 147.176758 129.541504 143.125824 131.673843 140.459961 156.160172 133.843185 
40.000000 6 5.000000 127.000000 92.000000 a 99.824844 79.555016 91.416626 91.049438 90.956032 105.004761 86.313385 
40.000000 7 3.000000 288.000000 32.000000 a 262.225098 241.337936 248.696609 259.755646 251.733994 261.199158 250.081985 
40.000000 3 4.000000 45.000000 69.000000 a 16.492422 5.830952 8.944272 27.513634 6.000000 20.808653 8.544003 
40.000000 5 4.000000 155.000000 297.000000 a 257.005829 248.294174 262.091583 234.446152 255.812424 271.530853 247.323669 
40.000000 1 1.000000 57.000000 63.000000 a 29.732138 11.401754 16.124516 38.275318 18.973665 29.614185 20.518284 
40.000000 12 1.000000 280.000000 254.000000 a 309.454346 293.298492 307.196991 291.233582 303.819031 319.864044 296.602417 
40.000000 8 1.000000 105.000000 24.000000 a 90.426765 73.000000 73.925636 99.005051 79.881165 83.773506 82.328613 
40.000000 7 1.000000 276.000000 39.000000 a 249.329102 228.396591 236.027542 246.446747 238.891190 248.652374 237.065399 
Type de surveillance de chaque endroit(target):tab[nombre de target]
a a a a a a a 
Matrix of neighbour
1 0 0 0 0 0 0 0 0 0 0 0 0 0 0  
0 1 0 0 0 0 0 1 0 0 0 0 0 0 0  
0 0 1 0 0 0 0 0 0 0 0 0 0 0 0  
0 0 0 1 0 0 0 0 0 0 0 0 0 0 0  
0 0 0 0 1 0 1 0 0 0 0 0 0 0 0  
0 1 0 0 0 1 0 0 0 1 0 1 0 0 0  
0 0 1 0 0 0 1 0 0 0 0 0 0 0 0  
0 0 0 0 0 0 1 1 0 0 0 0 0 0 0  
0 0 0 0 0 0 0 0 1 0 0 0 0 0 1  
0 0 0 0 0 0 0 0 0 1 0 1 0 0 0  
0 0 0 0 0 0 0 0 0 0 1 0 0 0 0  
0 0 0 0 0 0 0 0 0 0 0 1 0 1 0  
0 0 0 1 0 0 0 0 0 0 0 0 1 0 0  
0 0 0 0 0 0 0 0 0 0 0 0 0 1 0  
0 0 0 0 0 0 0 0 0 0 0 0 0 0 1  
Connect directly to BS 
0 0 0 1 0 0 0 0 0 0 0 0 0 0 0 
Cordinaates of sensors 
1 16.000000 207.000000
2 76.000000 134.000000
3 198.000000 129.000000
4 278.000000 194.000000
5 141.000000 192.000000
6 34.000000 96.000000
7 159.000000 142.000000
8 127.000000 92.000000
9 288.000000 32.000000
10 45.000000 69.000000
11 155.000000 297.000000
12 57.000000 63.000000
13 280.000000 254.000000
14 105.000000 24.000000
15 276.000000 39.000000
