Nombre des capteurs:
10
Nombre des targets:
15
Nombre de type de surveillance:
1

Caracteristiques:
300.000000 7 3.000000 27.000000 346.000000 a 381.057739 453.228424 245.904449 426.298004 298.690460 318.058167 434.065674 289.015564 344.093018 278.648529 493.009125 106.677086 57.982758 174.613861 319.377533 
300.000000 12 5.000000 127.000000 224.000000 a 230.644745 356.544525 134.629120 303.476532 212.461761 228.711609 318.039307 226.596558 240.308136 196.206528 346.943787 176.181717 100.209778 97.621719 164.201096 
300.000000 3 5.000000 330.000000 215.000000 a 252.414337 165.945770 85.234970 100.319489 91.268837 87.823685 115.849037 134.729355 363.859863 353.967499 174.413300 280.617188 277.027069 157.784668 193.793701 
300.000000 3 1.000000 463.000000 324.000000 a 419.453217 34.928497 216.011566 121.564796 141.152405 122.983742 96.690224 149.110703 535.600586 522.073730 241.747803 352.295319 395.456696 270.558685 365.089020 
300.000000 12 2.000000 236.000000 320.000000 a 319.903107 242.621109 64.513565 224.510574 88.119240 107.517441 227.951752 85.094063 376.198090 339.835266 315.329987 141.735672 168.668320 48.877399 248.243835 
300.000000 11 4.000000 57.000000 160.000000 a 207.713745 440.254486 223.161377 375.949463 303.433685 318.416382 394.087555 320.627502 159.524292 104.235313 394.585846 247.878998 145.416641 192.338242 162.929428 
300.000000 5 1.000000 266.000000 238.000000 a 246.077225 217.800369 22.847319 166.904160 88.729927 99.357941 179.226120 121.741531 330.237793 308.972504 236.027542 218.753281 209.028702 91.831367 177.395035 
300.000000 1 3.000000 213.000000 153.000000 a 151.327454 298.357178 114.769333 223.617981 188.438324 197.083740 244.131119 221.415894 233.420227 221.923416 241.373154 264.282043 210.069031 143.265488 79.831070 
300.000000 12 3.000000 481.000000 53.000000 a 292.308044 239.033478 304.322205 162.225159 298.283417 285.170135 179.644089 338.881989 448.906464 473.237793 47.634022 501.450897 483.810913 375.410431 285.847870 
300.000000 2 2.000000 75.000000 115.000000 a 162.689896 439.241394 232.077576 366.727417 313.025543 325.972382 387.164063 335.912201 119.870766 81.841309 370.384949 288.376495 190.128906 215.779984 127.440186 
Type de surveillance de chaque endroit(target):tab[nombre de target]
a a a a a a a a a a a a a a a 