Nombre des capteurs:
10
Nombre des targets:
30
Nombre de type de surveillance:
1

Caracteristiques:
300.000000 12 3.000000 29.000000 336.000000 a 353.556213 320.014069 306.863159 369.120575 278.657501 397.416656 224.804352 118.067780 209.308380 194.311600 501.614380 124.020157 249.353165 401.004974 323.000000 372.200226 215.745224 217.039169 382.167511 56.824291 371.540039 470.838623 164.514435 360.234650 447.853760 444.419861 304.685089 277.146179 132.015152 277.683258 
300.000000 6 1.000000 59.000000 372.000000 a 361.012451 357.526215 302.352448 335.538361 272.605957 361.474762 194.743423 88.769363 193.643997 170.601883 501.757904 126.605690 233.497330 372.554688 360.251312 372.699615 221.020355 222.607285 341.526001 103.174606 373.376495 465.107513 204.570282 333.618042 411.695282 444.932587 339.005890 251.065735 101.192886 280.371185 
300.000000 6 5.000000 103.000000 294.000000 a 272.591278 288.466644 221.776917 306.740936 193.643997 339.087006 161.929001 178.000000 129.313568 123.939499 417.455383 39.204590 168.442871 329.946960 290.580444 287.987854 133.003754 134.469330 336.148773 101.316338 287.767273 385.752502 149.843246 287.466522 389.061707 360.312378 264.357727 205.664780 189.873642 194.000000 
300.000000 6 1.000000 20.000000 361.000000 a 377.809479 345.052185 327.580536 375.201294 298.750732 401.659058 233.077240 93.134308 225.211014 206.167404 524.123047 145.866379 265.369568 410.644623 348.116364 394.655548 239.106674 240.482849 382.007843 77.129761 394.380524 491.415314 189.042328 370.951477 451.934723 466.978577 330.552582 288.013885 107.228729 300.562805 
300.000000 10 5.000000 108.000000 246.000000 a 234.138855 244.180267 197.327133 320.657135 172.467392 355.607941 181.400116 223.948654 129.988464 139.520615 384.962341 35.383614 164.073151 334.885040 246.028458 256.222565 98.979797 99.985001 361.083099 113.296074 254.607544 359.535797 118.067780 291.358887 404.361237 327.835327 218.123825 213.927551 236.315460 161.384628 
300.000000 2 2.000000 483.000000 182.000000 a 226.790649 486.214966 188.002655 227.160736 208.504196 248.909622 287.800293 532.679993 271.311615 296.730530 159.765457 359.923615 231.233643 164.757401 484.434723 170.578430 289.389008 289.292236 314.331024 492.114838 180.272018 93.150414 467.107056 169.460907 252.572769 153.808319 447.532135 228.809967 538.267578 236.685440 
300.000000 8 1.000000 452.000000 127.000000 a 178.997208 440.223816 166.688339 270.296143 193.328735 297.069031 302.630127 537.827087 270.857910 302.729248 97.984695 348.673187 232.699371 212.143814 438.092468 125.781555 267.327515 266.810791 359.680420 477.264069 133.820770 30.016663 438.316101 205.876175 307.319061 92.849342 402.140533 247.620682 544.890808 208.312271 
300.000000 10 1.000000 309.000000 322.000000 a 239.018829 416.803314 139.703262 109.480591 119.641129 147.186951 65.000000 313.177277 85.428329 86.052307 313.466095 182.562317 63.411354 122.053268 416.990417 209.773682 169.852875 171.330093 174.470627 309.103546 217.278625 255.391861 329.164093 80.006248 192.854874 266.204803 380.821472 5.830952 317.553131 169.729202 
300.000000 2 1.000000 6.000000 382.000000 a 402.731934 366.546051 350.887451 388.104370 321.753021 412.941895 248.471329 74.464760 245.936981 224.361313 548.255432 170.082336 286.000000 426.276917 369.716095 418.810211 263.759369 265.165985 389.529205 96.083298 418.718292 514.511414 210.237961 387.517731 462.929810 491.153748 353.307220 305.000000 88.526833 324.969238 
300.000000 7 2.000000 490.000000 378.000000 a 361.653137 588.506592 275.771637 96.876213 273.928833 85.234970 238.113419 471.169830 274.249878 272.209473 351.511017 372.021515 244.204834 72.111023 588.001709 311.117340 346.953888 348.001434 147.827606 496.596405 321.603790 282.024811 516.828796 115.004349 60.926186 330.163605 550.514282 190.937164 471.666199 323.797791 
Type de surveillance de chaque endroit(target):tab[nombre de target]
a a a a a a a a a a a a a a a a a a a a a a a a a a a a a a 
Matrix of neighbour
1 1 0 1 0 0 0 0 0 0  
0 1 0 0 0 0 0 0 0 0  
1 1 1 1 0 0 0 0 1 0  
0 1 0 1 0 0 0 0 0 0  
1 1 1 1 1 0 0 0 1 0  
0 0 0 0 0 1 0 1 0 1  
0 0 0 0 0 1 1 1 0 1  
1 1 1 1 1 0 0 1 0 0  
1 1 0 1 0 0 0 0 1 0  
0 0 0 0 0 0 0 1 0 1  
Connect directly to BS 
1 1 1 1 1 0 0 1 1 0 
Cordinaates of sensors 
1 29.000000 336.000000
2 59.000000 372.000000
3 103.000000 294.000000
4 20.000000 361.000000
5 108.000000 246.000000
6 483.000000 182.000000
7 452.000000 127.000000
8 309.000000 322.000000
9 6.000000 382.000000
10 490.000000 378.000000
