Nombre des capteurs:
10
Nombre des targets:
15
Nombre de type de surveillance:
1

Caracteristiques:
300.000000 4 3.000000 25.000000 472.000000 a 443.644012 569.221375 399.504700 628.650146 567.825684 460.721161 113.991226 519.685486 401.687683 386.627716 388.397980 640.103882 366.383667 334.574371 401.881836 
300.000000 5 4.000000 79.000000 193.000000 a 159.477264 369.432007 257.419891 421.777191 338.031067 304.198944 299.861633 416.136993 259.306763 404.544189 269.874054 440.283997 321.549377 316.734894 177.087555 
300.000000 4 4.000000 172.000000 252.000000 a 225.568176 313.869385 166.111404 371.873627 304.244965 222.308350 237.446838 320.099976 168.267639 294.608215 171.026306 386.186493 212.207443 206.632523 137.295303 
300.000000 4 1.000000 407.000000 288.000000 a 391.795868 219.911346 99.035347 271.272919 269.551483 108.683022 334.607239 95.713112 98.290382 139.014389 74.946648 270.416351 64.660652 102.449989 220.002274 
300.000000 6 2.000000 480.000000 10.000000 a 373.905060 79.309517 255.195999 19.849434 110.548630 197.466446 586.935242 234.307495 253.239014 423.001190 275.481384 21.540659 347.246307 383.318420 265.363892 
300.000000 10 5.000000 130.000000 138.000000 a 104.560989 304.909821 220.791763 354.189209 267.000000 256.797577 349.091675 377.200226 222.283600 401.698883 240.187424 373.935822 309.347687 313.478882 117.004272 
300.000000 11 5.000000 81.000000 465.000000 a 429.787170 525.863098 352.903656 585.508301 529.770691 413.875580 61.098282 466.649750 355.038025 330.193878 339.558533 595.713013 312.016022 279.379669 367.613922 
300.000000 9 5.000000 1.000000 368.000000 a 348.511108 520.458435 365.321777 578.204956 506.527405 424.876465 181.466248 506.415833 367.555450 412.243866 362.111847 592.800964 366.230804 342.000000 337.456665 
300.000000 12 4.000000 456.000000 341.000000 a 463.493256 273.541595 171.119843 318.127319 331.354797 174.957138 349.914276 103.464973 170.425934 98.005104 145.715469 312.641968 90.049988 116.180893 292.056488 
300.000000 8 2.000000 159.000000 237.000000 a 207.617432 316.303650 176.819122 373.405945 301.955292 230.653427 250.880447 333.073578 178.907791 314.006378 184.390884 388.702972 230.325851 225.869431 133.206604 
Type de surveillance de chaque endroit(target):tab[nombre de target]
a a a a a a a a a a a a a a a 
Matrix of neighbour
1 0 0 0 0 0 1 0 0 0  
1 1 1 0 0 0 1 1 0 1  
1 0 1 0 0 0 1 1 0 0  
0 0 1 1 0 0 0 0 0 1  
0 0 0 1 1 0 0 0 0 0  
0 1 1 0 0 1 0 1 0 1  
0 0 0 0 0 0 1 0 0 0  
1 0 0 0 0 0 1 1 0 0  
0 0 1 1 0 0 0 0 1 0  
1 0 1 0 0 0 1 1 0 1  
Connect directly to BS 
1 1 1 0 0 1 1 1 0 1 
Cordinaates of sensors 
1 25.000000 472.000000
2 79.000000 193.000000
3 172.000000 252.000000
4 407.000000 288.000000
5 480.000000 10.000000
6 130.000000 138.000000
7 81.000000 465.000000
8 1.000000 368.000000
9 456.000000 341.000000
10 159.000000 237.000000
