Nombre des capteurs:
10
Nombre des targets:
15
Nombre de type de surveillance:
1

Caracteristiques:
300.000000 5 3.000000 20.000000 233.000000 a 373.021454 156.108932 331.144989 131.848404 227.237762 268.197693 343.141357 196.010208 367.491486 289.606628 256.320099 202.408005 218.577225 238.000000 144.308701 
300.000000 8 4.000000 167.000000 250.000000 a 240.584702 84.214012 187.843018 142.947540 188.512604 128.140549 208.038452 232.899124 228.114014 169.499268 233.173752 185.539749 198.338089 265.424194 81.859634 
300.000000 11 4.000000 84.000000 362.000000 a 270.440369 210.582520 253.779434 15.652476 83.354668 193.186432 247.517670 94.047859 277.115509 182.013733 352.846985 60.016663 314.771332 126.400162 61.220913 
300.000000 2 3.000000 239.000000 179.000000 a 252.230057 79.075912 181.157394 244.002045 278.915771 146.986389 219.237320 333.677979 226.638474 211.482864 181.121506 281.602570 157.800507 365.000000 180.205444 
300.000000 4 5.000000 481.000000 232.000000 a 216.400085 326.735382 176.139145 429.010498 408.447052 226.636276 209.322723 503.167969 182.877014 267.839508 388.012878 429.787170 381.588776 519.270630 360.922424 
300.000000 5 5.000000 352.000000 72.000000 a 333.001495 212.877899 260.491852 399.515961 426.755188 262.185059 306.719727 488.881378 298.135864 328.987854 201.645721 433.416656 208.865982 519.061646 334.520538 
300.000000 6 4.000000 140.000000 413.000000 a 211.151611 247.891098 212.077820 90.906548 25.238859 161.152100 194.180328 123.044708 225.144394 126.301224 396.408875 45.705578 360.022217 133.281662 89.358826 
300.000000 9 2.000000 480.000000 245.000000 a 205.526154 328.636566 168.240906 424.499695 401.294159 220.857422 199.724808 497.292664 172.586212 259.599701 394.547852 423.321381 386.988373 512.519287 356.854309 
300.000000 9 1.000000 497.000000 471.000000 a 160.224838 453.785187 212.701675 442.475983 372.840454 269.029724 190.276108 480.837799 169.401886 247.008102 566.601257 405.097534 547.113342 477.000000 393.489502 
300.000000 11 5.000000 413.000000 218.000000 a 197.010147 257.309143 137.568161 369.348083 359.200500 174.401840 179.788757 447.823639 160.648682 226.808289 324.693695 377.270447 315.572510 467.394897 300.328156 
Type de surveillance de chaque endroit(target):tab[nombre de target]
a a a a a a a a a a a a a a a 
