Nombre des capteurs:
15
Nombre des targets:
7
Nombre de type de surveillance:
1

Caracteristiques:
40.000000 6 2.000000 21.000000 269.000000 a 123.065025 108.226616 107.517441 96.332756 109.786156 122.380554 99.824844 
40.000000 5 4.000000 81.000000 208.000000 a 39.395432 31.144823 22.203604 11.704700 25.059929 36.878178 14.764823 
40.000000 1 3.000000 209.000000 88.000000 a 138.852432 158.372971 153.456833 165.096939 151.327454 138.852432 161.523987 
40.000000 8 4.000000 216.000000 3.000000 a 213.358856 222.081070 224.839951 234.087585 223.647049 208.925827 230.755280 
40.000000 5 2.000000 217.000000 269.000000 a 126.210144 166.688339 139.283890 150.359573 135.369858 143.055939 148.717850 
40.000000 12 5.000000 112.000000 162.000000 a 30.413813 37.161808 35.468296 44.204071 35.171009 19.313208 40.804413 
40.000000 5 5.000000 276.000000 271.000000 a 177.544357 219.180298 192.626587 204.834076 188.557678 193.705963 202.780670 
40.000000 5 3.000000 24.000000 138.000000 a 107.540688 66.610809 94.201912 84.864601 98.005104 91.241440 85.702972 
40.000000 6 3.000000 294.000000 278.000000 a 196.786682 238.447052 211.929230 224.147278 207.858124 212.896683 222.092316 
40.000000 8 4.000000 91.000000 165.000000 a 37.483330 17.691807 31.048349 32.557640 33.241539 20.518284 30.149628 
40.000000 3 4.000000 17.000000 258.000000 a 119.816528 101.400200 103.406960 91.350975 106.018867 117.592514 94.921021 
40.000000 5 1.000000 288.000000 154.000000 a 175.171341 211.255768 193.395966 207.504211 189.707672 184.837769 204.159256 
40.000000 6 1.000000 194.000000 182.000000 a 77.646637 116.107712 95.885345 110.027267 92.070625 89.022469 106.794197 
40.000000 4 5.000000 177.000000 47.000000 a 156.923553 163.404404 167.296143 175.965912 166.364059 151.238220 172.699158 
40.000000 6 1.000000 105.000000 225.000000 a 35.114101 55.072678 30.594116 34.409302 29.068884 45.000000 34.481880 
Type de surveillance de chaque endroit(target):tab[nombre de target]
a a a a a a a 
Matrix of neighbour
1 0 0 0 0 0 0 0 0 0 1 0 0 0 0  
0 1 0 0 0 1 0 0 0 1 0 0 0 0 1  
0 0 1 0 0 0 0 0 0 0 0 0 0 0 0  
0 0 0 1 0 0 0 0 0 0 0 0 0 1 0  
0 0 0 0 1 0 1 0 0 0 0 0 0 0 0  
0 0 0 0 0 1 0 0 0 0 0 0 0 0 0  
0 0 0 0 0 0 1 0 0 0 0 0 0 0 0  
0 0 0 0 0 0 0 1 0 0 0 0 0 0 0  
0 0 0 0 0 0 1 0 1 0 0 0 0 0 0  
0 0 0 0 0 1 0 0 0 1 0 0 0 0 1  
0 0 0 0 0 0 0 0 0 0 1 0 0 0 0  
0 0 0 0 0 0 0 0 0 0 0 1 0 0 0  
0 0 0 0 0 0 0 0 0 0 0 0 1 0 0  
0 0 1 0 0 0 0 0 0 0 0 0 0 1 0  
0 0 0 0 0 1 0 0 0 0 0 0 0 0 1  
Connect directly to BS 
0 0 0 0 0 0 0 0 0 0 0 1 0 0 0 
Cordinaates of sensors 
1 21.000000 269.000000
2 81.000000 208.000000
3 209.000000 88.000000
4 216.000000 3.000000
5 217.000000 269.000000
6 112.000000 162.000000
7 276.000000 271.000000
8 24.000000 138.000000
9 294.000000 278.000000
10 91.000000 165.000000
11 17.000000 258.000000
12 288.000000 154.000000
13 194.000000 182.000000
14 177.000000 47.000000
15 105.000000 225.000000
