Nombre des capteurs:
10
Nombre des targets:
15
Nombre de type de surveillance:
1

Caracteristiques:
300.000000 1 4.000000 45.000000 427.000000 a 131.137329 234.046997 456.070160 365.886597 304.573486 308.016235 341.063049 435.849731 203.049255 248.847336 252.352921 285.110504 215.132523 316.766479 12.806249 
300.000000 6 1.000000 76.000000 1.000000 a 331.593109 222.991028 137.014603 113.172432 455.244995 121.593582 422.356476 78.102493 228.429413 206.184387 177.282257 531.060242 509.129639 371.052551 420.005951 
300.000000 7 1.000000 24.000000 44.000000 a 303.488068 206.939606 193.395966 138.495483 456.097565 100.895988 431.863403 135.723984 196.420471 192.002609 147.648224 521.952087 491.178162 379.853912 375.161285 
300.000000 1 1.000000 198.000000 108.000000 a 229.976089 119.883278 106.066017 49.406479 299.060181 110.887329 261.323547 112.004463 162.188156 106.230881 132.075729 383.356232 374.213837 210.800858 351.126770 
300.000000 9 4.000000 245.000000 273.000000 a 126.574089 118.701309 271.889679 212.614670 137.902145 217.830215 125.283676 283.028259 161.124176 129.618668 185.218796 212.461761 205.197464 79.101204 255.765518 
300.000000 6 1.000000 243.000000 402.000000 a 134.238586 213.412750 400.126221 333.997009 106.254410 320.039063 153.404694 406.853790 230.950211 229.421005 273.541595 107.447662 76.791924 148.949661 208.693558 
300.000000 5 4.000000 342.000000 439.000000 a 238.415604 301.039856 454.683411 404.296906 70.028564 406.208069 132.018936 472.969330 328.030487 315.226898 365.591309 33.541019 96.254868 162.996933 307.650787 
300.000000 9 1.000000 82.000000 93.000000 a 240.054153 135.059250 158.937088 77.278717 380.552216 29.614185 356.012634 113.701363 136.235092 119.079803 85.094063 448.777222 421.674042 304.006592 329.370605 
300.000000 10 1.000000 24.000000 88.000000 a 262.771759 172.626770 207.234161 134.301895 425.864990 72.470680 406.352051 154.236832 155.682373 159.176010 109.288612 486.795654 452.769257 354.571564 331.182739 
300.000000 10 2.000000 144.000000 313.000000 a 19.849434 99.020203 317.586212 234.418427 207.692078 199.040192 221.036194 308.162292 99.859901 116.068947 146.931961 240.468292 198.305313 183.564697 152.042755 
Type de surveillance de chaque endroit(target):tab[nombre de target]
a a a a a a a a a a a a a a a 