Nombre des capteurs:
10
Nombre des targets:
30
Nombre de type de surveillance:
1

Caracteristiques:
300.000000 5 3.000000 34.000000 75.000000 a 25.000000 267.755493 283.097168 371.344849 429.954651 207.154526 565.173401 503.310059 295.743134 361.203552 205.234009 305.104889 458.353577 371.247894 275.363403 63.780876 97.493591 400.124969 353.050995 432.603760 415.943512 424.595093 194.311600 201.933151 415.278229 495.323120 444.443481 438.630829 304.901611 296.705231 
300.000000 5 5.000000 87.000000 199.000000 a 112.294258 136.124939 207.347534 347.453583 330.928986 103.004852 444.605438 417.087524 246.018295 232.639206 70.384659 191.002625 429.172455 284.288574 140.527573 82.152298 86.925255 293.586456 326.955658 298.484497 283.425476 365.089020 94.847244 69.426216 404.411926 413.284393 386.400055 336.487732 199.022614 202.388245 
300.000000 9 5.000000 191.000000 184.000000 a 178.058975 118.949570 103.043678 247.832611 239.726929 191.908829 377.371185 318.818115 142.442978 189.108429 111.036034 256.204987 326.695587 185.162094 150.216507 127.945297 95.524864 209.021530 227.246567 302.800262 252.001984 260.109589 188.279053 88.617157 307.626404 313.249115 281.396515 247.832611 272.244385 106.451866 
300.000000 7 4.000000 304.000000 470.000000 a 458.039307 211.206055 283.176636 423.228058 202.425293 335.600952 140.128510 278.632385 337.592957 118.966385 280.242737 292.205414 453.776367 243.823700 213.845734 417.004791 395.840881 172.351379 409.499695 135.944839 65.299309 342.660187 345.488068 277.852478 481.789368 291.907532 355.647308 190.057892 317.616119 240.601334 
300.000000 10 4.000000 491.000000 23.000000 a 463.441467 420.792114 256.329865 93.230896 284.622559 532.264954 443.497467 247.099167 199.972504 415.597168 447.448334 586.237183 34.014702 244.597626 460.577911 419.662964 382.251221 312.757080 113.718948 563.961853 469.248322 143.003494 528.715454 424.438446 49.040798 228.078934 134.495346 298.650299 605.892700 290.628632 
300.000000 7 2.000000 261.000000 248.000000 a 270.985229 100.702530 69.354164 237.606812 150.216507 237.446838 283.098907 238.018906 131.125900 115.351639 147.868179 269.534790 299.736542 108.779594 140.346008 221.815231 190.370697 115.247559 218.899521 255.162689 180.136063 208.482620 238.924667 128.035156 301.014954 236.019073 229.268402 156.387344 291.583618 31.622776 
300.000000 1 2.000000 392.000000 63.000000 a 359.906921 322.144379 158.050629 13.601471 231.311478 426.517303 404.357513 232.561813 97.590981 331.058899 343.052460 484.195221 100.179840 173.530975 361.531464 314.668091 276.725494 246.089417 7.810250 478.181976 390.216614 113.017700 422.607391 320.039063 74.966660 215.334625 122.024590 246.343262 502.880707 197.266312 
300.000000 6 4.000000 329.000000 62.000000 a 297.437378 284.620789 129.807556 76.059189 243.821655 374.444916 418.125580 268.001862 71.175842 310.692780 295.006775 439.241394 163.076675 177.564072 322.615875 253.049408 215.668732 246.953430 58.420887 453.184296 373.605408 155.708054 369.438751 272.281097 126.625435 252.873489 170.293869 258.427948 456.176514 173.170441 
300.000000 5 5.000000 465.000000 136.000000 a 432.500854 333.282166 178.443268 97.616600 169.366470 462.641327 328.671570 138.003616 141.031906 311.284424 373.610748 502.251923 83.486526 137.902145 372.667419 383.470978 344.419800 200.663895 102.825096 458.384125 360.256866 28.301943 461.576660 351.353088 128.724518 119.369179 20.880613 183.109253 524.203186 201.295807 
300.000000 2 3.000000 236.000000 397.000000 a 359.183807 112.361023 217.862335 377.895477 197.060898 239.426392 218.524597 291.158020 278.280426 37.576588 180.479919 210.686966 425.600739 209.602005 114.808533 319.555939 300.847137 153.218796 361.088623 111.400177 35.846897 319.319580 248.501511 178.675690 440.236298 299.060181 336.609558 190.538712 236.763596 174.613861 
Type de surveillance de chaque endroit(target):tab[nombre de target]
a a a a a a a a a a a a a a a a a a a a a a a a a a a a a a 
Matrix of neighbour
1 1 1 0 0 1 0 0 0 0  
0 1 0 0 0 0 0 0 0 1  
0 1 1 0 0 1 0 0 0 1  
0 0 0 1 0 0 0 0 0 1  
0 0 0 0 1 0 1 1 1 0  
0 1 0 1 0 1 0 0 0 1  
0 0 1 0 0 1 1 1 0 0  
1 1 1 0 0 1 0 1 0 0  
0 0 1 0 0 1 1 1 1 0  
0 0 0 0 0 0 0 0 0 1  
Connect directly to BS 
0 1 1 1 0 1 0 0 0 1 
Cordinaates of sensors 
1 34.000000 75.000000
2 87.000000 199.000000
3 191.000000 184.000000
4 304.000000 470.000000
5 491.000000 23.000000
6 261.000000 248.000000
7 392.000000 63.000000
8 329.000000 62.000000
9 465.000000 136.000000
10 236.000000 397.000000
