Nombre des capteurs:
15
Nombre des targets:
7
Nombre de type de surveillance:
1

Caracteristiques:
40.000000 6 2.000000 17.000000 201.000000 a 74.094536 28.319605 38.078865 69.310890 59.908264 49.578220 87.045967 
40.000000 2 4.000000 35.000000 223.000000 a 75.802376 43.011627 15.297058 76.967529 73.545906 58.189346 93.150414 
40.000000 11 4.000000 61.000000 176.000000 a 23.600847 25.317978 45.354160 23.769728 27.313000 10.630146 39.446167 
40.000000 1 3.000000 12.000000 216.000000 a 86.833176 43.266617 38.209946 83.630135 75.292763 63.780876 101.178062 
40.000000 12 3.000000 64.000000 147.000000 a 21.931713 43.278172 74.330345 6.708204 14.560220 23.259407 17.720045 
40.000000 4 5.000000 289.000000 109.000000 a 215.615402 262.773682 263.518494 226.318359 242.662323 242.293213 210.601517 
40.000000 3 5.000000 271.000000 76.000000 a 209.468369 256.984436 263.774536 218.048157 233.379517 235.696838 201.136765 
40.000000 3 3.000000 185.000000 193.000000 a 109.480591 149.566040 137.673523 124.595345 141.382462 133.364166 115.831772 
40.000000 2 4.000000 3.000000 229.000000 a 102.068604 59.076221 47.853943 99.357941 91.065910 79.511009 116.846054 
40.000000 4 1.000000 294.000000 226.000000 a 223.365173 262.068695 244.073761 238.449158 255.266525 246.908890 228.965057 
40.000000 7 5.000000 279.000000 141.000000 a 200.104965 246.109726 242.243683 212.339355 229.218231 226.614212 198.002518 
40.000000 3 3.000000 132.000000 137.000000 a 57.697487 105.190300 116.674759 66.940269 83.186539 83.934502 51.244511 
40.000000 1 3.000000 231.000000 42.000000 a 192.875610 238.891190 253.860199 198.032822 211.286530 217.267120 180.277557 
40.000000 1 3.000000 198.000000 237.000000 a 139.817734 171.735260 148.973145 155.618118 171.172424 159.677795 150.711639 
40.000000 8 4.000000 44.000000 154.000000 a 36.878178 27.202942 66.272163 23.021729 6.708204 17.204651 38.897301 
Type de surveillance de chaque endroit(target):tab[nombre de target]
a a a a a a a 
Matrix of neighbour
1 1 1 0 0 0 0 0 0 0 0 0 0 0 1  
0 1 1 0 0 0 0 0 0 0 0 0 0 0 1  
0 0 1 0 1 0 0 0 0 0 0 0 0 0 0  
1 1 1 1 0 0 0 0 0 0 0 0 0 0 1  
0 0 0 0 1 0 0 0 0 0 0 1 0 0 0  
0 0 0 0 0 1 0 0 0 0 1 0 0 0 0  
0 0 0 0 0 1 1 0 0 0 1 0 0 0 0  
0 0 0 0 0 0 0 1 0 0 0 0 0 0 0  
1 1 0 1 0 0 0 0 1 0 0 0 0 0 0  
0 0 0 0 0 0 0 0 0 1 0 0 0 0 0  
0 0 0 0 0 0 0 0 0 0 1 0 0 0 0  
0 0 0 0 0 0 0 0 0 0 0 1 0 0 0  
0 0 0 0 0 0 1 0 0 0 0 0 1 0 0  
0 0 0 0 0 0 0 1 0 0 0 0 0 1 0  
0 0 1 0 1 0 0 0 0 0 0 0 0 0 1  
Connect directly to BS 
0 0 0 0 0 1 0 0 0 0 1 0 0 0 0 
Cordinaates of sensors 
1 17.000000 201.000000
2 35.000000 223.000000
3 61.000000 176.000000
4 12.000000 216.000000
5 64.000000 147.000000
6 289.000000 109.000000
7 271.000000 76.000000
8 185.000000 193.000000
9 3.000000 229.000000
10 294.000000 226.000000
11 279.000000 141.000000
12 132.000000 137.000000
13 231.000000 42.000000
14 198.000000 237.000000
15 44.000000 154.000000
