Nombre des capteurs:
10
Nombre des targets:
30
Nombre de type de surveillance:
1

Caracteristiques:
300.000000 7 3.000000 27.000000 346.000000 a 381.057739 453.228424 245.904449 426.298004 298.690460 318.058167 434.065674 289.015564 344.093018 278.648529 493.009125 106.677086 57.982758 174.613861 319.377533 129.294235 476.390594 145.055161 254.049210 304.059204 200.442017 278.619812 115.004349 308.366669 369.304749 402.534485 220.383759 307.006500 277.088440 219.207657 
300.000000 12 5.000000 127.000000 224.000000 a 230.644745 356.544525 134.629120 303.476532 212.461761 228.711609 318.039307 226.596558 240.308136 196.206528 346.943787 176.181717 100.209778 97.621719 164.201096 96.566040 350.291321 286.539703 107.466270 147.756561 176.400116 233.308807 121.926208 181.069046 289.499573 244.920395 67.683083 209.353775 280.417542 64.498062 
300.000000 3 5.000000 330.000000 215.000000 a 252.414337 165.945770 85.234970 100.319489 91.268837 87.823685 115.849037 134.729355 363.859863 353.967499 174.413300 280.617188 277.027069 157.784668 193.793701 204.286560 148.276764 412.825623 216.455536 123.069084 186.657440 163.085861 228.569458 22.360680 133.461609 176.147659 196.451019 348.678925 249.070267 148.788437 
300.000000 3 1.000000 463.000000 324.000000 a 419.453217 34.928497 216.011566 121.564796 141.152405 122.983742 96.690224 149.110703 535.600586 522.073730 241.747803 352.295319 395.456696 270.558685 365.089020 310.079010 140.513351 470.626190 386.167053 294.821991 241.422867 167.287186 321.686188 187.216446 67.364677 328.940735 361.382080 519.211914 227.407120 309.554504 
300.000000 12 2.000000 236.000000 320.000000 a 319.903107 242.621109 64.513565 224.510574 88.119240 107.517441 227.951752 85.094063 376.198090 339.835266 315.329987 141.735672 168.668320 48.877399 248.243835 83.054199 274.985443 273.148315 225.853928 190.065781 50.990196 88.090858 97.267670 124.036285 160.377686 282.603973 187.296555 349.012909 145.797806 138.538803 
300.000000 11 4.000000 57.000000 160.000000 a 207.713745 440.254486 223.161377 375.949463 303.433685 318.416382 394.087555 320.627502 159.524292 104.235313 394.585846 247.878998 145.416641 192.338242 162.929428 184.024460 418.688416 332.741638 90.824005 186.429611 269.557037 328.123444 203.592728 257.841034 379.686707 262.514771 85.023529 124.197426 373.001343 130.000000 
300.000000 5 1.000000 266.000000 238.000000 a 246.077225 217.800369 22.847319 166.904160 88.729927 99.357941 179.226120 121.741531 330.237793 308.972504 236.027542 218.753281 209.028702 91.831367 177.395035 137.876755 215.863388 350.796234 176.867188 110.855759 137.927521 143.136292 163.783386 46.097721 159.840546 196.725693 147.566940 309.467285 221.442993 94.894676 
300.000000 1 3.000000 213.000000 153.000000 a 151.327454 298.357178 114.769333 223.617981 188.438324 197.083740 244.131119 221.415894 233.420227 221.923416 241.373154 264.282043 210.069031 143.265488 79.831070 174.631042 263.827606 387.742188 84.095184 36.235340 217.389053 240.852646 204.707108 115.676270 255.290024 135.428955 71.175842 216.453232 313.249115 49.203659 
300.000000 12 3.000000 481.000000 53.000000 a 292.308044 239.033478 304.322205 162.225159 298.283417 285.170135 179.644089 338.881989 448.906464 473.237793 47.634022 501.450897 483.810913 375.410431 285.847870 421.046326 131.137329 633.725464 349.902832 252.049591 406.834106 368.317810 447.420380 239.760300 290.704315 189.264359 354.888702 452.216766 453.030914 328.823669 
300.000000 2 2.000000 75.000000 115.000000 a 162.689896 439.241394 232.077576 366.727417 313.025543 325.972382 387.164063 335.912201 119.870766 81.841309 370.384949 288.376495 190.128906 215.779984 127.440186 216.536377 405.907623 379.578705 62.032249 166.676331 296.354523 347.220398 239.560013 255.156815 386.906952 228.632889 79.611557 88.836929 400.450989 132.638611 
Type de surveillance de chaque endroit(target):tab[nombre de target]
a a a a a a a a a a a a a a a a a a a a a a a a a a a a a a 
Matrix of neighbour
1 0 0 0 0 0 0 0 0 0  
1 1 0 0 1 0 0 0 0 0  
0 1 1 0 1 1 1 1 0 1  
0 0 1 1 1 0 1 0 0 0  
1 0 0 0 1 0 0 0 0 0  
1 1 0 0 1 1 1 0 0 0  
1 1 0 0 1 0 1 0 0 0  
1 1 0 0 1 1 1 1 0 0  
0 0 1 1 0 0 1 1 1 0  
1 1 0 0 1 1 1 1 0 1  
Connect directly to BS 
1 1 1 0 1 1 1 1 0 1 
Cordinaates of sensors 
1 27.000000 346.000000
2 127.000000 224.000000
3 330.000000 215.000000
4 463.000000 324.000000
5 236.000000 320.000000
6 57.000000 160.000000
7 266.000000 238.000000
8 213.000000 153.000000
9 481.000000 53.000000
10 75.000000 115.000000
