Nombre des capteurs:
10
Nombre des targets:
30
Nombre de type de surveillance:
1

Caracteristiques:
300.000000 7 3.000000 30.000000 211.000000 a 369.444183 151.168777 187.384628 356.001404 132.279999 491.940033 430.373108 353.362427 424.189819 481.133026 270.001862 245.491348 105.394501 257.720764 508.236176 216.270660 268.007477 288.626068 133.221619 192.608414 363.785645 39.012817 378.112427 470.981964 442.471466 57.314919 387.262177 437.504272 447.611450 440.990936 
300.000000 3 3.000000 107.000000 20.000000 a 257.870117 336.431274 230.887421 257.932159 88.204308 385.628052 346.659790 245.122421 325.412048 555.407043 467.552124 198.403625 104.737770 301.081390 568.684448 389.128510 268.704285 404.728302 336.680847 55.172459 476.917175 193.762741 507.607117 363.727905 507.906494 186.077942 464.562164 417.784637 537.529541 320.001556 
300.000000 6 1.000000 260.000000 258.000000 a 231.209854 208.002411 55.443665 208.062485 210.021423 316.985809 245.246811 217.995407 255.033325 273.766327 321.076324 118.105888 218.652695 23.086792 291.158020 207.966339 62.008064 141.428421 262.162170 229.715042 202.595657 196.939072 241.466354 300.541168 227.692780 180.936447 181.705811 208.626465 254.678223 291.564758 
300.000000 6 1.000000 76.000000 397.000000 a 449.538666 42.000000 223.957581 428.687531 291.358887 546.882996 475.563873 434.480164 483.227692 368.517303 96.254868 319.014099 274.262634 244.663040 405.610657 42.720020 290.908936 173.011566 83.737686 346.355316 229.965210 187.130966 223.617981 529.671570 344.768036 192.314850 288.173553 424.388977 324.030853 515.834290 
300.000000 5 5.000000 363.000000 172.000000 a 121.000000 340.379211 154.651215 97.082436 258.062012 183.142029 111.126053 113.863953 124.020157 303.415558 455.013184 103.092194 279.331329 123.328827 301.771423 341.591858 74.793045 254.017715 390.438202 244.237595 292.318329 296.445618 338.634033 167.600723 254.466110 277.965820 235.002121 120.066650 306.192749 165.846313 
300.000000 3 5.000000 409.000000 204.000000 a 159.765457 365.636444 192.937820 138.350998 311.178406 182.024719 112.893753 156.923553 138.452164 263.600067 470.243561 157.581726 331.061920 140.890030 256.456635 356.775848 111.112556 252.239960 420.630493 299.933319 276.278839 340.052948 324.007721 172.168518 216.279907 322.001556 207.927872 64.404968 273.660370 185.873611 
300.000000 3 2.000000 21.000000 400.000000 a 488.635864 71.063354 264.092773 468.901917 306.150299 591.612183 521.138184 473.143738 526.643127 422.190704 81.394104 356.561340 284.987732 293.846893 459.836914 96.420952 336.466949 228.002197 57.706154 364.472229 282.803833 195.969391 272.611450 573.628784 399.500946 205.866455 343.071411 476.592072 376.948273 556.773743 
300.000000 4 1.000000 21.000000 107.000000 a 346.554474 254.025589 227.754257 339.511414 92.005432 475.463989 424.117920 331.493591 409.956085 550.245422 374.085541 246.221451 68.883957 305.098358 572.000854 316.891144 295.182983 370.469971 236.171555 135.192459 446.350769 113.635384 467.097412 453.538300 507.119324 118.152443 455.685211 463.185699 522.552368 415.427490 
300.000000 2 4.000000 31.000000 94.000000 a 334.773071 264.850891 226.355911 328.549835 83.186539 463.923492 414.010864 319.920288 398.914764 551.391846 387.005157 238.478516 63.953106 303.713684 572.064697 326.528717 290.712921 374.898651 249.723846 121.457809 450.619568 122.065559 472.822388 441.952484 507.540161 124.326187 457.009857 457.318268 524.947632 403.039703 
300.000000 2 2.000000 406.000000 256.000000 a 209.461212 344.530121 191.859329 187.002670 328.257507 230.633911 163.713165 205.080475 190.394333 212.424103 439.037598 182.584229 344.692627 124.326187 207.867752 327.001526 117.783699 212.362900 403.491028 326.013794 228.177567 340.124969 276.061584 222.407288 164.596481 323.051086 156.732254 65.551506 221.578430 237.928558 
Type de surveillance de chaque endroit(target):tab[nombre de target]
a a a a a a a a a a a a a a a a a a a a a a a a a a a a a a 
Matrix of neighbour
1 0 0 1 0 0 1 0 0 0  
1 1 1 0 1 0 0 1 1 0  
1 0 1 1 0 0 1 0 0 0  
0 0 0 1 0 0 0 0 0 0  
0 0 1 0 1 0 0 0 0 1  
0 0 1 0 1 1 0 0 0 1  
0 0 0 1 0 0 1 0 0 0  
1 0 1 1 0 0 1 1 0 0  
1 0 1 0 0 0 0 1 1 0  
0 0 1 0 0 0 0 0 0 1  
Connect directly to BS 
1 0 1 1 0 0 1 0 0 0 
Cordinaates of sensors 
1 30.000000 211.000000
2 107.000000 20.000000
3 260.000000 258.000000
4 76.000000 397.000000
5 363.000000 172.000000
6 409.000000 204.000000
7 21.000000 400.000000
8 21.000000 107.000000
9 31.000000 94.000000
10 406.000000 256.000000
