Nombre des capteurs:
10
Nombre des targets:
15
Nombre de type de surveillance:
1

Caracteristiques:
300.000000 11 4.000000 51.000000 39.000000 a 572.584473 417.972473 399.712402 400.484711 490.917511 499.988007 335.574127 401.004974 458.938995 562.225952 380.338013 448.483002 229.368698 109.142113 338.147888 
300.000000 10 1.000000 36.000000 475.000000 a 439.738556 333.541595 107.837845 106.512909 406.503387 237.303604 454.762573 601.175537 361.765106 348.414978 408.313599 200.823303 283.176636 477.582458 568.792603 
300.000000 1 2.000000 269.000000 397.000000 a 206.050964 91.831367 138.974823 140.185593 161.046570 90.088844 255.331161 400.281158 116.056023 149.164337 185.270081 61.294373 190.184128 400.000000 387.071045 
300.000000 5 4.000000 39.000000 254.000000 a 466.840454 314.006378 200.002502 200.412079 399.505951 330.219635 338.320862 464.691284 356.140411 419.128845 333.181641 275.775269 141.056732 268.337463 416.082916 
300.000000 8 1.000000 1.000000 477.000000 a 474.747314 366.563782 141.060272 139.785553 440.654053 272.183746 481.931519 627.293396 395.693054 383.293610 438.630829 235.790161 303.871674 489.522217 592.661804 
300.000000 11 3.000000 447.000000 490.000000 a 69.079666 183.673630 318.698914 319.494904 134.807266 174.025864 340.277832 449.027832 146.710602 63.031738 258.135620 216.120331 374.113617 558.237427 464.634277 
300.000000 1 5.000000 468.000000 263.000000 a 163.076675 148.519363 373.423340 374.765259 103.368271 296.986542 146.372818 222.575836 131.643463 243.920074 98.061203 297.513031 291.871552 399.025055 246.975708 
300.000000 1 1.000000 314.000000 117.000000 a 347.508270 224.628586 361.066467 362.432068 264.425781 372.264679 65.946945 157.543640 251.543243 381.477386 138.708328 340.296936 176.819122 188.321533 115.624390 
300.000000 12 4.000000 8.000000 286.000000 a 485.618164 337.349976 191.342621 191.441895 423.001190 332.604858 377.640045 507.110443 378.308075 428.733032 366.531036 278.878113 178.986038 311.014465 459.575897 
300.000000 12 3.000000 421.000000 210.000000 a 222.171112 152.643372 361.619965 363.022034 147.054413 314.058899 75.822159 171.819672 155.769058 284.416962 59.076221 302.059601 243.821655 329.400970 183.806961 
Type de surveillance de chaque endroit(target):tab[nombre de target]
a a a a a a a a a a a a a a a 