Nombre des capteurs:
16
Nombre des targets:
7
Nombre de type de surveillance:
1

Caracteristiques:
40.000000 9 1.000000 13.000000 64.000000 a 211.009476 201.816742 210.943115 201.109421 211.567963 209.389587 208.081711 
40.000000 6 3.000000 59.000000 238.000000 a 192.626587 186.638687 190.065781 191.167465 186.389374 190.420593 185.067551 
40.000000 8 4.000000 145.000000 195.000000 a 98.994949 94.366310 96.176918 99.639351 92.021736 96.876213 91.219513 
40.000000 8 5.000000 177.000000 129.000000 a 38.209946 29.614185 37.013512 32.310989 36.221542 36.124783 33.060551 
40.000000 9 2.000000 211.000000 94.000000 a 31.257000 29.427877 34.132095 23.345236 39.051247 32.062439 37.013512 
40.000000 3 2.000000 167.000000 56.000000 a 84.053551 77.524193 85.982559 72.945183 89.693924 83.761566 86.452301 
40.000000 8 4.000000 195.000000 181.000000 a 59.464275 59.033890 56.302753 65.115280 51.264023 57.870544 52.201534 
40.000000 12 1.000000 45.000000 248.000000 a 209.830887 203.828354 207.270355 208.338669 203.590271 207.624664 202.272095 
40.000000 11 1.000000 243.000000 110.000000 a 31.764761 39.217342 34.132095 36.674240 37.802116 34.000000 39.115215 
40.000000 12 2.000000 197.000000 288.000000 a 163.990860 165.245270 160.900589 171.292145 155.823624 162.788208 157.537292 
40.000000 8 5.000000 11.000000 25.000000 a 227.191544 218.240692 227.635681 216.517899 229.058945 225.842865 225.470612 
40.000000 1 1.000000 275.000000 50.000000 a 96.046867 100.448990 99.020203 95.462036 103.600197 98.081596 103.855667 
40.000000 9 3.000000 268.000000 132.000000 a 53.460266 62.649822 54.147945 62.817196 55.009090 55.326305 58.008621 
40.000000 7 4.000000 288.000000 127.000000 a 73.027390 82.097504 74.006760 81.614952 75.239616 75.006668 78.102493 
40.000000 1 3.000000 213.000000 153.000000 a 28.071337 30.805843 25.019993 36.496574 20.000000 27.000000 22.203604 
40.000000 1 3.000000 134.000000 28.000000 a 126.372467 119.201508 128.062485 115.108643 131.400146 125.876923 128.003906 
Type de surveillance de chaque endroit(target):tab[nombre de target]
a a a a a a a 
Matrix of neighbour
1 0 0 0 0 0 0 0 0 0 0 0 0 0 0 0  
0 1 0 0 0 0 0 0 0 0 0 0 0 0 0 0  
0 0 1 0 0 0 1 0 0 0 0 0 0 0 0 0  
0 0 0 1 1 0 1 0 1 0 0 0 0 0 1 0  
0 0 0 0 1 0 0 0 1 0 0 0 1 0 1 0  
0 0 0 0 1 1 0 0 0 0 0 0 0 0 0 0  
0 0 0 0 0 0 1 0 0 0 0 0 0 0 1 0  
0 1 0 0 0 0 0 1 0 0 0 0 0 0 0 0  
0 0 0 0 0 0 0 0 1 0 0 0 1 1 0 0  
0 0 0 0 0 0 0 0 0 1 0 0 0 0 0 0  
1 0 0 0 0 0 0 0 0 0 1 0 0 0 0 0  
0 0 0 0 0 0 0 0 1 0 0 1 0 0 0 0  
0 0 0 0 0 0 0 0 0 0 0 0 1 1 0 0  
0 0 0 0 0 0 0 0 0 0 0 0 0 1 0 0  
0 0 0 0 0 0 0 0 1 0 0 0 1 0 1 0  
0 0 0 0 0 1 0 0 0 0 0 0 0 0 0 1  
Connect directly to BS 
0 0 0 0 0 0 0 0 1 0 0 0 1 1 0 0 
Cordinaates of sensors 
1 13.000000 64.000000
2 59.000000 238.000000
3 145.000000 195.000000
4 177.000000 129.000000
5 211.000000 94.000000
6 167.000000 56.000000
7 195.000000 181.000000
8 45.000000 248.000000
9 243.000000 110.000000
10 197.000000 288.000000
11 11.000000 25.000000
12 275.000000 50.000000
13 268.000000 132.000000
14 288.000000 127.000000
15 213.000000 153.000000
16 134.000000 28.000000
