Nombre des capteurs:
15
Nombre des targets:
7
Nombre de type de surveillance:
1

Caracteristiques:
40.000000 6 3.000000 15.000000 283.000000 a 287.308197 193.837555 240.104141 184.092361 275.659210 277.108276 246.065033 
40.000000 8 5.000000 47.000000 115.000000 a 239.870804 28.653097 206.693008 15.556349 213.063370 212.577042 217.706223 
40.000000 10 1.000000 103.000000 151.000000 a 178.241409 92.849342 141.682739 65.069191 154.000000 154.029221 152.433594 
40.000000 2 4.000000 244.000000 172.000000 a 36.000000 226.373581 22.803509 198.040405 24.698177 27.294687 29.154760 
40.000000 4 1.000000 288.000000 6.000000 a 166.192657 268.479034 194.535339 250.007996 148.276764 145.344421 199.263641 
40.000000 12 4.000000 78.000000 83.000000 a 220.737396 45.541191 194.733154 29.000000 191.481064 190.436340 206.118896 
40.000000 11 2.000000 48.000000 279.000000 a 255.485809 189.594299 208.146576 175.285477 245.081619 246.661713 213.740494 
40.000000 10 2.000000 0.000000 221.000000 a 284.255157 135.092560 239.526611 130.587143 266.362549 267.166626 247.808395 
40.000000 10 5.000000 273.000000 204.000000 a 32.756680 265.699066 36.400551 237.118118 55.362442 58.240879 26.172504 
40.000000 3 5.000000 95.000000 142.000000 a 187.416641 80.919716 152.161102 53.037724 162.249802 162.111069 163.049072 
40.000000 3 3.000000 30.000000 83.000000 a 265.369568 7.615773 235.764709 35.000000 236.966248 236.122849 247.008102 
40.000000 1 4.000000 53.000000 59.000000 a 253.570496 36.891735 229.019653 45.276924 223.785614 222.569092 240.416306 
40.000000 11 3.000000 99.000000 237.000000 a 192.317444 161.136581 145.499146 139.176147 179.888855 181.342224 152.315460 
40.000000 2 5.000000 243.000000 182.000000 a 38.327538 229.268402 13.000000 200.771011 34.014702 36.769554 19.416489 
40.000000 9 5.000000 278.000000 154.000000 a 18.110771 253.221252 56.568542 225.610291 21.213203 21.840330 56.302753 
Type de surveillance de chaque endroit(target):tab[nombre de target]
a a a a a a a 
Matrix of neighbour
1 0 0 0 0 0 1 1 0 0 0 0 0 0 0  
0 1 1 0 0 1 0 0 0 1 0 0 0 0 0  
0 0 1 0 0 0 0 0 0 0 0 0 0 0 0  
0 0 0 1 0 0 0 0 0 0 0 0 0 0 1  
0 0 0 0 1 0 0 0 0 0 0 0 0 0 0  
0 0 0 0 0 1 0 0 0 1 0 0 0 0 0  
0 0 0 0 0 0 1 0 0 0 0 0 1 0 0  
0 0 0 0 0 0 0 1 0 0 0 0 0 0 0  
0 0 0 1 0 0 0 0 1 0 0 0 0 0 1  
0 0 1 0 0 0 0 0 0 1 0 0 0 0 0  
0 1 0 0 0 1 0 0 0 0 1 1 0 0 0  
0 1 0 0 0 1 0 0 0 0 0 1 0 0 0  
0 0 0 0 0 0 0 0 0 0 0 0 1 0 0  
0 0 0 1 0 0 0 0 1 0 0 0 0 1 1  
0 0 0 0 0 0 0 0 0 0 0 0 0 0 1  
Connect directly to BS 
0 0 0 1 0 0 0 0 1 0 0 0 0 1 1 
Cordinaates of sensors 
1 15.000000 283.000000
2 47.000000 115.000000
3 103.000000 151.000000
4 244.000000 172.000000
5 288.000000 6.000000
6 78.000000 83.000000
7 48.000000 279.000000
8 0.000000 221.000000
9 273.000000 204.000000
10 95.000000 142.000000
11 30.000000 83.000000
12 53.000000 59.000000
13 99.000000 237.000000
14 243.000000 182.000000
15 278.000000 154.000000
