Nombre des capteurs:
16
Nombre des targets:
7
Nombre de type de surveillance:
1

Caracteristiques:
40.000000 1 2.000000 18.000000 126.000000 a 65.795135 35.735138 33.541019 39.812057 73.246162 53.310413 75.432091 
40.000000 1 2.000000 64.000000 12.000000 a 57.245087 87.321243 90.338257 83.216583 51.312767 69.641945 49.091751 
40.000000 12 5.000000 156.000000 154.000000 a 141.650986 141.325867 145.413208 136.883163 155.566711 140.064270 156.083313 
40.000000 12 1.000000 45.000000 238.000000 a 172.000000 146.874100 146.512802 148.337448 183.221176 161.111755 185.172897 
40.000000 3 5.000000 218.000000 103.000000 a 176.912415 189.319839 194.257568 183.461166 188.223267 180.878418 187.779129 
40.000000 1 1.000000 245.000000 122.000000 a 207.692078 218.073380 222.894592 212.424103 219.476654 210.857773 219.146072 
40.000000 9 4.000000 12.000000 240.000000 a 177.101669 148.973145 147.488983 151.753082 186.550262 165.221069 188.663727 
40.000000 4 1.000000 12.000000 64.000000 a 33.060551 32.756680 31.384710 34.713108 25.632011 29.966648 27.313000 
40.000000 9 5.000000 18.000000 56.000000 a 28.792360 37.643059 37.483330 38.013157 18.027756 29.698484 19.235384 
40.000000 2 1.000000 243.000000 153.000000 a 216.270660 222.524155 227.070480 217.331543 229.026199 217.697037 228.989090 
40.000000 2 5.000000 174.000000 55.000000 a 129.468140 149.646255 154.738495 143.338760 138.000000 136.780853 137.014603 
40.000000 9 5.000000 136.000000 141.000000 a 117.923706 117.686020 121.852371 113.145920 131.893890 116.211014 132.457535 
40.000000 6 1.000000 112.000000 59.000000 a 67.364677 89.319649 94.339813 83.006027 76.105194 75.186432 75.239616 
40.000000 6 5.000000 60.000000 79.000000 a 19.849434 33.615471 38.626415 27.313000 33.941124 21.095022 34.713108 
40.000000 9 3.000000 42.000000 39.000000 a 27.166155 54.571056 56.920998 51.478149 17.088007 38.118237 14.866069 
40.000000 2 2.000000 135.000000 142.000000 a 117.796432 117.200684 121.334251 112.712021 131.795303 115.935326 132.382019 
Type de surveillance de chaque endroit(target):tab[nombre de target]
a a a a a a a 
Matrix of neighbour
1 0 0 0 0 0 0 0 0 0 0 0 0 1 0 0  
0 1 0 0 0 0 0 0 0 0 0 0 1 1 0 0  
0 0 1 0 0 0 0 0 0 0 0 0 0 0 0 0  
0 0 0 1 0 0 0 0 0 0 0 0 0 0 0 0  
0 0 0 0 1 1 0 0 0 1 0 0 0 0 0 0  
0 0 0 0 0 1 0 0 0 1 0 0 0 0 0 0  
0 0 0 1 0 0 1 0 0 0 0 0 0 0 0 0  
1 0 0 0 0 0 0 1 1 0 0 0 0 1 1 0  
1 1 0 0 0 0 0 0 1 0 0 0 0 1 1 0  
0 0 0 0 0 0 0 0 0 1 0 0 0 0 0 0  
0 0 0 0 1 0 0 0 0 0 1 0 0 0 0 0  
0 0 1 0 0 0 0 0 0 0 0 1 0 0 0 0  
0 0 0 0 0 0 0 0 0 0 1 0 1 0 0 0  
0 0 0 0 0 0 0 0 0 0 0 0 1 1 0 0  
0 1 0 0 0 0 0 0 0 0 0 0 0 1 1 0  
0 0 1 0 0 0 0 0 0 0 0 1 0 0 0 1  
Connect directly to BS 
0 0 0 0 0 1 0 0 0 1 0 0 0 0 0 0 
Cordinaates of sensors 
1 18.000000 126.000000
2 64.000000 12.000000
3 156.000000 154.000000
4 45.000000 238.000000
5 218.000000 103.000000
6 245.000000 122.000000
7 12.000000 240.000000
8 12.000000 64.000000
9 18.000000 56.000000
10 243.000000 153.000000
11 174.000000 55.000000
12 136.000000 141.000000
13 112.000000 59.000000
14 60.000000 79.000000
15 42.000000 39.000000
16 135.000000 142.000000
