Nombre des capteurs:
10
Nombre des targets:
15
Nombre de type de surveillance:
1

Caracteristiques:
300.000000 11 4.000000 38.000000 314.000000 a 265.316803 308.292084 275.980072 275.118164 127.945297 172.939301 320.887817 490.710724 435.361908 369.628204 178.213348 325.613281 444.707764 266.692719 272.148865 
300.000000 1 5.000000 116.000000 26.000000 a 268.888458 275.288940 77.466118 271.827148 356.350952 150.572235 143.279449 360.855927 308.519043 469.400696 330.847382 219.317123 260.001923 140.929062 70.830788 
300.000000 3 1.000000 279.000000 75.000000 a 156.387344 137.295303 103.000000 153.310150 333.256653 267.525696 28.017851 193.258896 138.917236 347.639191 274.798096 63.953106 109.128365 73.409805 234.335236 
300.000000 10 2.000000 473.000000 463.000000 a 295.487732 297.808655 488.623566 293.209808 336.154724 555.202637 447.889496 378.001312 369.423889 97.452553 285.870605 369.845917 448.612305 425.620728 598.929871 
300.000000 11 2.000000 490.000000 185.000000 a 205.221832 165.096939 332.710083 195.563293 395.050629 471.962921 263.518494 101.607086 114.214706 236.088959 317.529541 189.560013 196.458649 276.741760 465.508331 
300.000000 12 2.000000 39.000000 314.000000 a 264.367157 307.358093 275.481384 274.169647 127.094452 173.046234 320.224915 489.826508 434.493958 368.657013 177.225845 324.784546 443.948181 266.007507 272.117615 
300.000000 6 3.000000 332.000000 114.000000 a 124.310097 90.199776 160.801117 117.720009 324.829193 313.253876 90.338257 142.972031 85.510231 295.243958 256.725525 30.000000 99.282425 111.162041 293.954071 
300.000000 5 5.000000 349.000000 185.000000 a 74.813103 29.832869 205.009750 65.299309 281.460480 331.798126 148.070923 158.521286 109.808922 222.245361 207.060379 67.007462 162.262131 143.558350 334.145172 
300.000000 5 5.000000 40.000000 6.000000 a 336.340607 347.850555 152.502457 340.473206 389.966675 137.462723 221.686722 439.163971 387.091705 533.165100 378.380768 296.141846 336.536774 213.908859 36.674240 
300.000000 10 5.000000 482.000000 32.000000 a 276.523041 232.206802 309.006470 267.421021 483.762329 474.914734 234.787140 53.935146 93.338097 379.638000 409.785309 200.688812 106.230881 275.436005 435.114929 
Type de surveillance de chaque endroit(target):tab[nombre de target]
a a a a a a a a a a a a a a a 