Nombre des capteurs:
10
Nombre des targets:
30
Nombre de type de surveillance:
1

Caracteristiques:
300.000000 1 3.000000 35.000000 449.000000 a 279.901764 362.415497 383.412323 392.418152 410.121948 453.442383 325.788269 297.355011 417.202576 620.200745 296.204315 234.273346 278.039551 251.924591 193.227844 225.062210 369.066376 438.010284 24.758837 438.755066 347.282318 176.411453 429.441498 180.346893 495.265594 178.058975 549.168457 353.362427 220.880051 564.907043 
300.000000 11 2.000000 136.000000 347.000000 a 165.873444 224.802139 249.190689 255.156815 268.225647 354.295074 182.584229 189.084641 334.994019 476.665497 155.048386 100.224747 184.382751 108.706024 92.130341 137.353561 232.312286 351.727173 146.239532 307.175842 207.537949 73.061615 289.006927 146.492325 351.876404 79.611557 406.208069 259.615112 117.987289 422.143341 
300.000000 12 1.000000 348.000000 148.000000 a 231.510254 122.200653 137.087570 97.293373 47.853943 289.067474 112.160599 228.372498 346.023132 186.807388 148.932877 216.060181 262.762238 182.439026 279.651581 279.243622 125.028000 344.419800 436.138733 137.200577 116.965805 279.100342 84.202141 349.692719 61.400326 282.115234 125.251747 286.574585 259.464844 134.647690 
300.000000 7 4.000000 361.000000 6.000000 a 299.232361 190.918839 179.025131 237.134979 189.042328 415.260162 227.774017 370.951477 339.995575 106.018867 253.885803 317.277496 405.222168 306.373962 371.981171 419.108582 186.131668 329.037994 547.550903 261.275726 203.199402 411.251740 121.165176 487.682281 111.000000 415.234863 37.643059 308.716705 397.689575 132.200607 
300.000000 8 2.000000 363.000000 449.000000 a 361.697388 337.094940 368.582428 206.087357 254.070862 131.673843 267.151642 84.118965 538.674316 456.991241 279.100342 287.116699 67.007462 222.912537 325.909485 112.271988 346.135803 549.003662 346.417389 202.410477 314.574310 176.411453 361.424957 150.615402 339.705750 170.531525 419.869019 460.557281 131.529465 378.565704 
300.000000 8 5.000000 187.000000 270.000000 a 111.211510 134.766464 161.623016 183.991852 185.809036 326.840942 91.219513 171.816757 289.601440 386.207184 63.071388 36.619667 184.859406 33.955853 93.134308 158.316147 142.874069 301.837708 234.827591 243.296112 116.077560 114.629837 196.888290 202.805328 263.402740 121.061966 314.338989 211.116089 131.487640 335.596497 
300.000000 8 3.000000 461.000000 452.000000 a 435.733856 389.802521 419.888092 228.352798 277.245392 55.901699 322.795593 158.028473 607.553284 448.040192 343.700439 365.547546 157.279999 297.249054 411.895630 207.884583 398.207245 615.241394 444.450226 196.461197 368.730255 270.680634 398.026367 247.729691 346.953888 265.345062 427.931061 531.083801 223.653748 367.049042 
300.000000 2 2.000000 41.000000 231.000000 a 92.114059 205.730408 212.190948 328.219452 318.044037 476.724243 212.475876 316.638580 199.904984 482.705902 173.933899 117.388245 322.009308 185.067551 62.968246 281.810211 208.062485 220.184021 202.427765 389.935883 202.743683 219.938629 274.874512 295.852997 375.680725 226.991196 402.743103 136.312149 258.402802 450.324341 
300.000000 5 3.000000 490.000000 464.000000 a 466.009644 417.163025 446.861267 251.956345 300.083313 62.128899 351.009979 189.235306 636.905029 460.574646 373.064331 396.376099 188.509949 327.865814 443.189575 238.732071 425.417450 644.183960 474.081207 214.560013 396.440399 301.796295 422.338715 276.088745 365.045197 296.386566 445.371765 560.771790 254.907822 379.697235 
300.000000 10 4.000000 152.000000 275.000000 a 98.681305 153.075150 176.045456 219.346756 220.056808 357.330383 121.494858 198.093414 275.588470 415.530975 87.681244 26.476404 206.526031 68.066147 58.855755 172.609390 160.103088 289.993103 207.060379 278.519287 137.637207 118.701309 219.829483 205.572372 294.823669 125.801430 341.568451 197.686615 146.863876 367.865479 
Type de surveillance de chaque endroit(target):tab[nombre de target]
a a a a a a a a a a a a a a a a a a a a a a a a a a a a a a 
Matrix of neighbour
1 1 0 0 0 0 0 0 0 0  
0 1 0 0 0 0 0 0 0 0  
0 1 1 0 0 1 0 0 0 1  
0 0 1 1 0 0 0 0 0 0  
0 1 0 0 1 1 0 0 0 1  
1 1 0 0 0 1 0 0 0 1  
0 0 0 0 1 0 1 0 0 0  
1 1 0 0 0 1 0 1 0 1  
0 0 0 0 1 0 1 0 1 0  
1 1 0 0 0 0 0 0 0 1  
Connect directly to BS 
1 1 0 0 1 1 0 1 0 1 
Cordinaates of sensors 
1 35.000000 449.000000
2 136.000000 347.000000
3 348.000000 148.000000
4 361.000000 6.000000
5 363.000000 449.000000
6 187.000000 270.000000
7 461.000000 452.000000
8 41.000000 231.000000
9 490.000000 464.000000
10 152.000000 275.000000
