Nombre des capteurs:
10
Nombre des targets:
15
Nombre de type de surveillance:
1

Caracteristiques:
300.000000 12 3.000000 29.000000 336.000000 a 353.556213 320.014069 306.863159 369.120575 278.657501 397.416656 224.804352 118.067780 209.308380 194.311600 501.614380 124.020157 249.353165 401.004974 323.000000 
300.000000 6 1.000000 59.000000 372.000000 a 361.012451 357.526215 302.352448 335.538361 272.605957 361.474762 194.743423 88.769363 193.643997 170.601883 501.757904 126.605690 233.497330 372.554688 360.251312 
300.000000 6 5.000000 103.000000 294.000000 a 272.591278 288.466644 221.776917 306.740936 193.643997 339.087006 161.929001 178.000000 129.313568 123.939499 417.455383 39.204590 168.442871 329.946960 290.580444 
300.000000 6 1.000000 20.000000 361.000000 a 377.809479 345.052185 327.580536 375.201294 298.750732 401.659058 233.077240 93.134308 225.211014 206.167404 524.123047 145.866379 265.369568 410.644623 348.116364 
300.000000 10 5.000000 108.000000 246.000000 a 234.138855 244.180267 197.327133 320.657135 172.467392 355.607941 181.400116 223.948654 129.988464 139.520615 384.962341 35.383614 164.073151 334.885040 246.028458 
300.000000 2 2.000000 483.000000 182.000000 a 226.790649 486.214966 188.002655 227.160736 208.504196 248.909622 287.800293 532.679993 271.311615 296.730530 159.765457 359.923615 231.233643 164.757401 484.434723 
300.000000 8 1.000000 452.000000 127.000000 a 178.997208 440.223816 166.688339 270.296143 193.328735 297.069031 302.630127 537.827087 270.857910 302.729248 97.984695 348.673187 232.699371 212.143814 438.092468 
300.000000 10 1.000000 309.000000 322.000000 a 239.018829 416.803314 139.703262 109.480591 119.641129 147.186951 65.000000 313.177277 85.428329 86.052307 313.466095 182.562317 63.411354 122.053268 416.990417 
300.000000 2 1.000000 6.000000 382.000000 a 402.731934 366.546051 350.887451 388.104370 321.753021 412.941895 248.471329 74.464760 245.936981 224.361313 548.255432 170.082336 286.000000 426.276917 369.716095 
300.000000 7 2.000000 490.000000 378.000000 a 361.653137 588.506592 275.771637 96.876213 273.928833 85.234970 238.113419 471.169830 274.249878 272.209473 351.511017 372.021515 244.204834 72.111023 588.001709 
Type de surveillance de chaque endroit(target):tab[nombre de target]
a a a a a a a a a a a a a a a 