Nombre des capteurs:
10
Nombre des targets:
15
Nombre de type de surveillance:
1

Caracteristiques:
300.000000 1 3.000000 35.000000 449.000000 a 279.901764 362.415497 383.412323 392.418152 410.121948 453.442383 325.788269 297.355011 417.202576 620.200745 296.204315 234.273346 278.039551 251.924591 193.227844 
300.000000 11 2.000000 136.000000 347.000000 a 165.873444 224.802139 249.190689 255.156815 268.225647 354.295074 182.584229 189.084641 334.994019 476.665497 155.048386 100.224747 184.382751 108.706024 92.130341 
300.000000 12 1.000000 348.000000 148.000000 a 231.510254 122.200653 137.087570 97.293373 47.853943 289.067474 112.160599 228.372498 346.023132 186.807388 148.932877 216.060181 262.762238 182.439026 279.651581 
300.000000 7 4.000000 361.000000 6.000000 a 299.232361 190.918839 179.025131 237.134979 189.042328 415.260162 227.774017 370.951477 339.995575 106.018867 253.885803 317.277496 405.222168 306.373962 371.981171 
300.000000 8 2.000000 363.000000 449.000000 a 361.697388 337.094940 368.582428 206.087357 254.070862 131.673843 267.151642 84.118965 538.674316 456.991241 279.100342 287.116699 67.007462 222.912537 325.909485 
300.000000 8 5.000000 187.000000 270.000000 a 111.211510 134.766464 161.623016 183.991852 185.809036 326.840942 91.219513 171.816757 289.601440 386.207184 63.071388 36.619667 184.859406 33.955853 93.134308 
300.000000 8 3.000000 461.000000 452.000000 a 435.733856 389.802521 419.888092 228.352798 277.245392 55.901699 322.795593 158.028473 607.553284 448.040192 343.700439 365.547546 157.279999 297.249054 411.895630 
300.000000 2 2.000000 41.000000 231.000000 a 92.114059 205.730408 212.190948 328.219452 318.044037 476.724243 212.475876 316.638580 199.904984 482.705902 173.933899 117.388245 322.009308 185.067551 62.968246 
300.000000 5 3.000000 490.000000 464.000000 a 466.009644 417.163025 446.861267 251.956345 300.083313 62.128899 351.009979 189.235306 636.905029 460.574646 373.064331 396.376099 188.509949 327.865814 443.189575 
300.000000 10 4.000000 152.000000 275.000000 a 98.681305 153.075150 176.045456 219.346756 220.056808 357.330383 121.494858 198.093414 275.588470 415.530975 87.681244 26.476404 206.526031 68.066147 58.855755 
Type de surveillance de chaque endroit(target):tab[nombre de target]
a a a a a a a a a a a a a a a 