Nombre des capteurs:
10
Nombre des targets:
15
Nombre de type de surveillance:
1

Caracteristiques:
300.000000 6 4.000000 50.000000 165.000000 a 447.219177 292.071899 164.560013 143.694122 293.470612 250.415649 280.878967 282.001770 158.644257 138.061584 255.894516 190.968582 437.126984 397.555023 74.168724 
300.000000 2 5.000000 104.000000 444.000000 a 283.397247 481.772766 437.073212 207.135223 20.000000 121.511314 72.801102 25.298222 375.197296 218.874390 224.474945 383.942719 413.696747 202.674622 356.384613 
300.000000 1 2.000000 112.000000 434.000000 a 276.134033 469.464600 427.299652 195.205017 32.557640 109.018349 62.096699 16.124516 363.798035 207.002411 211.851364 372.021515 402.165375 196.328812 347.703888 
300.000000 2 4.000000 483.000000 217.000000 a 260.345917 289.746429 440.305573 316.425354 461.677368 322.063660 370.299866 417.116302 331.965363 314.515503 225.550430 297.472687 46.529560 309.342865 446.161407 
300.000000 1 1.000000 129.000000 51.000000 a 482.729736 169.838165 55.000000 199.842438 407.070007 323.445526 369.510498 385.001312 59.033890 188.297638 281.448029 94.921021 406.636200 454.463409 84.118965 
300.000000 10 5.000000 21.000000 468.000000 a 366.110626 540.299927 467.061035 265.424194 68.066147 203.789108 159.062881 111.682587 422.849854 276.030792 304.591522 437.836731 499.049103 284.007050 378.530060 
300.000000 10 5.000000 282.000000 374.000000 a 135.092560 374.108276 411.442596 170.660477 210.618134 84.291161 118.473625 166.012054 313.383148 179.136826 80.752708 302.423553 223.510620 98.716766 362.791962 
300.000000 5 3.000000 102.000000 332.000000 a 312.016022 382.027496 325.055389 107.615051 124.787819 102.181213 110.887329 107.200745 267.254547 117.889778 173.219513 280.071411 380.311707 245.464859 245.540222 
300.000000 12 1.000000 483.000000 458.000000 a 96.005211 496.616547 594.281067 379.138489 395.005066 299.175537 313.561798 355.681030 485.553284 385.129852 268.029846 462.135254 195.125595 178.404037 563.802246 
300.000000 5 3.000000 6.000000 448.000000 a 381.158752 530.969849 450.089996 258.156921 82.389320 208.386658 168.689056 122.588745 410.630005 268.212616 306.497955 427.429535 505.098999 299.808258 360.347046 
Type de surveillance de chaque endroit(target):tab[nombre de target]
a a a a a a a a a a a a a a a 