Nombre des capteurs:
10
Nombre des targets:
30
Nombre de type de surveillance:
1

Caracteristiques:
300.000000 5 3.000000 20.000000 233.000000 a 373.021454 156.108932 331.144989 131.848404 227.237762 268.197693 343.141357 196.010208 367.491486 289.606628 256.320099 202.408005 218.577225 238.000000 144.308701 264.140106 444.731384 174.897110 183.787918 180.712479 304.170990 244.989792 403.897278 465.181671 451.957977 452.216766 301.716766 250.599289 195.920898 445.539001 
300.000000 8 4.000000 167.000000 250.000000 a 240.584702 84.214012 187.843018 142.947540 188.512604 128.140549 208.038452 232.899124 228.114014 169.499268 233.173752 185.539749 198.338089 265.424194 81.859634 161.987656 300.466309 77.129761 258.642609 37.643059 159.154007 259.140900 270.963104 322.024841 313.081451 306.571350 170.988297 102.771591 235.255188 297.672638 
300.000000 11 4.000000 84.000000 362.000000 a 270.440369 210.582520 253.779434 15.652476 83.354668 193.186432 247.517670 94.047859 277.115509 182.013733 352.846985 60.016663 314.771332 126.400162 61.220913 144.640930 361.005554 212.532349 322.342987 142.435944 235.586502 122.429573 299.666473 435.289551 434.079498 413.513000 304.699860 206.167404 321.972046 390.978271 
300.000000 2 3.000000 239.000000 179.000000 a 252.230057 79.075912 181.157394 244.002045 278.915771 146.986389 219.237320 333.677979 226.638474 211.482864 181.121506 281.602570 157.800507 365.000000 180.205444 223.573257 276.877228 54.147945 268.955383 104.278473 151.818970 357.229614 278.212158 244.165924 227.378540 236.408539 76.157730 94.556862 226.812698 242.705582 
300.000000 4 5.000000 481.000000 232.000000 a 216.400085 326.735382 176.139145 429.010498 408.447052 226.636276 209.322723 503.167969 182.877014 267.839508 388.012878 429.787170 381.588776 519.270630 360.922424 308.972504 136.821045 301.438232 511.476288 288.078125 184.743057 502.738495 214.366516 44.045429 79.624115 15.811388 182.386948 216.189728 463.211609 41.629318 
300.000000 5 5.000000 352.000000 72.000000 a 333.001495 212.877899 260.491852 399.515961 426.755188 262.185059 306.719727 488.881378 298.135864 328.987854 201.645721 433.416656 208.865982 519.061646 334.520538 354.317657 306.452271 196.209076 349.692719 255.225388 242.002060 510.024506 348.969910 174.977142 139.617340 189.760376 97.169952 214.161148 294.635376 227.481873 
300.000000 6 4.000000 140.000000 413.000000 a 211.151611 247.891098 212.077820 90.906548 25.238859 161.152100 194.180328 123.044708 225.144394 126.301224 396.408875 45.705578 360.022217 133.281662 89.358826 83.725746 308.910980 242.216843 387.992279 149.856598 201.692841 117.046997 238.102921 410.212128 415.579102 384.525696 305.668121 192.665512 380.716431 354.153931 
300.000000 9 2.000000 480.000000 245.000000 a 205.526154 328.636566 168.240906 424.499695 401.294159 220.857422 199.724808 497.292664 172.586212 259.599701 394.547852 423.321381 386.988373 512.519287 356.854309 301.161072 124.040314 303.191345 515.319336 285.476807 178.639297 495.649078 202.556168 57.078892 92.227982 27.202942 186.935822 213.354172 467.821533 29.681644 
300.000000 9 1.000000 497.000000 471.000000 a 160.224838 453.785187 212.701675 442.475983 372.840454 269.029724 190.276108 480.837799 169.401886 247.008102 566.601257 405.097534 547.113342 477.000000 393.489502 282.554413 118.966385 430.069763 649.058533 359.736023 243.082291 455.039551 129.468140 283.346069 318.611053 253.237045 360.494110 305.360443 613.794739 203.690948 
300.000000 11 5.000000 413.000000 218.000000 a 197.010147 257.309143 137.568161 369.348083 359.200500 174.401840 179.788757 447.823639 160.648682 226.808289 324.693695 377.270447 315.572510 467.394897 300.328156 264.491974 149.465714 232.019394 443.084656 224.109344 135.830780 452.462158 205.009750 76.157730 82.462112 59.008472 115.104301 153.707520 395.784027 72.835434 
Type de surveillance de chaque endroit(target):tab[nombre de target]
a a a a a a a a a a a a a a a a a a a a a a a a a a a a a a 
Matrix of neighbour
1 1 1 0 0 0 1 0 0 0  
0 1 1 0 0 0 1 0 0 0  
0 0 1 0 0 0 0 0 0 0  
1 1 1 1 0 0 1 0 0 0  
0 0 0 1 1 1 0 1 1 1  
0 1 0 1 0 1 0 1 0 1  
0 0 1 0 0 0 1 0 0 0  
0 0 0 1 0 0 0 1 1 1  
0 0 0 0 0 0 0 0 1 1  
0 1 0 1 0 0 0 0 0 1  
Connect directly to BS 
1 1 1 1 0 0 1 0 0 0 
Cordinaates of sensors 
1 20.000000 233.000000
2 167.000000 250.000000
3 84.000000 362.000000
4 239.000000 179.000000
5 481.000000 232.000000
6 352.000000 72.000000
7 140.000000 413.000000
8 480.000000 245.000000
9 497.000000 471.000000
10 413.000000 218.000000
