Nombre des capteurs:
10
Nombre des targets:
15
Nombre de type de surveillance:
1

Caracteristiques:
300.000000 6 3.000000 24.000000 98.000000 a 356.005615 376.523560 337.243225 127.283150 23.409399 286.272583 497.775055 148.761551 409.960968 184.618530 297.934570 338.722595 389.739655 352.899414 403.117859 
300.000000 10 2.000000 147.000000 45.000000 a 427.675110 294.543701 292.405548 230.852768 137.295303 161.895035 435.763702 96.104111 405.908844 133.544006 272.472015 239.426392 452.951447 398.015076 308.729645 
300.000000 2 5.000000 15.000000 288.000000 a 166.147522 366.776489 282.113464 66.708321 168.857925 370.033783 437.306519 212.849716 282.816193 214.394501 228.315567 365.168457 201.717621 178.530106 408.589050 
300.000000 3 2.000000 351.000000 251.000000 a 386.587646 34.058773 70.292244 352.115051 344.850677 193.829819 146.102707 215.406586 207.966339 176.663528 118.595955 91.197586 384.063782 309.250702 81.055534 
300.000000 6 3.000000 108.000000 84.000000 a 379.863129 305.591217 284.015839 176.025574 84.095184 201.206360 437.639130 80.659782 381.848145 121.622368 254.717484 260.340149 407.442017 357.001404 327.249146 
300.000000 9 2.000000 204.000000 116.000000 a 383.885406 206.634949 202.605530 230.358414 172.046509 117.183617 345.079712 43.566040 324.197479 54.918121 188.087738 159.201126 402.463654 339.166626 226.176926 
300.000000 4 4.000000 11.000000 76.000000 a 378.160034 396.692566 360.826843 147.410995 48.754486 297.329773 520.596802 168.240906 435.459534 205.730408 322.490295 356.050568 412.662079 377.413574 421.645599 
300.000000 11 5.000000 289.000000 199.000000 a 369.207245 92.973114 97.329338 289.994843 268.868011 138.311249 226.313934 135.955872 239.286438 99.327744 110.981979 78.390053 375.532959 302.800262 125.003998 
300.000000 12 1.000000 431.000000 12.000000 a 602.200134 223.617981 314.025482 479.877075 413.358185 132.774246 350.321289 292.959045 458.694885 284.838562 343.930237 165.469025 610.175415 537.603027 188.767059 
300.000000 11 5.000000 244.000000 359.000000 a 241.472565 185.981186 82.328613 279.342072 319.476135 303.817383 202.022278 233.085815 77.929459 195.501923 59.008472 228.844925 234.093994 159.665268 232.768127 
Type de surveillance de chaque endroit(target):tab[nombre de target]
a a a a a a a a a a a a a a a 