Nombre des capteurs:
16
Nombre des targets:
7
Nombre de type de surveillance:
1

Caracteristiques:
40.000000 10 4.000000 15.000000 283.000000 a 287.308197 272.728790 191.908829 203.002457 193.380447 177.924149 261.358002 
40.000000 2 1.000000 47.000000 115.000000 a 239.870804 225.842865 22.561028 33.615471 22.360680 37.215588 214.560013 
40.000000 4 4.000000 103.000000 151.000000 a 178.241409 163.624573 84.172440 75.802376 77.897369 37.215588 151.907867 
40.000000 12 2.000000 244.000000 172.000000 a 36.000000 21.095022 216.898590 199.489349 208.542557 168.549698 9.486833 
40.000000 11 2.000000 288.000000 6.000000 a 166.192657 169.567093 260.931030 237.857101 252.463852 233.205917 172.586212 
40.000000 10 5.000000 78.000000 83.000000 a 220.737396 207.966339 37.363083 14.317822 28.792360 36.496574 197.709381 
40.000000 10 5.000000 48.000000 279.000000 a 255.485809 241.068451 186.096756 193.662079 186.024185 164.000000 229.871704 
40.000000 3 3.000000 0.000000 221.000000 a 284.255157 269.135651 134.714508 149.402145 137.786072 132.136292 257.147827 
40.000000 3 4.000000 273.000000 204.000000 a 32.756680 31.048349 256.285004 240.010422 248.203552 207.234161 35.227829 
40.000000 1 3.000000 95.000000 142.000000 a 187.416641 172.985550 72.180328 64.007813 65.855904 25.495098 161.409424 
40.000000 11 5.000000 30.000000 83.000000 a 265.369568 252.003967 15.620500 34.132095 23.259407 64.899925 241.232254 
40.000000 2 5.000000 53.000000 59.000000 a 253.570496 241.182510 35.735138 29.154760 34.058773 67.535179 231.205536 
40.000000 9 4.000000 99.000000 237.000000 a 192.317444 177.552811 154.870911 155.003220 151.789322 118.949570 166.012054 
40.000000 6 3.000000 243.000000 182.000000 a 38.327538 23.409399 219.822662 203.118195 211.624664 171.026306 12.206555 
40.000000 12 5.000000 278.000000 154.000000 a 18.110771 23.853722 243.756027 224.543976 235.053192 197.131943 32.649654 
40.000000 1 1.000000 135.000000 180.000000 a 145.220520 130.138382 127.349915 117.800682 120.933868 79.511009 118.105888 
Type de surveillance de chaque endroit(target):tab[nombre de target]
a a a a a a a 
Matrix of neighbour
1 0 0 0 0 0 1 1 0 0 0 0 0 0 0 0  
0 1 1 0 0 1 0 0 0 1 0 0 0 0 0 0  
0 0 1 0 0 0 0 0 0 0 0 0 0 0 0 1  
0 0 0 1 0 0 0 0 0 0 0 0 0 0 1 0  
0 0 0 0 1 0 0 0 0 0 0 0 0 0 0 0  
0 0 0 0 0 1 0 0 0 1 0 0 0 0 0 0  
0 0 0 0 0 0 1 0 0 0 0 0 1 0 0 0  
0 0 0 0 0 0 0 1 0 0 0 0 0 0 0 0  
0 0 0 1 0 0 0 0 1 0 0 0 0 0 1 0  
0 0 1 0 0 0 0 0 0 1 0 0 0 0 0 1  
0 1 0 0 0 1 0 0 0 0 1 1 0 0 0 0  
0 1 0 0 0 1 0 0 0 0 0 1 0 0 0 0  
0 0 0 0 0 0 0 0 0 0 0 0 1 0 0 1  
0 0 0 1 0 0 0 0 1 0 0 0 0 1 1 0  
0 0 0 0 0 0 0 0 0 0 0 0 0 0 1 0  
0 0 0 0 0 0 0 0 0 0 0 0 0 0 0 1  
Connect directly to BS 
0 0 0 1 0 0 0 0 1 0 0 0 0 1 1 0 
Cordinaates of sensors 
1 15.000000 283.000000
2 47.000000 115.000000
3 103.000000 151.000000
4 244.000000 172.000000
5 288.000000 6.000000
6 78.000000 83.000000
7 48.000000 279.000000
8 0.000000 221.000000
9 273.000000 204.000000
10 95.000000 142.000000
11 30.000000 83.000000
12 53.000000 59.000000
13 99.000000 237.000000
14 243.000000 182.000000
15 278.000000 154.000000
16 135.000000 180.000000
