Nombre des capteurs:
16
Nombre des targets:
7
Nombre de type de surveillance:
1

Caracteristiques:
40.000000 12 4.000000 16.000000 207.000000 a 123.482796 117.783699 114.017540 112.361023 116.245430 125.239769 117.545738 
40.000000 2 4.000000 76.000000 134.000000 a 39.812057 37.336308 37.589893 37.735924 38.910152 38.052597 39.395432 
40.000000 4 4.000000 198.000000 129.000000 a 134.372620 138.293167 142.772552 144.544113 142.200562 128.316010 141.439026 
40.000000 8 4.000000 278.000000 194.000000 a 232.165894 235.053192 238.849319 240.308136 238.717407 226.318359 238.201599 
40.000000 2 5.000000 141.000000 192.000000 a 121.400162 121.379570 123.166557 123.794182 123.987900 117.068359 124.084648 
40.000000 6 3.000000 34.000000 96.000000 a 34.014702 29.154760 24.515301 22.803509 25.179358 40.000000 26.076809 
40.000000 7 4.000000 159.000000 142.000000 a 102.420700 105.190300 109.004585 110.494347 108.853111 96.648849 108.337433 
40.000000 3 4.000000 127.000000 92.000000 a 59.076221 64.381676 69.584480 71.700768 68.359344 53.150730 67.268120 
40.000000 5 1.000000 288.000000 32.000000 a 228.842743 234.763718 240.127045 242.330353 238.600082 223.365173 237.360489 
40.000000 1 1.000000 45.000000 69.000000 a 34.713108 34.985710 34.539833 34.785053 33.105892 39.623226 32.649654 
40.000000 12 1.000000 155.000000 297.000000 a 219.938629 218.330032 218.689270 218.691559 220.045456 216.707169 220.513031 
40.000000 8 1.000000 57.000000 63.000000 a 33.837849 36.496574 38.013157 39.012817 36.055511 37.121422 35.128338 
40.000000 7 5.000000 280.000000 254.000000 a 265.000000 266.672089 269.616394 270.702789 269.937042 259.615112 269.696136 
40.000000 7 1.000000 105.000000 24.000000 a 80.062477 85.959290 90.210861 92.114059 87.982956 78.390053 86.608315 
40.000000 11 2.000000 276.000000 39.000000 a 215.406586 221.289398 226.645096 228.842743 225.142181 209.888062 223.912933 
40.000000 5 5.000000 135.000000 290.000000 a 206.189240 204.120056 204.083313 203.924011 205.565079 203.364212 206.128601 
Type de surveillance de chaque endroit(target):tab[nombre de target]
a a a a a a a 
Matrix of neighbour
1 0 0 0 0 0 0 0 0 0 0 0 0 0 0 0  
0 1 0 0 0 0 0 1 0 0 0 0 0 0 0 0  
0 0 1 0 0 0 0 0 0 0 0 0 0 0 0 0  
0 0 0 1 0 0 0 0 0 0 0 0 0 0 0 0  
0 0 0 0 1 0 1 0 0 0 0 0 0 0 0 0  
0 1 0 0 0 1 0 0 0 1 0 1 0 0 0 0  
0 0 1 0 0 0 1 0 0 0 0 0 0 0 0 0  
0 0 0 0 0 0 1 1 0 0 0 0 0 0 0 0  
0 0 0 0 0 0 0 0 1 0 0 0 0 0 1 0  
0 0 0 0 0 0 0 0 0 1 0 1 0 0 0 0  
0 0 0 0 0 0 0 0 0 0 1 0 0 0 0 0  
0 0 0 0 0 0 0 0 0 0 0 1 0 1 0 0  
0 0 0 1 0 0 0 0 0 0 0 0 1 0 0 0  
0 0 0 0 0 0 0 0 0 0 0 0 0 1 0 0  
0 0 0 0 0 0 0 0 0 0 0 0 0 0 1 0  
0 0 0 0 0 0 0 0 0 0 1 0 0 0 0 1  
Connect directly to BS 
0 0 0 1 0 0 0 0 0 0 0 0 0 0 0 0 
Cordinaates of sensors 
1 16.000000 207.000000
2 76.000000 134.000000
3 198.000000 129.000000
4 278.000000 194.000000
5 141.000000 192.000000
6 34.000000 96.000000
7 159.000000 142.000000
8 127.000000 92.000000
9 288.000000 32.000000
10 45.000000 69.000000
11 155.000000 297.000000
12 57.000000 63.000000
13 280.000000 254.000000
14 105.000000 24.000000
15 276.000000 39.000000
16 135.000000 290.000000
