Nombre des capteurs:
10
Nombre des targets:
15
Nombre de type de surveillance:
1

Caracteristiques:
300.000000 12 4.000000 42.000000 62.000000 a 472.318756 89.000000 212.249847 188.904739 121.593582 320.224915 498.615082 235.919479 183.330307 291.084167 220.839310 168.576385 215.564377 355.259064 358.297363 
300.000000 3 3.000000 96.000000 321.000000 a 367.295532 178.370407 322.758423 261.725037 144.249786 74.060783 295.465729 94.641426 186.453751 117.085442 103.870110 97.082436 212.049530 370.623810 101.212646 
300.000000 6 1.000000 93.000000 117.000000 a 402.483551 61.294373 178.000000 136.780853 76.661591 267.854431 423.680298 198.564850 111.892807 216.905502 186.300827 115.446960 147.410995 302.372284 291.343445 
300.000000 10 2.000000 85.000000 35.000000 a 448.777222 123.713379 168.047607 155.077393 151.211777 348.381989 493.758026 272.029419 168.772034 292.526917 258.054260 195.028198 194.489075 317.157684 373.209045 
300.000000 4 5.000000 118.000000 37.000000 a 420.354614 137.010956 135.014816 124.354332 159.411423 350.886017 474.046417 281.661133 147.665161 278.016174 268.799194 199.180817 169.070984 284.524170 366.191193 
300.000000 1 4.000000 391.000000 358.000000 a 104.804581 405.770874 347.570129 309.415588 379.728851 337.853516 86.683334 391.107391 276.479645 189.422806 397.920837 350.595215 252.691513 256.031250 236.934586 
300.000000 4 4.000000 87.000000 276.000000 a 374.021393 132.853302 289.352722 229.438446 98.681305 111.018013 324.138855 84.172440 156.310593 126.115028 86.052307 51.894123 187.256516 353.751312 143.756744 
300.000000 7 3.000000 273.000000 139.000000 a 235.000000 231.311478 101.980392 62.936478 223.376358 327.123840 315.995239 310.096771 81.608826 171.592545 305.915009 226.636276 44.294468 127.487251 286.127594 
300.000000 7 1.000000 474.000000 47.000000 a 233.362381 444.342224 221.144745 250.639175 441.470276 537.238281 408.533966 530.532776 302.153931 364.243042 526.833008 447.666168 265.271545 96.260063 474.522919 
300.000000 10 5.000000 313.000000 172.000000 a 183.215714 271.812439 145.907501 114.690887 259.233490 333.438141 274.171478 331.651917 118.342720 162.889526 329.837830 254.466110 79.906197 107.814659 276.524872 
Type de surveillance de chaque endroit(target):tab[nombre de target]
a a a a a a a a a a a a a a a 