Nombre des capteurs:
16
Nombre des targets:
7
Nombre de type de surveillance:
1

Caracteristiques:
40.000000 11 1.000000 14.000000 58.000000 a 31.906113 29.017237 22.472204 18.027756 90.094398 25.059929 73.246162 
40.000000 3 2.000000 88.000000 27.000000 a 57.140179 55.217751 69.814041 64.498062 22.671568 67.475922 25.019993 
40.000000 7 4.000000 9.000000 173.000000 a 143.694122 118.962181 105.759163 116.297035 159.615158 106.480042 143.961807 
40.000000 4 1.000000 210.000000 150.000000 a 214.946503 190.184128 194.239548 199.912476 150.615402 191.509796 157.267288 
40.000000 10 5.000000 65.000000 50.000000 a 38.948685 23.769728 37.735924 34.205261 38.470768 35.227829 22.090721 
40.000000 11 4.000000 122.000000 69.000000 a 98.615417 79.630394 89.005615 90.553848 31.400637 86.005814 38.910152 
40.000000 3 2.000000 6.000000 45.000000 a 28.653097 39.560081 36.796738 29.529646 97.005157 39.051247 81.301903 
40.000000 12 2.000000 173.000000 119.000000 a 167.056870 143.178207 148.327347 153.235107 102.591423 145.499146 109.018349 
40.000000 1 3.000000 258.000000 7.000000 a 228.265198 221.199005 233.653595 231.905151 159.354950 230.766113 176.821945 
40.000000 11 5.000000 146.000000 215.000000 a 216.981567 186.935822 183.831451 193.214905 176.323563 182.002747 173.349365 
40.000000 10 2.000000 136.000000 239.000000 a 233.000000 202.605530 197.914124 207.884583 197.772598 196.369553 193.313217 
40.000000 6 2.000000 49.000000 54.000000 a 29.206163 7.810250 22.627417 17.720045 54.918121 20.615528 38.052597 
40.000000 8 3.000000 149.000000 219.000000 a 221.963959 191.927063 188.830612 198.214523 180.944748 187.002670 178.137589 
40.000000 8 4.000000 81.000000 269.000000 a 243.195389 213.410400 204.707108 215.640900 226.072998 204.024506 217.082932 
40.000000 1 4.000000 280.000000 269.000000 a 344.448822 316.652802 317.190796 324.967682 286.276093 314.860291 290.410065 
40.000000 6 2.000000 134.000000 69.000000 a 109.786156 91.547798 101.004951 102.489021 39.824615 98.005104 49.979996 
Type de surveillance de chaque endroit(target):tab[nombre de target]
a a a a a a a 
Matrix of neighbour
1 0 0 0 1 0 0 0 0 0 0 1 0 0 0 0  
0 1 0 0 0 1 0 0 0 0 0 0 0 0 0 1  
0 0 1 0 0 0 0 0 0 0 0 0 0 0 0 0  
0 0 0 1 0 0 0 0 0 0 0 0 0 0 0 0  
0 1 0 0 1 1 0 0 0 0 0 0 0 0 0 0  
0 0 0 0 0 1 0 0 0 0 0 0 0 0 0 1  
1 0 0 0 1 0 1 0 0 0 0 1 0 0 0 0  
0 0 0 1 0 0 0 1 0 0 0 0 0 0 0 0  
0 0 0 0 0 0 0 0 1 0 0 0 0 0 0 0  
0 0 0 0 0 0 0 0 0 1 0 0 1 0 0 0  
0 0 0 0 0 0 0 0 0 1 1 0 1 0 0 0  
0 1 0 0 1 0 0 0 0 0 0 1 0 0 0 0  
0 0 0 0 0 0 0 0 0 0 0 0 1 0 0 0  
0 0 0 0 0 0 0 0 0 0 1 0 0 1 0 0  
0 0 0 0 0 0 0 0 0 0 0 0 0 0 1 0  
0 0 0 0 0 0 0 1 0 0 0 0 0 0 0 1  
Connect directly to BS 
0 0 0 0 0 0 0 0 0 0 0 0 0 0 0 0 
Cordinaates of sensors 
1 14.000000 58.000000
2 88.000000 27.000000
3 9.000000 173.000000
4 210.000000 150.000000
5 65.000000 50.000000
6 122.000000 69.000000
7 6.000000 45.000000
8 173.000000 119.000000
9 258.000000 7.000000
10 146.000000 215.000000
11 136.000000 239.000000
12 49.000000 54.000000
13 149.000000 219.000000
14 81.000000 269.000000
15 280.000000 269.000000
16 134.000000 69.000000
