Nombre des capteurs:
10
Nombre des targets:
15
Nombre de type de surveillance:
1

Caracteristiques:
300.000000 6 4.000000 47.000000 301.000000 a 170.105850 285.910828 272.594940 84.970581 137.539078 210.508911 250.199921 375.660736 310.214447 321.591370 412.752960 433.609283 251.924591 241.809845 290.998291 
300.000000 2 2.000000 8.000000 148.000000 a 255.519073 205.730408 164.784714 162.634567 211.690811 157.543640 108.673820 310.382019 395.612183 224.617447 488.856842 537.506287 212.424103 273.338623 324.003082 
300.000000 10 2.000000 181.000000 7.000000 a 290.241272 48.052055 58.412327 262.488098 263.000000 120.208153 131.575073 106.117859 373.947845 6.403124 432.380615 517.174072 115.108643 227.437897 252.982208 
300.000000 1 5.000000 254.000000 145.000000 a 154.495956 110.679718 156.732254 176.309387 144.754959 91.983696 218.277344 137.032837 217.830215 150.266434 281.517303 361.668365 46.227695 72.532753 99.704567 
300.000000 7 3.000000 1.000000 199.000000 a 236.372589 239.008362 205.650192 137.767914 193.496765 178.600113 158.240326 341.708954 380.311707 263.759369 477.963379 517.243652 232.331665 272.470184 324.394836 
300.000000 6 3.000000 169.000000 424.000000 a 137.640839 370.653473 382.514038 167.442520 154.466827 298.041931 389.452179 428.565033 204.919495 413.349731 301.240753 287.767273 311.873383 233.445923 260.800690 
300.000000 9 4.000000 27.000000 212.000000 a 207.337891 227.727905 200.561707 108.706024 164.560013 161.755981 163.771179 328.024384 351.368744 256.285004 449.321716 488.190552 213.768570 246.018295 298.015106 
300.000000 3 5.000000 294.000000 378.000000 a 113.216606 339.977936 370.818024 206.072800 156.310593 283.556000 403.853943 366.066925 72.945183 382.561096 168.573425 175.308304 272.800293 164.347198 165.921661 
300.000000 10 4.000000 49.000000 417.000000 a 207.624664 389.785828 383.760345 170.856659 197.567703 312.899353 366.087433 469.754181 316.033234 428.491547 416.371216 407.962006 345.198486 301.628906 342.023376 
300.000000 5 2.000000 175.000000 191.000000 a 112.160599 137.931137 153.310150 88.814415 79.227524 65.924202 183.095596 211.151611 232.398361 180.335800 319.363434 378.783569 86.452301 100.895988 151.907867 
Type de surveillance de chaque endroit(target):tab[nombre de target]
a a a a a a a a a a a a a a a 