Nombre des capteurs:
10
Nombre des targets:
15
Nombre de type de surveillance:
1

Caracteristiques:
300.000000 5 4.000000 43.000000 52.000000 a 194.023193 441.726166 134.733063 374.364807 542.365173 99.478638 131.855988 451.079803 526.343018 383.020874 185.310547 160.056244 400.092499 128.763351 532.046021 
300.000000 12 4.000000 28.000000 469.000000 a 223.725281 67.675697 416.784119 180.834183 363.001373 477.797028 287.569122 309.782196 364.725922 573.561707 251.813416 406.354523 532.379578 339.025085 480.904358 
300.000000 7 1.000000 250.000000 81.000000 a 262.375671 439.390472 75.026665 319.131622 411.885895 144.506058 217.412048 328.878387 391.649078 177.766708 209.308380 56.920998 191.603760 135.594986 353.050995 
300.000000 1 1.000000 142.000000 72.000000 a 198.725937 421.972748 33.734257 327.001526 467.778809 71.196907 139.201294 378.058197 449.862213 284.450348 161.297867 60.373837 299.100311 74.813103 439.420074 
300.000000 2 4.000000 374.000000 463.000000 a 393.284882 283.386658 432.500854 193.352005 17.720045 522.059387 422.203735 76.843994 24.758837 410.308411 360.213837 405.191315 341.672363 399.422089 170.484604 
300.000000 5 2.000000 317.000000 380.000000 a 302.319366 250.890411 332.813751 124.903961 114.978256 422.170593 325.407440 23.853722 99.904953 341.843536 264.121185 305.944427 279.588989 298.918060 178.765213 
300.000000 10 4.000000 272.000000 50.000000 a 299.152130 476.320282 101.242287 353.929382 434.609009 150.840973 251.962296 354.773163 413.782562 154.116837 246.829895 90.426765 181.176712 170.578430 362.604462 
300.000000 1 2.000000 370.000000 424.000000 a 369.675537 285.959778 396.295349 179.359970 48.754486 485.968109 394.239777 46.647614 31.112698 372.236481 332.831787 368.647522 304.244965 366.612885 147.871567 
300.000000 7 4.000000 499.000000 375.000000 a 471.009552 423.207977 438.853058 306.652893 142.523682 525.384644 480.983368 170.839111 128.413391 327.246094 424.279388 409.859741 255.876923 433.433960 36.878178 
300.000000 5 2.000000 228.000000 51.000000 a 266.737701 460.538818 59.941639 345.775940 447.725372 110.462662 215.230103 363.600067 427.692657 198.063126 217.848572 57.688820 221.449768 135.771866 390.016663 
Type de surveillance de chaque endroit(target):tab[nombre de target]
a a a a a a a a a a a a a a a 