Nombre des capteurs:
10
Nombre des targets:
15
Nombre de type de surveillance:
1

Caracteristiques:
300.000000 7 4.000000 40.000000 188.000000 a 335.120880 511.765564 188.692871 316.077515 111.516815 92.200867 128.269241 257.007782 496.616547 78.000000 442.904053 429.507843 9.433981 13.341664 322.778564 
300.000000 10 2.000000 48.000000 174.000000 a 327.807861 511.519318 176.173218 320.663361 119.866592 99.764725 141.354172 249.513519 494.910095 65.969688 444.846039 428.043213 24.839485 5.099020 330.820190 
300.000000 3 1.000000 436.000000 38.000000 a 170.299728 394.000000 234.974472 410.746887 415.249329 407.991425 468.628845 205.973297 347.574463 345.508331 409.585144 321.006226 432.713531 416.194672 481.823608 
300.000000 10 2.000000 29.000000 499.000000 a 459.260284 468.412201 426.240540 250.936249 228.319946 246.018295 186.271301 409.029327 483.861542 350.955841 374.766602 428.514862 306.014709 324.302338 183.564697 
300.000000 9 1.000000 246.000000 111.000000 a 155.038712 401.254272 32.249031 300.539520 224.848831 213.546249 277.416656 94.031906 368.598694 142.003525 368.701782 311.204102 229.172424 212.849716 353.939270 
300.000000 1 1.000000 465.000000 336.000000 a 165.592880 95.880135 334.427856 214.536713 368.972900 377.327454 407.541412 222.575836 55.000000 395.339081 127.769325 38.600517 456.002197 451.669128 285.770874 
300.000000 12 3.000000 402.000000 387.000000 a 191.908829 98.898941 330.647858 140.071411 319.732697 331.472473 351.454132 223.235306 96.254868 369.514557 59.033890 42.520584 417.775055 416.923248 207.424683 
300.000000 10 4.000000 61.000000 470.000000 a 416.082916 433.041565 386.566956 211.400101 192.002609 210.760529 155.029022 366.191193 446.171478 316.140778 339.848511 389.165771 278.513916 295.548645 148.165451 
300.000000 7 3.000000 449.000000 334.000000 a 155.708054 103.368271 321.225769 200.384628 352.852661 361.247833 391.461365 209.380035 67.208633 380.190735 122.249741 29.154760 440.193146 436.024078 272.472015 
300.000000 5 5.000000 398.000000 294.000000 a 99.689522 163.682617 256.704102 177.890411 298.241516 304.685089 340.647919 144.972412 131.893890 316.689117 152.013153 74.303429 379.680115 374.414215 253.538956 
Type de surveillance de chaque endroit(target):tab[nombre de target]
a a a a a a a a a a a a a a a 