Nombre des capteurs:
10
Nombre des targets:
15
Nombre de type de surveillance:
1

Caracteristiques:
300.000000 5 3.000000 34.000000 75.000000 a 25.000000 267.755493 283.097168 371.344849 429.954651 207.154526 565.173401 503.310059 295.743134 361.203552 205.234009 305.104889 458.353577 371.247894 275.363403 
300.000000 5 5.000000 87.000000 199.000000 a 112.294258 136.124939 207.347534 347.453583 330.928986 103.004852 444.605438 417.087524 246.018295 232.639206 70.384659 191.002625 429.172455 284.288574 140.527573 
300.000000 9 5.000000 191.000000 184.000000 a 178.058975 118.949570 103.043678 247.832611 239.726929 191.908829 377.371185 318.818115 142.442978 189.108429 111.036034 256.204987 326.695587 185.162094 150.216507 
300.000000 7 4.000000 304.000000 470.000000 a 458.039307 211.206055 283.176636 423.228058 202.425293 335.600952 140.128510 278.632385 337.592957 118.966385 280.242737 292.205414 453.776367 243.823700 213.845734 
300.000000 10 4.000000 491.000000 23.000000 a 463.441467 420.792114 256.329865 93.230896 284.622559 532.264954 443.497467 247.099167 199.972504 415.597168 447.448334 586.237183 34.014702 244.597626 460.577911 
300.000000 7 2.000000 261.000000 248.000000 a 270.985229 100.702530 69.354164 237.606812 150.216507 237.446838 283.098907 238.018906 131.125900 115.351639 147.868179 269.534790 299.736542 108.779594 140.346008 
300.000000 1 2.000000 392.000000 63.000000 a 359.906921 322.144379 158.050629 13.601471 231.311478 426.517303 404.357513 232.561813 97.590981 331.058899 343.052460 484.195221 100.179840 173.530975 361.531464 
300.000000 6 4.000000 329.000000 62.000000 a 297.437378 284.620789 129.807556 76.059189 243.821655 374.444916 418.125580 268.001862 71.175842 310.692780 295.006775 439.241394 163.076675 177.564072 322.615875 
300.000000 5 5.000000 465.000000 136.000000 a 432.500854 333.282166 178.443268 97.616600 169.366470 462.641327 328.671570 138.003616 141.031906 311.284424 373.610748 502.251923 83.486526 137.902145 372.667419 
300.000000 2 3.000000 236.000000 397.000000 a 359.183807 112.361023 217.862335 377.895477 197.060898 239.426392 218.524597 291.158020 278.280426 37.576588 180.479919 210.686966 425.600739 209.602005 114.808533 
Type de surveillance de chaque endroit(target):tab[nombre de target]
a a a a a a a a a a a a a a a 