Nombre des capteurs:
10
Nombre des targets:
30
Nombre de type de surveillance:
1

Caracteristiques:
300.000000 6 3.000000 24.000000 98.000000 a 356.005615 376.523560 337.243225 127.283150 23.409399 286.272583 497.775055 148.761551 409.960968 184.618530 297.934570 338.722595 389.739655 352.899414 403.117859 164.438431 300.852112 388.289825 460.165192 221.000000 307.800262 516.512329 27.784887 321.628662 487.083160 456.347443 312.193848 369.935120 373.310852 486.506927 
300.000000 10 2.000000 147.000000 45.000000 a 427.675110 294.543701 292.405548 230.852768 137.295303 161.895035 435.763702 96.104111 405.908844 133.544006 272.472015 239.426392 452.951447 398.015076 308.729645 76.850502 259.001923 267.710663 416.857300 172.722321 267.904846 470.464661 140.035706 351.005707 395.180969 410.025604 381.797058 420.877655 397.609100 470.558167 
300.000000 2 5.000000 15.000000 288.000000 a 166.147522 366.776489 282.113464 66.708321 168.857925 370.033783 437.306519 212.849716 282.816193 214.394501 228.315567 365.168457 201.717621 178.530106 408.589050 248.219666 253.387054 446.804199 377.604279 221.386536 255.049011 430.706390 214.058411 169.008881 476.131287 378.600067 123.628479 189.475586 217.788895 364.321289 
300.000000 3 2.000000 351.000000 251.000000 a 386.587646 34.058773 70.292244 352.115051 344.850677 193.829819 146.102707 215.406586 207.966339 176.663528 118.595955 91.197586 384.063782 309.250702 81.055534 215.522614 86.127815 178.731644 143.561829 140.801285 87.091904 189.232666 384.200470 251.914673 138.231689 133.645050 353.747070 335.621826 263.827606 231.579361 
300.000000 6 3.000000 108.000000 84.000000 a 379.863129 305.591217 284.015839 176.025574 84.095184 201.206360 437.639130 80.659782 381.848145 121.622368 254.717484 260.340149 407.442017 357.001404 327.249146 84.118965 248.394852 304.001648 409.590027 162.003082 256.602814 464.961304 98.508881 314.186249 412.846222 404.085388 334.073334 378.428314 363.159760 451.956848 
300.000000 9 2.000000 204.000000 116.000000 a 383.885406 206.634949 202.605530 230.358414 172.046509 117.183617 345.079712 43.566040 324.197479 54.918121 188.087738 159.201126 402.463654 339.166626 226.176926 17.088007 170.469940 210.601517 326.269836 87.298340 179.568924 379.553680 198.494339 286.148560 312.016022 319.231903 339.112091 364.296570 327.873444 384.220001 
300.000000 4 4.000000 11.000000 76.000000 a 378.160034 396.692566 360.826843 147.410995 48.754486 297.329773 520.596802 168.240906 435.459534 205.730408 322.490295 356.050568 412.662079 377.413574 421.645599 180.235962 324.427185 401.061096 484.298462 243.187164 331.556946 540.595947 2.236068 346.923615 506.332886 480.277008 334.861176 394.001282 398.647705 511.853485 
300.000000 11 5.000000 289.000000 199.000000 a 369.207245 92.973114 97.329338 289.994843 268.868011 138.311249 226.313934 135.955872 239.286438 99.327744 110.981979 78.390053 375.532959 302.800262 125.003998 134.617981 77.884529 169.070984 212.532349 70.064255 86.122009 263.600067 305.722107 244.018448 204.782806 204.384445 330.207520 329.802979 271.014771 284.163696 
300.000000 12 1.000000 431.000000 12.000000 a 602.200134 223.617981 314.025482 479.877075 413.358185 132.774246 350.321289 292.959045 458.694885 284.838562 343.930237 165.469025 610.175415 537.603027 188.767059 262.017181 308.566040 73.498299 383.678253 284.682281 315.217377 414.077301 425.540833 478.802673 238.170105 372.239166 561.444580 564.606934 503.531525 481.050934 
300.000000 11 5.000000 244.000000 359.000000 a 241.472565 185.981186 82.328613 279.342072 319.476135 303.817383 202.022278 233.085815 77.929459 195.501923 59.008472 228.844925 234.093994 159.665268 232.768127 255.219513 88.323273 323.109894 138.003616 158.977982 80.324341 191.128235 368.756012 105.688217 271.073792 139.742615 215.132523 185.270081 111.865990 145.890366 
Type de surveillance de chaque endroit(target):tab[nombre de target]
a a a a a a a a a a a a a a a a a a a a a a a a a a a a a a 
Matrix of neighbour
1 0 1 0 0 1 0 1 0 0  
1 1 1 1 1 1 1 1 0 0  
0 0 1 0 0 0 0 0 0 0  
0 0 0 1 0 0 0 1 0 1  
1 0 1 1 1 1 0 1 0 0  
0 0 1 1 0 1 0 1 0 1  
1 0 1 0 1 1 1 0 0 0  
0 0 1 0 0 0 0 1 0 1  
0 1 0 1 0 1 0 1 1 0  
0 0 1 0 0 0 0 0 0 1  
Connect directly to BS 
0 0 1 1 0 0 0 1 0 1 
Cordinaates of sensors 
1 24.000000 98.000000
2 147.000000 45.000000
3 15.000000 288.000000
4 351.000000 251.000000
5 108.000000 84.000000
6 204.000000 116.000000
7 11.000000 76.000000
8 289.000000 199.000000
9 431.000000 12.000000
10 244.000000 359.000000
