Nombre des capteurs:
15
Nombre des targets:
7
Nombre de type de surveillance:
1

Caracteristiques:
40.000000 6 2.000000 19.000000 51.000000 a 235.722290 222.049545 236.647415 218.579498 219.783981 232.122818 191.018326 
40.000000 11 5.000000 93.000000 30.000000 a 179.493729 165.653259 188.809433 159.530563 162.542297 177.200455 133.809570 
40.000000 12 4.000000 250.000000 132.000000 a 10.049875 22.803509 37.202152 27.802877 25.079872 15.524175 54.129475 
40.000000 9 1.000000 149.000000 260.000000 a 156.237000 155.553848 125.876923 165.124191 158.518143 150.903946 159.702850 
40.000000 9 1.000000 141.000000 58.000000 a 124.201447 110.421921 135.591293 104.009613 107.200745 122.147453 78.746429 
40.000000 8 5.000000 201.000000 135.000000 a 39.051247 28.460499 38.183765 33.600594 29.068884 34.014702 26.000000 
40.000000 4 2.000000 123.000000 173.000000 a 123.648697 115.039124 105.574615 119.954155 115.831772 117.953384 100.895988 
40.000000 10 3.000000 139.000000 165.000000 a 105.948097 97.169952 89.050545 102.083298 97.943863 100.284592 83.546394 
40.000000 4 4.000000 264.000000 254.000000 a 123.357208 132.966156 98.792709 143.586212 137.087570 121.511314 158.094910 
40.000000 7 2.000000 192.000000 80.000000 a 71.505241 58.412327 89.554451 50.209560 54.671749 70.604530 30.364452 
40.000000 11 2.000000 298.000000 199.000000 a 87.863533 101.138519 79.177017 109.343498 104.737770 89.095451 132.321579 
40.000000 4 2.000000 210.000000 146.000000 a 32.695564 26.907248 24.083189 35.846897 29.410883 26.925823 38.078865 
40.000000 4 4.000000 62.000000 77.000000 a 186.601181 173.080902 186.496643 170.293869 171.026306 182.784027 142.635895 
40.000000 2 2.000000 222.000000 292.000000 a 160.015625 166.108398 130.138382 177.101669 170.073517 156.540726 184.200974 
40.000000 7 3.000000 39.000000 155.000000 a 202.200394 191.211929 189.129578 193.186432 190.874298 196.918762 168.404282 
Type de surveillance de chaque endroit(target):tab[nombre de target]
a a a a a a a 
Matrix of neighbour
1 0 0 0 0 0 0 0 0 0 0 0 1 0 0  
0 1 0 0 1 0 0 0 0 0 0 0 0 0 0  
0 0 1 0 0 0 0 0 0 0 0 0 0 0 0  
0 0 0 1 0 0 0 0 0 0 0 0 0 0 0  
0 0 0 0 1 0 0 0 0 1 0 0 0 0 0  
0 0 1 0 0 1 0 0 0 0 0 1 0 0 0  
0 0 0 0 0 0 1 1 0 0 0 0 0 0 0  
0 0 0 0 0 1 0 1 0 0 0 0 0 0 0  
0 0 0 0 0 0 0 0 1 0 1 0 0 0 0  
0 0 0 0 0 1 0 0 0 1 0 1 0 0 0  
0 0 0 0 0 0 0 0 0 0 1 0 0 0 0  
0 0 1 0 0 0 0 0 0 0 0 1 0 0 0  
0 1 0 0 0 0 0 0 0 0 0 0 1 0 0  
0 0 0 0 0 0 0 0 1 0 0 0 0 1 0  
0 0 0 0 0 0 0 0 0 0 0 0 0 0 1  
Connect directly to BS 
0 0 1 0 0 0 0 0 0 0 1 0 0 0 0 
Cordinaates of sensors 
1 19.000000 51.000000
2 93.000000 30.000000
3 250.000000 132.000000
4 149.000000 260.000000
5 141.000000 58.000000
6 201.000000 135.000000
7 123.000000 173.000000
8 139.000000 165.000000
9 264.000000 254.000000
10 192.000000 80.000000
11 298.000000 199.000000
12 210.000000 146.000000
13 62.000000 77.000000
14 222.000000 292.000000
15 39.000000 155.000000
