Nombre des capteurs:
20
Nombre des targets:
15
Nombre de type de surveillance:
1

Caracteristiques:
300.000000 9 5.000000 58.000000 268.000000 a 283.536591 310.716919 206.958939 71.063354 281.007111 332.121979 342.965027 347.731232 409.499695 137.876755 192.751129 381.292542 282.209137 100.439034 369.509125 
300.000000 3 1.000000 497.000000 450.000000 a 402.335693 258.631012 453.930603 504.088287 214.014023 143.568802 164.012192 323.385223 67.268120 381.430206 456.109650 424.095520 363.407471 393.904816 293.001709 
300.000000 6 4.000000 14.000000 367.000000 a 380.552216 378.819214 312.129791 176.377441 327.181915 348.967041 385.873047 430.464874 422.834473 225.364151 96.840073 477.867126 372.839111 103.406960 446.322754 
300.000000 12 3.000000 264.000000 283.000000 a 179.888855 116.361504 184.772827 220.465424 76.550636 155.080627 138.050720 181.372543 227.167343 94.810333 284.706879 258.814606 150.867493 162.459229 188.403824 
300.000000 9 4.000000 256.000000 65.000000 a 52.497620 195.816238 77.801025 235.476120 256.780060 354.888702 291.386353 152.013153 411.107056 173.461807 449.722137 113.600174 91.021973 317.529541 189.156021 
300.000000 9 2.000000 151.000000 79.000000 a 141.410751 261.015320 54.203320 148.404846 295.169434 386.943146 344.379150 242.720001 454.493134 150.864182 396.561462 219.494873 169.008881 273.250793 277.973022 
300.000000 12 5.000000 93.000000 88.000000 a 197.732147 306.349487 103.812332 113.600174 328.466125 414.342865 382.413391 296.920868 485.844635 167.287186 375.616821 278.188782 221.939178 263.007599 331.061920 
300.000000 12 3.000000 430.000000 25.000000 a 161.245148 211.896194 251.525345 407.117920 299.152130 385.229797 296.840027 130.384048 412.001221 313.178864 583.563171 65.459915 166.243790 451.908173 144.886169 
300.000000 12 5.000000 492.000000 369.000000 a 332.415405 189.842041 393.513672 464.052795 167.140656 135.594986 106.892471 246.876480 91.350975 335.477264 460.089111 345.984100 293.920044 376.479736 214.671844 
300.000000 6 5.000000 83.000000 108.000000 a 207.021744 307.001617 111.072052 91.678787 323.125366 406.078796 378.866730 303.516052 478.899780 157.876541 354.496826 291.665894 228.116196 244.239639 336.573914 
300.000000 12 1.000000 18.000000 108.000000 a 272.016541 367.783905 176.045456 98.843307 376.198090 453.061798 434.263733 368.071991 528.024597 207.195557 352.750610 355.449005 292.646545 261.090027 400.670685 
300.000000 9 3.000000 281.000000 208.000000 a 103.392456 87.097649 129.556931 220.274826 115.004349 211.697891 161.245148 119.707977 273.753540 93.557472 348.000000 183.883118 74.464760 217.690140 138.600143 
300.000000 9 3.000000 240.000000 295.000000 a 196.468826 143.178207 188.692871 204.071060 97.015465 162.855759 158.977982 206.494553 238.002106 86.608315 258.507263 279.973206 170.578430 135.650284 214.830170 
300.000000 12 3.000000 499.000000 220.000000 a 238.549789 133.184082 323.556793 438.603455 185.714828 230.000000 142.842575 136.213074 227.404922 310.040314 517.072510 217.800369 206.545395 404.461365 99.126183 
300.000000 9 5.000000 90.000000 0.000000 a 225.887146 357.358368 152.839783 199.123077 394.964569 486.474060 443.451233 328.701996 554.301392 245.817001 462.602417 281.780060 259.387726 350.964386 365.427155 
300.000000 3 3.000000 466.000000 175.000000 a 189.409607 112.712021 279.200653 405.597076 186.697617 251.924591 160.580200 86.648720 264.327454 281.476471 511.712799 162.003082 161.074524 391.311890 52.345009 
300.000000 3 1.000000 252.000000 126.000000 a 43.416588 152.305618 59.665737 203.769470 201.357895 298.605103 242.200333 133.660019 358.834229 117.345642 395.065826 140.911316 58.463665 262.053436 167.609665 
300.000000 3 2.000000 222.000000 109.000000 a 68.117546 186.171967 28.160255 183.480240 230.208603 326.107330 274.127716 166.397110 388.928009 120.602654 394.920258 159.012573 92.027168 263.281219 201.156662 
300.000000 9 5.000000 206.000000 143.000000 a 92.195442 180.709717 33.241539 154.728790 210.845917 303.555603 260.403534 178.044937 370.217499 83.743660 357.370941 188.820023 103.077644 225.718857 209.618698 
300.000000 3 1.000000 24.000000 454.000000 a 438.813171 410.478973 381.921448 259.649750 344.047974 340.688995 396.339508 473.126831 407.354889 282.251648 18.027756 533.666565 424.794067 138.852432 483.037262 
Type de surveillance de chaque endroit(target):tab[nombre de target]
a a a a a a a a a a a a a a a 
Matrix of neighbour
1 0 0 1 1 1 1 0 0 1 0 1 1 0 0 0 1 1 1 0  
0 1 0 0 0 0 0 0 1 0 0 0 0 1 0 1 0 0 0 0  
1 0 1 1 0 0 1 0 0 1 0 0 1 0 0 0 0 0 1 0  
0 1 0 1 0 0 0 0 1 0 0 1 0 1 0 1 0 0 0 0  
0 0 0 1 1 0 0 1 0 0 0 1 1 1 0 1 1 0 0 0  
0 0 0 1 1 1 0 1 0 0 0 1 1 0 0 0 1 1 1 0  
0 0 0 1 1 1 1 0 0 0 0 1 1 0 0 0 1 1 1 0  
0 0 0 0 0 0 0 1 0 0 0 1 0 1 0 1 0 0 0 0  
0 0 0 0 0 0 0 0 1 0 0 0 0 1 0 1 0 0 0 0  
0 0 0 1 1 1 1 0 0 1 0 1 1 0 0 0 1 1 1 0  
1 0 1 0 1 1 1 0 0 1 1 1 1 0 1 0 1 1 1 0  
0 0 0 0 0 0 0 0 1 0 0 1 0 1 0 1 0 0 0 0  
0 0 0 1 0 0 0 0 1 0 0 1 1 1 0 1 0 0 0 0  
0 0 0 0 0 0 0 0 0 0 0 0 0 1 0 0 0 0 0 0  
1 0 0 0 1 1 1 0 0 1 0 1 0 0 1 0 1 1 1 0  
0 0 0 0 0 0 0 0 0 0 0 0 0 1 0 1 0 0 0 0  
0 0 0 1 0 0 0 1 0 0 0 1 1 1 0 1 1 0 0 0  
0 0 0 1 1 0 0 1 0 0 0 1 1 1 0 1 1 1 0 0  
0 0 0 1 1 0 0 1 0 0 0 1 1 0 0 1 1 1 1 0  
1 0 1 1 0 0 0 0 0 0 0 0 1 0 0 0 0 0 0 1  
Connect directly to BS 
0 1 0 1 0 0 0 1 1 0 0 1 1 1 0 1 1 0 0 0 
Cordinaates of sensors 
1 58.000000 268.000000
2 497.000000 450.000000
3 14.000000 367.000000
4 264.000000 283.000000
5 256.000000 65.000000
6 151.000000 79.000000
7 93.000000 88.000000
8 430.000000 25.000000
9 492.000000 369.000000
10 83.000000 108.000000
11 18.000000 108.000000
12 281.000000 208.000000
13 240.000000 295.000000
14 499.000000 220.000000
15 90.000000 0.000000
16 466.000000 175.000000
17 252.000000 126.000000
18 222.000000 109.000000
19 206.000000 143.000000
20 24.000000 454.000000
