Nombre des capteurs:
20
Nombre des targets:
15
Nombre de type de surveillance:
1

Caracteristiques:
300.000000 1 2.000000 34.000000 75.000000 a 415.943512 424.595093 194.311600 201.933151 415.278229 495.323120 444.443481 438.630829 304.901611 296.705231 85.088188 82.855293 455.179077 321.043610 392.256287 
300.000000 3 3.000000 87.000000 199.000000 a 283.425476 365.089020 94.847244 69.426216 404.411926 413.284393 386.400055 336.487732 199.022614 202.388245 98.412399 52.000000 353.865784 191.211929 339.346436 
300.000000 5 1.000000 191.000000 184.000000 a 252.001984 260.109589 188.279053 88.617157 307.626404 313.249115 281.396515 247.832611 272.244385 106.451866 193.499359 128.316010 264.578918 226.850174 234.360840 
300.000000 8 4.000000 304.000000 470.000000 a 65.299309 342.660187 345.488068 277.852478 481.789368 291.907532 355.647308 190.057892 317.616119 240.601334 439.209503 397.404083 196.400101 222.854218 351.069794 
300.000000 8 5.000000 491.000000 23.000000 a 469.248322 143.003494 528.715454 424.438446 49.040798 228.078934 134.495346 298.650299 605.892700 290.628632 507.918304 442.899536 298.095612 539.179016 135.484314 
300.000000 5 1.000000 261.000000 248.000000 a 180.136063 208.482620 238.924667 128.035156 301.014954 236.019073 229.268402 156.387344 291.583618 31.622776 277.751678 216.898590 173.626038 217.690140 193.600098 
300.000000 10 4.000000 392.000000 63.000000 a 390.216614 113.017700 422.607391 320.039063 74.966660 215.334625 122.024590 246.343262 502.880707 197.266312 402.198944 336.703125 251.793564 441.072571 81.344948 
300.000000 2 3.000000 329.000000 62.000000 a 373.605408 155.708054 369.438751 272.281097 126.625435 252.873489 170.293869 258.427948 456.176514 173.170441 341.353180 276.703827 267.675171 402.334442 119.970833 
300.000000 10 2.000000 465.000000 136.000000 a 360.256866 28.301943 461.576660 351.353088 128.724518 119.369179 20.880613 183.109253 524.203186 201.295807 465.310638 398.282562 182.148285 447.969879 44.102154 
300.000000 8 4.000000 236.000000 397.000000 a 35.846897 319.319580 248.501511 178.675690 440.236298 299.060181 336.609558 190.538712 236.763596 174.613861 339.458405 298.457703 204.088211 140.174896 317.472839 
300.000000 1 1.000000 205.000000 189.000000 a 243.971313 246.710358 198.806442 95.015785 299.200592 298.509644 268.039185 233.238083 278.829712 91.678787 208.136978 143.136292 249.929993 228.652573 221.711517 
300.000000 7 2.000000 358.000000 251.000000 a 205.292480 129.402466 335.483246 225.000000 256.826782 139.000000 147.627914 74.652527 379.859192 74.040527 371.171112 307.702789 89.106674 296.588928 128.502914 
300.000000 11 2.000000 406.000000 274.000000 a 216.379303 122.196564 383.032623 273.967163 267.710663 93.861603 134.718231 35.014282 419.108582 126.873955 423.647247 360.624451 42.154476 330.992462 135.830780 
300.000000 12 2.000000 25.000000 225.000000 a 306.022888 429.941864 44.045429 111.085556 471.398987 472.715546 451.305878 389.173492 155.029022 262.047699 76.216797 85.088188 406.636200 179.627396 405.230804 
300.000000 12 4.000000 179.000000 68.000000 a 367.729523 286.190491 254.434662 188.692871 271.488495 366.896454 304.972137 330.389160 357.967865 194.699768 198.156509 139.402298 345.071014 332.525177 252.200317 
300.000000 7 4.000000 227.000000 490.000000 a 67.623962 398.282562 300.760712 256.820953 527.683594 360.584259 413.632690 253.860199 253.126450 266.833282 406.322540 374.861298 263.351471 164.805954 401.044891 
300.000000 8 4.000000 458.000000 341.000000 a 221.776917 181.176712 440.918365 337.231384 332.295044 98.086693 185.456192 61.911228 459.492096 203.867599 495.083832 434.719452 45.607018 365.301239 205.360657 
300.000000 4 1.000000 318.000000 158.000000 a 277.481537 132.015152 315.192017 207.060379 195.133286 201.717621 153.013077 174.269913 386.683319 78.390053 318.039307 251.097595 186.657440 321.104340 104.737770 
300.000000 7 2.000000 172.000000 338.000000 a 121.753853 330.103027 164.201096 95.341492 426.878204 336.443146 350.035706 234.797791 176.589920 157.762482 252.604431 214.462112 251.246887 92.086914 318.750671 
300.000000 9 5.000000 449.000000 287.000000 a 240.636658 127.003937 426.380127 318.044037 278.044952 60.000000 132.834488 49.193497 458.128815 171.735260 468.569092 405.487366 37.483330 367.720001 150.625366 
Type de surveillance de chaque endroit(target):tab[nombre de target]
a a a a a a a a a a a a a a a 