Nombre des capteurs:
20
Nombre des targets:
15
Nombre de type de surveillance:
1

Caracteristiques:
300.000000 6 5.000000 27.000000 346.000000 a 200.442017 278.619812 115.004349 308.366669 369.304749 402.534485 220.383759 307.006500 277.088440 219.207657 415.473236 180.000000 234.412033 76.485291 173.726791 
300.000000 3 1.000000 127.000000 224.000000 a 176.400116 233.308807 121.926208 181.069046 289.499573 244.920395 67.683083 209.353775 280.417542 64.498062 279.732025 266.120270 85.586212 97.128784 200.860641 
300.000000 12 2.000000 330.000000 215.000000 a 186.657440 163.085861 228.569458 22.360680 133.461609 176.147659 196.451019 348.678925 249.070267 148.788437 87.200920 337.120148 207.424683 293.393921 247.258972 
300.000000 8 5.000000 463.000000 324.000000 a 241.422867 167.287186 321.686188 187.216446 67.364677 328.940735 361.382080 519.211914 227.407120 309.554504 172.887253 367.613922 374.834625 424.322998 291.878387 
300.000000 8 1.000000 236.000000 320.000000 a 50.990196 88.090858 97.267670 124.036285 160.377686 282.603973 187.296555 349.012909 145.797806 138.538803 227.035233 197.739731 206.305603 200.092484 108.240471 
300.000000 8 4.000000 57.000000 160.000000 a 269.557037 328.123444 203.592728 257.841034 379.686707 262.514771 85.023529 124.197426 373.001343 130.000000 343.013123 339.092896 82.710335 112.008926 286.665314 
300.000000 11 2.000000 266.000000 238.000000 a 137.927521 143.136292 163.783386 46.097721 159.840546 196.725693 147.566940 309.467285 221.442993 94.894676 153.561066 284.015839 162.609970 226.417755 195.151230 
300.000000 7 3.000000 213.000000 153.000000 a 217.389053 240.852646 204.707108 115.676270 255.290024 135.428955 71.175842 216.453232 313.249115 49.203659 187.267181 345.908936 77.278717 207.761887 264.382294 
300.000000 9 2.000000 481.000000 53.000000 a 406.834106 368.317810 447.420380 239.760300 290.704315 189.264359 354.888702 452.216766 453.030914 328.823669 136.605270 557.391235 354.587097 490.147949 467.754211 
300.000000 9 1.000000 75.000000 115.000000 a 296.354523 347.220398 239.560013 255.156815 386.906952 228.632889 79.611557 88.836929 400.450989 132.638611 328.525482 379.769653 66.483078 159.452194 320.814575 
300.000000 9 2.000000 258.000000 496.000000 a 130.000000 128.514587 190.412704 281.476471 215.102295 454.274139 357.351379 511.165344 43.046486 313.114990 362.012421 123.146255 376.948273 311.899017 107.628990 
300.000000 9 4.000000 96.000000 105.000000 a 295.169434 341.621124 244.368576 240.707291 375.600861 205.572372 70.178345 94.047859 398.963654 123.036583 309.483429 386.970276 53.263496 174.562317 323.760712 
300.000000 11 5.000000 468.000000 424.000000 a 247.951614 170.880081 335.435547 260.048065 117.613777 419.686798 420.751709 583.905823 191.230225 367.490143 269.712799 339.477539 436.790558 452.642242 282.113464 
300.000000 7 2.000000 176.000000 41.000000 a 332.777710 358.620972 305.895416 221.603256 364.005493 116.017242 121.840057 147.013611 430.743530 151.162170 255.068619 450.868042 105.475113 266.187897 375.133301 
300.000000 9 1.000000 461.000000 65.000000 a 385.032471 348.381989 424.453766 217.082932 273.826599 170.425934 332.279999 432.781708 433.586212 305.635406 115.433968 535.631409 332.343201 466.901489 445.899078 
300.000000 9 5.000000 225.000000 484.000000 a 114.004387 133.809570 161.895035 277.694061 229.455872 446.060547 336.400055 486.251984 60.415230 295.005096 365.603607 90.199776 356.046356 280.816681 78.390053 
300.000000 3 2.000000 479.000000 55.000000 a 404.022278 365.603607 444.599823 236.932480 288.209991 187.384628 352.388977 450.284363 450.352081 326.167145 133.809570 554.581848 352.164734 487.467957 464.940857 
300.000000 3 2.000000 126.000000 307.000000 a 118.190521 190.905731 41.231056 202.158356 271.064575 311.852539 149.856598 285.014038 216.379303 128.351074 309.535126 183.221176 168.359741 91.389275 124.422668 
300.000000 3 3.000000 61.000000 243.000000 a 208.216232 277.016235 130.249756 248.163254 346.365417 305.550323 117.413795 206.494553 307.598755 132.230865 348.311646 257.846863 128.809937 33.837849 213.433838 
300.000000 4 2.000000 291.000000 117.000000 a 261.216400 259.326050 272.369232 103.406960 238.371552 74.006760 154.538025 273.364227 342.176849 131.487640 118.308914 404.308044 155.563492 292.774658 316.900604 
Type de surveillance de chaque endroit(target):tab[nombre de target]
a a a a a a a a a a a a a a a 
Matrix of neighbour
1 0 0 0 0 0 0 0 0 0 0 0 0 0 0 0 0 0 0 0  
1 1 0 0 1 0 0 0 0 0 0 0 0 0 0 1 0 1 1 0  
0 1 1 0 1 1 1 1 0 1 1 1 0 0 0 1 0 1 1 0  
0 0 1 1 1 0 1 0 0 0 1 0 1 0 0 1 0 0 0 1  
1 0 0 0 1 0 0 0 0 0 0 0 0 0 0 1 0 1 0 0  
1 1 0 0 1 1 1 0 0 0 0 0 0 0 0 0 0 1 1 0  
1 1 0 0 1 0 1 0 0 0 1 0 0 0 0 1 0 1 1 0  
1 1 0 0 1 1 1 1 0 0 0 0 0 0 0 0 0 1 1 0  
0 0 1 1 0 0 1 1 1 0 0 0 0 0 1 0 1 0 0 1  
1 1 0 0 1 1 1 1 0 1 0 0 0 0 0 0 0 1 1 0  
1 0 0 0 1 0 0 0 0 0 1 0 0 0 0 1 0 1 0 0  
1 1 0 0 1 1 1 1 0 1 0 1 0 0 0 0 0 1 1 0  
0 0 1 0 1 0 1 0 0 0 1 0 1 0 0 1 0 0 0 0  
0 1 1 0 1 1 1 1 0 1 0 1 0 1 0 0 0 1 1 1  
0 0 1 1 0 0 1 1 0 0 0 0 0 1 1 0 0 0 0 1  
1 0 0 0 0 0 0 0 0 0 0 0 0 0 0 1 0 1 0 0  
0 0 1 1 0 0 1 1 0 0 0 0 0 0 1 0 1 0 0 1  
1 0 0 0 0 0 0 0 0 0 0 0 0 0 0 0 0 1 0 0  
1 0 0 0 1 0 0 0 0 0 0 0 0 0 0 1 0 1 1 0  
0 1 1 0 1 1 1 1 0 1 0 1 0 0 0 0 0 1 1 1  
Connect directly to BS 
1 1 1 0 1 1 1 1 0 1 1 1 0 0 0 1 0 1 1 0 
Cordinaates of sensors 
1 27.000000 346.000000
2 127.000000 224.000000
3 330.000000 215.000000
4 463.000000 324.000000
5 236.000000 320.000000
6 57.000000 160.000000
7 266.000000 238.000000
8 213.000000 153.000000
9 481.000000 53.000000
10 75.000000 115.000000
11 258.000000 496.000000
12 96.000000 105.000000
13 468.000000 424.000000
14 176.000000 41.000000
15 461.000000 65.000000
16 225.000000 484.000000
17 479.000000 55.000000
18 126.000000 307.000000
19 61.000000 243.000000
20 291.000000 117.000000
