Nombre des capteurs:
20
Nombre des targets:
30
Nombre de type de surveillance:
1

Caracteristiques:
300.000000 5 5.000000 27.000000 346.000000 a 200.442017 278.619812 115.004349 308.366669 369.304749 402.534485 220.383759 307.006500 277.088440 219.207657 415.473236 180.000000 234.412033 76.485291 173.726791 312.246704 166.003006 410.000000 413.469452 335.596497 161.111755 177.910095 65.795135 103.942291 424.990601 354.317657 119.603508 333.418671 330.945618 185.172897 
300.000000 1 1.000000 127.000000 224.000000 a 176.400116 233.308807 121.926208 181.069046 289.499573 244.920395 67.683083 209.353775 280.417542 64.498062 279.732025 266.120270 85.586212 97.128784 200.860641 308.210968 108.337433 333.142609 259.624725 319.188019 101.769348 197.362610 154.275726 217.366043 357.459076 197.496841 38.948685 179.387848 208.482620 155.322250 
300.000000 12 2.000000 330.000000 215.000000 a 186.657440 163.085861 228.569458 22.360680 133.461609 176.147659 196.451019 348.678925 249.070267 148.788437 87.200920 337.120148 207.424683 293.393921 247.258972 254.503433 304.021393 169.144913 138.437714 244.346069 298.511292 238.314911 289.849976 334.427856 200.601593 136.473434 226.126068 207.060379 313.912415 182.332108 
300.000000 8 5.000000 463.000000 324.000000 a 241.422867 167.287186 321.686188 187.216446 67.364677 328.940735 361.382080 519.211914 227.407120 309.554504 172.887253 367.613922 374.834625 424.322998 291.878387 207.908630 458.215027 34.058773 275.486847 180.623917 451.908173 283.365479 379.179382 400.000000 52.392746 300.647644 361.083099 377.597656 485.856964 252.786469 
300.000000 7 1.000000 236.000000 320.000000 a 50.990196 88.090858 97.267670 124.036285 160.377686 282.603973 187.296555 349.012909 145.797806 138.538803 227.035233 197.739731 206.305603 200.092484 108.240471 168.181442 250.726944 202.674622 264.714935 175.413803 243.790894 99.744675 158.145508 195.205017 221.923416 231.969818 142.225174 265.188599 336.309387 41.617306 
300.000000 7 4.000000 57.000000 160.000000 a 269.557037 328.123444 203.592728 257.841034 379.686707 262.514771 85.023529 124.197426 373.001343 130.000000 343.013123 339.092896 82.710335 112.008926 286.665314 401.907959 35.227829 423.079193 295.880035 413.759583 34.655445 284.597961 215.102295 276.875427 448.844086 226.753174 110.476242 171.604202 142.579803 248.316330 
300.000000 11 2.000000 266.000000 238.000000 a 137.927521 143.136292 163.783386 46.097721 159.840546 196.725693 147.566940 309.467285 221.442993 94.894676 153.561066 284.015839 162.609970 226.417755 195.151230 235.934311 244.965302 202.249847 177.611938 234.029907 238.951874 186.850204 224.200806 272.347198 230.204254 147.166565 159.260788 193.496765 283.985901 127.953117 
300.000000 5 3.000000 213.000000 153.000000 a 217.389053 240.852646 204.707108 115.676270 255.290024 135.428955 71.175842 216.453232 313.249115 49.203659 187.267181 345.908936 77.278717 207.761887 264.382294 331.748413 186.959885 295.677185 148.862350 332.469543 182.822311 257.777039 253.527115 313.121368 325.465820 86.278618 148.492432 96.690224 185.283569 201.002487 
300.000000 8 2.000000 481.000000 53.000000 a 406.834106 368.317810 447.420380 239.760300 290.704315 189.264359 354.888702 452.216766 453.030914 328.823669 136.605270 557.391235 354.587097 490.147949 467.754211 448.268890 470.465729 296.285339 142.042252 428.812317 467.041748 458.686157 507.578552 555.241394 323.394501 211.442657 425.621887 286.043701 398.369171 403.685516 
300.000000 8 1.000000 75.000000 115.000000 a 296.354523 347.220398 239.560013 255.156815 386.906952 228.632889 79.611557 88.836929 400.450989 132.638611 328.525482 379.769653 66.483078 159.452194 320.814575 427.126434 80.212219 429.424042 268.700592 436.073395 81.633324 317.724731 258.278931 321.024933 457.138916 199.449249 146.758301 132.849533 95.425362 275.481384 
300.000000 9 2.000000 258.000000 496.000000 a 130.000000 128.514587 190.412704 281.476471 215.102295 454.274139 357.351379 511.165344 43.046486 313.114990 362.012421 123.146255 376.948273 311.899017 107.628990 62.169125 390.840118 233.540146 427.141663 92.703827 383.856750 107.800743 210.641876 188.788239 227.793762 405.277679 281.325439 442.507629 506.805695 149.264862 
300.000000 8 4.000000 96.000000 105.000000 a 295.169434 341.621124 244.368576 240.707291 375.600861 205.572372 70.178345 94.047859 398.963654 123.036583 309.483429 386.970276 53.263496 174.562317 323.760712 424.287628 101.237343 417.566772 246.594803 431.653809 101.828285 320.053131 268.151062 331.436279 446.010101 177.552811 153.469864 109.590149 85.842880 274.694366 
300.000000 11 5.000000 468.000000 424.000000 a 247.951614 170.880081 335.435547 260.048065 117.613777 419.686798 420.751709 583.905823 191.230225 367.490143 269.712799 339.477539 436.790558 452.642242 282.113464 160.440018 503.126221 83.934502 369.510498 129.807556 496.332550 275.356140 384.398224 389.185059 51.865211 385.893768 396.429047 456.601563 557.379578 265.397827 
300.000000 6 2.000000 176.000000 41.000000 a 332.777710 358.620972 305.895416 221.603256 364.005493 116.017242 121.840057 147.013611 430.743530 151.162170 255.068619 450.868042 105.475113 266.187897 375.133301 449.697662 203.039398 401.429932 168.881622 450.125549 202.940872 369.391388 343.722260 406.735779 432.644196 109.128365 227.404922 25.495098 94.366310 315.063477 
300.000000 8 1.000000 461.000000 65.000000 a 385.032471 348.381989 424.453766 217.082932 273.826599 170.425934 332.279999 432.781708 433.586212 305.635406 115.433968 535.631409 332.343201 466.901489 445.899078 429.912781 448.011169 282.023041 120.598511 411.290649 444.504211 436.862671 484.499756 532.508240 310.161255 189.789352 402.315796 266.092102 379.676178 381.473450 
300.000000 9 5.000000 225.000000 484.000000 a 114.004387 133.809570 161.895035 277.694061 229.455872 446.060547 336.400055 486.251984 60.415230 295.005096 365.603607 90.199776 356.046356 280.816681 78.390053 90.255196 362.249908 252.958496 423.207977 120.619232 355.337860 80.622574 177.101669 153.687988 250.912338 395.920441 254.489685 427.055023 484.950500 130.648376 
300.000000 1 2.000000 479.000000 55.000000 a 404.022278 365.603607 444.599823 236.932480 288.209991 187.384628 352.388977 450.284363 450.352081 326.167145 133.809570 554.581848 352.164734 487.467957 464.940857 445.669159 468.002136 294.015320 139.742615 426.276917 464.559998 455.873871 504.765289 552.413818 321.222656 209.121979 422.906616 284.015839 396.547607 400.861572 
300.000000 1 2.000000 126.000000 307.000000 a 118.190521 190.905731 41.231056 202.158356 271.064575 311.852539 149.856598 285.014038 216.379303 128.351074 309.535126 183.221176 168.359741 91.389275 124.422668 248.169296 160.415085 313.435791 314.841217 264.939606 153.404694 122.873917 76.661591 137.295303 332.037659 261.275726 52.201534 258.383423 290.056885 98.005104 
300.000000 1 3.000000 61.000000 243.000000 a 208.216232 277.016235 130.249756 248.163254 346.365417 305.550323 117.413795 206.494553 307.598755 132.230865 348.311646 257.846863 128.809937 33.837849 213.433838 339.241791 71.119621 389.852539 325.508820 355.218231 64.404968 212.868500 132.574509 193.837555 411.732910 260.860107 49.335587 228.431610 224.182968 187.408646 
300.000000 2 2.000000 291.000000 117.000000 a 261.216400 259.326050 272.369232 103.406960 238.371552 74.006760 154.538025 273.364227 342.176849 131.487640 118.308914 404.308044 155.563492 292.774658 316.900604 352.750610 270.440369 271.582397 64.031242 345.930634 266.810791 308.954681 327.340790 383.020874 303.585236 31.622776 231.019485 112.680969 228.600082 249.819931 
Type de surveillance de chaque endroit(target):tab[nombre de target]
a a a a a a a a a a a a a a a a a a a a a a a a a a a a a a 
Matrix of neighbour
1 0 0 0 0 0 0 0 0 0 0 0 0 0 0 0 0 0 0 0  
1 1 0 0 1 0 0 0 0 0 0 0 0 0 0 1 0 1 1 0  
0 1 1 0 1 1 1 1 0 1 1 1 0 0 0 1 0 1 1 0  
0 0 1 1 1 0 1 0 0 0 1 0 1 0 0 1 0 0 0 1  
1 0 0 0 1 0 0 0 0 0 0 0 0 0 0 1 0 1 0 0  
1 1 0 0 1 1 1 0 0 0 0 0 0 0 0 0 0 1 1 0  
1 1 0 0 1 0 1 0 0 0 1 0 0 0 0 1 0 1 1 0  
1 1 0 0 1 1 1 1 0 0 0 0 0 0 0 0 0 1 1 0  
0 0 1 1 0 0 1 1 1 0 0 0 0 0 1 0 1 0 0 1  
1 1 0 0 1 1 1 1 0 1 0 0 0 0 0 0 0 1 1 0  
1 0 0 0 1 0 0 0 0 0 1 0 0 0 0 1 0 1 0 0  
1 1 0 0 1 1 1 1 0 1 0 1 0 0 0 0 0 1 1 0  
0 0 1 0 1 0 1 0 0 0 1 0 1 0 0 1 0 0 0 0  
0 1 1 0 1 1 1 1 0 1 0 1 0 1 0 0 0 1 1 1  
0 0 1 1 0 0 1 1 0 0 0 0 0 1 1 0 0 0 0 1  
1 0 0 0 0 0 0 0 0 0 0 0 0 0 0 1 0 1 0 0  
0 0 1 1 0 0 1 1 0 0 0 0 0 0 1 0 1 0 0 1  
1 0 0 0 0 0 0 0 0 0 0 0 0 0 0 0 0 1 0 0  
1 0 0 0 1 0 0 0 0 0 0 0 0 0 0 1 0 1 1 0  
0 1 1 0 1 1 1 1 0 1 0 1 0 0 0 0 0 1 1 1  
Connect directly to BS 
1 1 1 0 1 1 1 1 0 1 1 1 0 0 0 1 0 1 1 0 
Cordinaates of sensors 
1 27.000000 346.000000
2 127.000000 224.000000
3 330.000000 215.000000
4 463.000000 324.000000
5 236.000000 320.000000
6 57.000000 160.000000
7 266.000000 238.000000
8 213.000000 153.000000
9 481.000000 53.000000
10 75.000000 115.000000
11 258.000000 496.000000
12 96.000000 105.000000
13 468.000000 424.000000
14 176.000000 41.000000
15 461.000000 65.000000
16 225.000000 484.000000
17 479.000000 55.000000
18 126.000000 307.000000
19 61.000000 243.000000
20 291.000000 117.000000
