Nombre des capteurs:
20
Nombre des targets:
15
Nombre de type de surveillance:
1

Caracteristiques:
300.000000 3 4.000000 56.000000 278.000000 a 200.721207 304.803223 454.763672 125.255737 152.895386 362.836060 466.994659 328.566589 261.690643 304.453613 196.596039 293.492767 430.255737 250.966141 462.361328 
300.000000 6 3.000000 65.000000 302.000000 a 195.350967 281.485352 461.966461 149.966660 131.468628 365.689758 448.937622 331.126862 238.346390 317.056763 173.415680 277.764282 415.221619 241.008301 467.616302 
300.000000 9 2.000000 357.000000 404.000000 a 175.071411 128.724518 395.248016 398.097992 184.455963 280.401489 141.834412 260.001923 135.532288 365.120514 164.684540 37.643059 111.018013 115.831772 375.479706 
300.000000 6 2.000000 207.000000 247.000000 a 50.960770 257.334412 319.724884 184.707870 130.969467 215.796204 356.092682 181.135315 222.036026 202.074249 172.568832 179.610687 303.555603 112.294258 320.861328 
300.000000 6 3.000000 384.000000 139.000000 a 176.827606 376.324341 131.244049 336.291534 314.493256 14.035668 351.791138 28.442924 359.434265 151.476074 338.941010 241.447723 276.088745 178.899414 119.854080 
300.000000 9 1.000000 225.000000 57.000000 a 206.341949 442.096130 206.320145 201.357895 320.919006 173.850510 491.172058 157.257751 410.175568 35.355339 363.411621 335.839233 421.988159 256.144501 228.560715 
300.000000 9 4.000000 408.000000 199.000000 a 164.158463 329.247620 184.978378 362.927002 291.400055 77.491936 287.647339 75.690155 317.907227 208.597702 307.611755 191.313873 211.681366 143.544418 164.283295 
300.000000 3 3.000000 334.000000 240.000000 a 80.777473 265.339417 243.462524 298.939789 207.935089 125.801430 278.172607 98.488579 246.856232 202.039597 227.863998 135.003708 210.237961 66.211784 231.866348 
300.000000 12 3.000000 83.000000 40.000000 a 280.659943 493.025360 344.907227 118.296242 346.439026 313.733978 589.804199 292.138672 453.921814 177.406311 394.640350 418.001190 528.459106 342.533203 370.001343 
300.000000 3 1.000000 167.000000 229.000000 a 94.578011 286.400055 336.743225 141.198441 145.220520 241.536743 398.399292 207.234161 248.080627 199.944992 191.770691 221.070129 347.174316 156.083313 342.257202 
300.000000 3 1.000000 194.000000 252.000000 a 62.649822 255.931625 332.352234 176.400116 123.470642 229.368698 362.949036 194.699768 219.257843 210.608643 167.002991 185.607117 312.371582 121.852371 334.068848 
300.000000 9 4.000000 274.000000 201.000000 a 62.641838 296.060791 240.842270 231.041122 199.323853 134.525085 344.013092 99.864906 268.560974 149.656265 232.561813 183.730774 279.351044 104.043259 240.085403 
300.000000 6 5.000000 323.000000 149.000000 a 130.510529 352.319458 169.623108 275.029083 269.312073 66.483078 363.683929 33.376640 329.423737 115.663307 299.666473 226.221130 291.605896 151.953934 169.008881 
300.000000 9 2.000000 229.000000 366.000000 a 108.415863 136.682114 402.995026 279.517456 54.589375 287.083618 273.029297 255.759659 101.316338 315.526550 64.070274 104.388695 241.696091 101.414986 394.716339 
300.000000 6 3.000000 93.000000 307.000000 a 169.366470 258.311829 443.644012 160.440018 105.891457 344.075562 421.267151 309.415588 215.257980 304.817993 150.146591 249.447388 386.846222 213.114990 447.611450 
300.000000 6 5.000000 466.000000 491.000000 a 311.448242 198.090881 477.595032 537.557434 313.639923 374.855988 17.691807 364.017853 230.254211 484.929901 282.334900 176.479462 89.022469 249.160583 450.187744 
300.000000 6 5.000000 171.000000 151.000000 a 139.014389 359.339661 289.882721 123.016258 223.035873 215.573654 448.528717 185.132385 322.818848 133.124008 268.901459 276.441681 388.857300 201.062180 302.694580 
300.000000 6 1.000000 241.000000 271.000000 a 18.027756 227.607117 316.436401 226.214493 122.331520 205.065842 314.671265 171.330093 196.040817 219.822662 155.589203 138.852432 262.087769 71.175842 312.800262 
300.000000 6 3.000000 179.000000 186.000000 a 107.489532 323.484161 301.239105 135.092560 188.042542 214.841797 417.929413 181.914810 286.923340 156.579056 233.420227 243.797043 360.800507 170.660477 310.001617 
300.000000 6 3.000000 234.000000 440.000000 a 180.346893 66.370171 466.769745 342.001465 88.526833 349.322205 246.941284 320.156219 27.166155 388.870148 46.065170 118.431412 237.065399 157.429352 455.150513 
Type de surveillance de chaque endroit(target):tab[nombre de target]
a a a a a a a a a a a a a a a 
Matrix of neighbour
1 1 0 1 0 1 0 1 0 1 1 1 1 1 1 0 1 1 1 1  
0 1 0 1 0 1 0 1 0 1 1 1 1 1 1 0 1 1 1 1  
0 0 1 0 1 0 1 1 0 0 0 0 1 0 0 0 0 0 0 0  
0 0 1 1 1 0 1 1 0 0 0 1 1 0 0 0 0 1 0 0  
0 0 0 0 1 0 1 0 0 0 0 0 0 0 0 0 0 0 0 0  
0 0 0 1 1 1 1 1 0 1 1 1 1 0 0 0 0 1 1 0  
0 0 0 0 0 0 1 0 0 0 0 0 0 0 0 0 0 0 0 0  
0 0 0 0 1 0 1 1 0 0 0 0 0 0 0 0 0 0 0 0  
1 1 0 1 0 1 0 0 1 1 1 1 1 0 1 0 1 1 1 0  
0 0 1 1 1 0 1 1 0 1 1 1 1 1 0 0 0 1 1 1  
0 0 1 1 1 0 1 1 0 0 1 1 1 1 0 0 0 1 0 0  
0 0 1 0 1 0 1 1 0 0 0 1 1 0 0 0 0 0 0 0  
0 0 0 0 1 0 1 1 0 0 0 0 1 0 0 0 0 0 0 0  
0 0 1 1 1 0 1 1 0 0 0 1 1 1 0 1 0 1 0 0  
0 0 1 1 0 1 0 1 0 1 1 1 1 1 1 0 1 1 1 1  
0 0 1 0 0 0 1 1 0 0 0 0 0 0 0 1 0 0 0 0  
0 0 0 1 1 1 1 1 0 1 1 1 1 1 0 0 1 1 1 1  
0 0 1 0 1 0 1 1 0 0 0 1 1 0 0 0 0 1 0 0  
0 0 1 1 1 0 1 1 0 0 1 1 1 1 0 0 0 1 1 1  
0 0 1 1 0 0 1 1 0 0 1 1 0 1 0 1 0 1 0 1  
Connect directly to BS 
0 0 1 1 1 0 1 1 0 0 0 1 1 1 0 1 0 1 0 0 
Cordinaates of sensors 
1 56.000000 278.000000
2 65.000000 302.000000
3 357.000000 404.000000
4 207.000000 247.000000
5 384.000000 139.000000
6 225.000000 57.000000
7 408.000000 199.000000
8 334.000000 240.000000
9 83.000000 40.000000
10 167.000000 229.000000
11 194.000000 252.000000
12 274.000000 201.000000
13 323.000000 149.000000
14 229.000000 366.000000
15 93.000000 307.000000
16 466.000000 491.000000
17 171.000000 151.000000
18 241.000000 271.000000
19 179.000000 186.000000
20 234.000000 440.000000
