Nombre des capteurs:
20
Nombre des targets:
30
Nombre de type de surveillance:
1

Caracteristiques:
300.000000 1 3.000000 24.000000 98.000000 a 307.800262 516.512329 27.784887 321.628662 487.083160 456.347443 312.193848 369.935120 373.310852 486.506927 333.430664 584.268799 53.851646 389.508667 272.904755 209.153061 319.319580 384.925964 168.656448 360.656342 263.229950 328.469177 325.508820 429.196930 263.821899 507.666229 458.577148 295.243958 214.767319 371.651733 
300.000000 11 4.000000 147.000000 45.000000 a 267.904846 470.464661 140.035706 351.005707 395.180969 410.025604 381.797058 420.877655 397.609100 470.558167 237.356277 535.708862 95.257545 377.895477 264.984894 145.619370 382.723145 362.692719 197.608200 373.230499 321.123016 383.262299 335.764801 313.036743 230.633911 435.744202 334.336670 345.897369 274.322815 301.955292 
300.000000 10 4.000000 15.000000 288.000000 a 255.049011 430.706390 214.058411 169.008881 476.131287 378.600067 123.628479 189.475586 217.788895 364.321289 355.844055 495.464417 238.882813 275.601166 188.679626 236.038132 133.521530 286.190491 110.923393 221.110825 88.865067 148.070923 196.786682 472.411896 219.920441 461.200592 518.787048 122.800652 57.584721 344.061035 
300.000000 6 2.000000 351.000000 251.000000 a 87.091904 189.232666 384.200470 251.914673 138.231689 133.645050 353.747070 335.621826 263.827606 231.579361 83.006027 250.063995 359.168488 175.513535 157.203690 153.495926 340.630310 144.450684 236.256210 225.656815 299.392731 322.133514 205.060974 173.216629 118.270874 147.827606 231.043289 294.735474 287.702972 12.206555 
300.000000 8 1.000000 108.000000 84.000000 a 256.602814 464.961304 98.508881 314.186249 412.846222 404.085388 334.073334 378.428314 363.159760 451.956848 256.164001 531.836426 64.498062 356.439331 239.635132 141.820313 336.524902 345.398315 156.156967 342.498169 275.495911 339.328735 305.221222 346.054901 215.058136 442.670319 373.771332 302.597107 227.369736 306.315186 
300.000000 8 5.000000 204.000000 116.000000 a 179.568924 379.553680 198.494339 286.148560 312.016022 319.231903 339.112091 364.296570 327.873444 384.220001 154.983871 444.668427 164.924225 294.389191 188.002655 57.280014 335.858612 276.441681 152.633545 299.106995 275.263519 330.925964 262.373779 249.050201 145.910934 346.394287 282.603973 293.470612 234.710464 211.520691 
300.000000 1 2.000000 11.000000 76.000000 a 331.556946 540.595947 2.236068 346.923615 506.332886 480.277008 334.861176 394.001282 398.647705 511.853485 351.262024 608.306641 47.507893 414.849365 298.073822 229.577881 342.584290 409.928040 194.195770 386.194244 287.334290 352.427307 351.062683 443.383575 287.702972 529.545105 470.272247 319.662323 239.140121 393.235291 
300.000000 6 5.000000 289.000000 199.000000 a 86.122009 263.600067 305.722107 244.018448 204.782806 204.384445 330.207520 329.802979 271.014771 284.163696 68.425140 327.365234 278.887085 206.400101 135.723984 74.464760 320.601013 181.024857 178.765213 235.170151 269.235962 307.001617 204.553177 186.118240 82.073135 228.431610 237.033752 273.804688 245.521896 92.763138 
300.000000 1 5.000000 431.000000 12.000000 a 315.217377 414.077301 425.540833 478.802673 238.170105 372.239166 561.444580 564.606934 503.531525 481.050934 175.775421 457.319366 381.104980 425.699432 370.469971 264.200684 553.263062 395.536346 389.666534 466.512604 498.623108 541.025879 438.220276 101.414986 316.564362 323.867249 69.310890 506.793854 467.610962 259.480255 
300.000000 3 3.000000 244.000000 359.000000 a 80.324341 191.128235 368.756012 105.688217 271.073792 139.742615 215.132523 185.270081 111.865990 145.890366 218.442215 256.813171 362.095306 49.658836 68.600288 189.525726 199.323853 46.957428 175.504990 73.756355 173.011566 177.552811 57.245087 324.322357 100.603180 231.464905 381.536377 157.334045 182.279999 150.332962 
300.000000 8 2.000000 227.000000 399.000000 a 123.713379 197.850952 390.786377 82.054863 304.926208 156.041656 192.314850 150.791245 72.201111 127.015747 261.705933 259.083008 388.630920 38.327538 97.984695 228.107437 174.828491 61.983868 194.486496 34.885529 161.554947 150.764725 42.544094 366.087433 140.128510 255.665802 423.600037 138.610962 182.332108 190.276108 
300.000000 2 2.000000 82.000000 91.000000 a 268.715454 478.023010 73.979729 311.438599 434.457123 417.252930 322.443787 371.086243 361.621338 458.981476 278.842255 545.344849 49.203659 362.571381 244.969391 159.511749 326.291290 353.747070 152.610611 343.470520 266.227356 331.024170 306.648010 371.538696 225.887146 460.682098 400.202454 295.083038 217.389053 324.154297 
300.000000 11 3.000000 249.000000 365.000000 a 84.646324 184.382751 376.566071 108.521889 269.228516 133.958954 218.680130 186.252518 111.036034 138.133987 221.382019 249.775894 369.835114 42.154476 76.400261 196.155548 202.526535 39.924931 183.251190 72.862885 178.179688 180.249832 60.415230 325.779053 107.200745 227.264160 383.208832 161.372238 188.809433 150.655243 
300.000000 9 3.000000 135.000000 449.000000 a 213.964951 288.916931 395.284698 53.935146 409.575378 256.189392 107.335922 46.840153 34.713108 191.689850 353.816345 342.473358 405.583527 137.568161 160.153046 290.704315 88.391174 166.018066 209.954758 69.835518 112.071404 63.071388 89.810913 464.077576 213.784943 358.297363 520.612122 78.006409 155.682373 291.672760 
300.000000 5 5.000000 468.000000 448.000000 a 257.738251 50.089920 591.303650 327.158997 206.072800 109.018349 434.664246 378.259155 299.060181 147.732864 303.848633 21.023796 574.344849 207.713745 301.597412 371.796997 416.231903 194.288452 409.723083 273.994537 407.295959 390.865692 286.677521 337.333649 301.572540 115.156418 388.217712 384.037750 422.848663 216.953918 
300.000000 4 1.000000 224.000000 116.000000 a 173.219513 368.376160 218.082550 290.931274 293.860504 308.527161 349.509644 371.041779 330.607025 378.450775 136.308472 432.677704 183.521118 290.903778 189.169235 55.145264 345.312897 271.182587 165.096939 300.308167 285.464539 339.045715 264.196899 229.054581 143.282944 331.042297 263.030426 301.869171 246.756958 197.436066 
300.000000 7 4.000000 432.000000 104.000000 a 241.422867 322.125763 423.065002 409.430084 150.233154 281.476471 501.243439 495.104034 428.267426 392.164520 104.019226 365.778625 383.541382 343.349670 304.041107 222.335327 490.902222 312.237091 344.942017 390.406189 440.828766 475.857117 365.568054 22.135944 252.241943 232.819672 65.855904 444.041656 416.395233 173.565552 
300.000000 11 4.000000 280.000000 131.000000 a 152.328598 327.832275 275.951080 297.405457 237.118118 270.007416 371.303101 381.655609 330.215088 352.754883 79.177017 389.493256 241.298569 273.411774 189.362091 72.111023 364.354218 249.072281 197.752365 296.162109 307.826263 354.238617 262.885895 174.152237 136.356155 280.071411 213.171295 318.600067 275.408783 151.604752 
300.000000 5 3.000000 389.000000 446.000000 a 201.816742 39.446167 531.060242 249.070267 226.294052 65.375839 355.825806 299.427795 220.036362 73.824112 280.722290 90.470993 518.464050 130.919830 234.008545 322.778564 337.336639 122.331520 342.800232 195.473785 330.219635 311.924683 210.297409 341.058655 243.526184 141.400146 396.812286 305.941162 348.488159 187.579315 
300.000000 5 3.000000 96.000000 474.000000 a 258.373749 330.504150 409.140564 92.114059 455.861816 300.740753 88.413803 13.416408 79.705711 228.107437 397.683289 381.064301 424.287628 182.923477 200.870605 327.391205 72.201111 211.981125 234.770096 116.107712 119.641129 55.027267 134.357727 509.134552 254.939209 403.441437 565.350342 88.277969 168.181442 337.658112 
Type de surveillance de chaque endroit(target):tab[nombre de target]
a a a a a a a a a a a a a a a a a a a a a a a a a a a a a a 
Matrix of neighbour
1 0 1 0 0 1 0 1 0 0 0 1 0 0 0 1 0 0 0 0  
1 1 1 1 1 1 1 1 0 0 0 1 0 0 0 1 0 1 0 0  
0 0 1 0 0 0 0 0 0 0 1 0 0 1 0 0 0 0 0 1  
0 0 0 1 0 0 0 1 0 1 1 0 1 1 0 0 0 0 0 0  
1 0 1 1 1 1 0 1 0 0 0 1 0 0 0 1 0 0 0 0  
0 0 1 1 0 1 0 1 0 1 1 0 1 0 0 0 0 0 0 0  
1 0 1 0 1 1 1 0 0 0 0 1 0 0 0 1 0 1 0 0  
0 0 1 0 0 0 0 1 0 1 1 0 1 1 0 0 0 0 0 0  
0 1 0 1 0 1 0 1 1 0 0 0 0 0 0 1 1 1 0 0  
0 0 1 0 0 0 0 0 0 1 1 0 0 1 0 0 0 0 0 1  
0 0 0 0 0 0 0 0 0 0 1 0 0 1 0 0 0 0 0 1  
0 0 1 0 0 1 0 1 0 0 0 1 0 0 0 0 0 0 0 0  
0 0 1 0 0 0 0 0 0 1 1 0 1 1 0 0 0 0 0 1  
0 0 0 0 0 0 0 0 0 0 0 0 0 1 0 0 0 0 0 0  
0 0 0 1 0 0 0 0 0 1 1 0 1 0 1 0 0 0 1 0  
0 0 1 1 0 1 0 1 0 1 1 1 1 0 0 1 0 0 0 0  
0 1 0 1 0 1 0 1 0 0 0 0 0 0 0 1 1 1 0 0  
1 0 0 1 1 1 0 1 0 1 1 1 1 0 0 1 0 1 0 0  
0 0 0 1 0 0 0 1 0 1 1 0 1 1 0 0 0 0 1 1  
0 0 0 0 0 0 0 0 0 0 0 0 0 1 0 0 0 0 0 1  
Connect directly to BS 
0 0 1 1 0 0 0 1 0 1 1 0 1 1 0 0 0 0 1 1 
Cordinaates of sensors 
1 24.000000 98.000000
2 147.000000 45.000000
3 15.000000 288.000000
4 351.000000 251.000000
5 108.000000 84.000000
6 204.000000 116.000000
7 11.000000 76.000000
8 289.000000 199.000000
9 431.000000 12.000000
10 244.000000 359.000000
11 227.000000 399.000000
12 82.000000 91.000000
13 249.000000 365.000000
14 135.000000 449.000000
15 468.000000 448.000000
16 224.000000 116.000000
17 432.000000 104.000000
18 280.000000 131.000000
19 389.000000 446.000000
20 96.000000 474.000000
