Nombre des capteurs:
20
Nombre des targets:
15
Nombre de type de surveillance:
1

Caracteristiques:
300.000000 7 5.000000 29.000000 336.000000 a 371.540039 470.838623 164.514435 360.234650 447.853760 444.419861 304.685089 277.146179 132.015152 277.683258 310.438385 450.362091 259.699829 242.538651 118.680244 
300.000000 3 1.000000 59.000000 372.000000 a 373.376495 465.107513 204.570282 333.618042 411.695282 444.932587 339.005890 251.065735 101.192886 280.371185 321.210205 459.436615 275.506805 255.947266 150.029999 
300.000000 1 2.000000 103.000000 294.000000 a 287.767273 385.752502 149.843246 287.466522 389.061707 360.312378 264.357727 205.664780 189.873642 194.000000 231.870651 370.645386 186.214935 166.412140 82.855293 
300.000000 1 3.000000 20.000000 361.000000 a 394.380524 491.415314 189.042328 370.951477 451.934723 466.978577 330.552582 288.013885 107.228729 300.562805 335.335663 475.078949 285.394470 267.800293 145.206757 
300.000000 8 3.000000 108.000000 246.000000 a 254.607544 359.535797 118.067780 291.358887 404.361237 327.835327 218.123825 213.927551 236.315460 161.384628 190.685608 330.619110 141.155945 123.004066 51.884487 
300.000000 5 3.000000 483.000000 182.000000 a 180.272018 93.150414 467.107056 169.460907 252.572769 153.808319 447.532135 228.809967 538.267578 236.685440 262.488098 237.002106 309.483429 304.021393 422.895966 
300.000000 10 5.000000 452.000000 127.000000 a 133.820770 30.016663 438.316101 205.876175 307.319061 92.849342 402.140533 247.620682 544.890808 208.312271 220.422318 175.385284 273.016479 271.737000 401.403778 
300.000000 10 4.000000 309.000000 322.000000 a 217.278625 255.391861 329.164093 80.006248 192.854874 266.204803 380.821472 5.830952 317.553131 169.729202 232.757385 321.686188 236.862823 216.815582 266.475128 
300.000000 7 1.000000 6.000000 382.000000 a 418.718292 514.511414 210.237961 387.517731 462.929810 491.153748 353.307220 305.000000 88.526833 324.969238 360.456665 500.136993 310.633209 293.001709 169.516968 
300.000000 5 1.000000 490.000000 378.000000 a 321.603790 282.024811 516.828796 115.004349 60.926186 330.163605 550.514282 190.937164 471.666199 323.797791 377.127289 409.547302 401.543274 385.800476 455.543640 
300.000000 11 4.000000 466.000000 236.000000 a 196.155548 138.079681 454.528320 116.180893 198.000000 189.620667 453.027588 184.067917 496.532990 230.531998 268.784302 271.516113 308.079529 298.573273 404.242493 
300.000000 11 2.000000 220.000000 229.000000 a 159.298462 251.938492 211.813599 193.383041 320.220245 229.810791 252.382645 130.384048 307.196991 70.384659 127.663620 253.148178 112.720894 90.801979 158.154984 
300.000000 7 2.000000 385.000000 70.000000 a 73.824112 60.539242 382.838074 253.031616 372.903473 5.000000 326.105804 268.868011 535.320435 166.973053 155.331909 88.238312 212.960083 218.048157 356.977600 
300.000000 9 2.000000 330.000000 395.000000 a 290.172363 312.865784 385.129852 93.085983 141.481445 333.084076 451.004425 72.111023 311.669708 245.458755 308.638947 394.000000 310.228943 289.318176 318.987457 
300.000000 1 2.000000 73.000000 258.000000 a 290.547760 396.415192 103.174606 322.615875 430.610046 363.792511 225.319778 243.002060 214.979065 197.767548 223.463638 363.452881 170.856659 154.870911 37.643059 
300.000000 11 2.000000 226.000000 53.000000 a 107.424393 216.390854 241.373154 315.387054 450.289917 156.540726 166.207703 285.440002 460.245575 112.969025 49.497475 116.275536 85.146935 104.216118 235.493103 
300.000000 6 4.000000 445.000000 31.000000 a 145.261826 70.455658 451.577240 297.321381 403.546783 72.069412 384.005219 327.012238 604.725586 238.522537 223.573257 118.848640 281.788940 288.360870 427.983643 
300.000000 7 5.000000 491.000000 145.000000 a 175.616058 69.656296 475.766754 205.153595 290.079285 134.617981 444.346710 259.516846 565.353882 244.738632 261.558777 216.002319 312.705933 310.006439 435.855469 
300.000000 6 1.000000 89.000000 84.000000 a 231.952576 348.414978 114.337219 383.563568 514.421021 293.552368 58.180752 325.788269 388.972992 177.098846 145.120636 254.892136 98.488579 111.503365 140.616501 
300.000000 8 3.000000 81.000000 130.000000 a 240.303970 357.179230 77.388626 363.473511 490.551727 307.728790 99.040398 299.055176 342.286438 169.446152 154.557434 280.431824 98.183502 101.434708 93.941475 
Type de surveillance de chaque endroit(target):tab[nombre de target]
a a a a a a a a a a a a a a a 