Nombre des capteurs:
20
Nombre des targets:
15
Nombre de type de surveillance:
1

Caracteristiques:
300.000000 12 1.000000 55.000000 404.000000 a 203.354370 412.019409 241.847061 88.232651 205.302216 309.864471 267.277008 340.708099 320.131226 479.026093 241.754013 277.965820 455.214233 176.343414 377.785645 
300.000000 9 4.000000 17.000000 271.000000 a 269.670166 468.124969 325.006165 50.219517 316.834351 197.091354 357.505249 311.122162 250.736908 454.459015 261.354156 305.483215 442.322266 257.937988 264.304749 
300.000000 3 4.000000 199.000000 324.000000 a 90.027771 278.567780 150.711639 171.046783 179.078201 239.232101 185.852097 181.686539 192.052078 315.407684 79.075912 120.203995 290.523651 96.462425 295.787079 
300.000000 9 1.000000 151.000000 326.000000 a 125.717941 324.548920 183.504761 123.146255 193.196793 228.849289 217.497131 217.039169 206.494553 355.879181 126.589890 168.240906 333.622528 119.670380 291.386353 
300.000000 12 5.000000 128.000000 213.000000 a 221.226135 387.156311 282.028381 146.454773 306.066986 113.745331 317.245972 190.073669 126.657021 331.789093 174.794159 217.478729 323.125366 226.744354 178.179688 
300.000000 3 3.000000 299.000000 35.000000 a 359.346619 401.807159 406.030792 393.275970 468.123901 195.143539 435.258545 150.960266 122.413231 180.013885 271.974274 282.708344 205.866455 386.036255 163.000000 
300.000000 12 5.000000 223.000000 426.000000 a 48.795490 245.381332 72.567207 221.948196 74.330345 343.423950 101.079178 258.321503 292.027405 370.645386 131.183075 145.248062 337.010376 13.601471 400.562103 
300.000000 6 2.000000 122.000000 71.000000 a 348.621582 476.724243 408.024506 266.152222 443.180542 29.832869 442.792267 225.015549 122.449989 333.808319 280.964417 315.158691 343.444305 360.855927 38.626415 
300.000000 6 4.000000 58.000000 328.000000 a 209.990479 415.289063 261.658173 31.048349 247.552017 235.017014 292.745636 294.979675 257.287781 437.823029 219.107285 261.231689 419.505676 193.643997 303.204559 
300.000000 3 4.000000 252.000000 467.000000 a 75.239616 225.197693 49.396355 267.927216 35.341194 391.737152 62.072536 289.171234 333.937134 388.278259 162.778992 164.283295 351.411438 56.080299 447.303040 
300.000000 12 2.000000 486.000000 12.000000 a 443.152344 388.464935 470.005310 551.931152 546.964355 381.293854 489.232056 242.546906 286.295288 126.241829 361.297668 347.726898 168.121979 476.900421 350.754913 
300.000000 6 4.000000 150.000000 193.000000 a 226.417755 378.600067 286.775177 176.105087 318.127319 99.368004 321.908386 166.192657 97.005157 305.941162 169.248337 209.611542 299.482880 236.315460 158.619034 
300.000000 6 2.000000 21.000000 120.000000 a 360.767242 526.608032 421.390564 200.122467 436.230438 96.104111 456.452637 302.076141 206.475174 429.196930 315.627960 357.229614 431.648010 362.111847 143.003494 
300.000000 3 1.000000 74.000000 128.000000 a 321.794952 477.946655 382.582031 197.433533 405.228333 49.648766 417.808563 248.622208 153.117599 376.033234 269.235962 309.428497 378.059509 327.136047 111.772087 
300.000000 12 2.000000 97.000000 498.000000 a 192.761505 382.758423 205.080475 190.905731 140.003571 398.406830 218.798996 382.007843 386.517792 507.773560 262.497620 286.434998 477.061829 157.622971 464.639648 
300.000000 6 4.000000 465.000000 423.000000 a 209.308380 23.086792 171.944763 448.974396 240.333099 476.265686 158.145508 280.793518 374.386169 290.387665 222.283600 180.421722 247.517670 234.136719 508.709137 
300.000000 9 1.000000 205.000000 175.000000 a 223.378601 345.353455 280.494202 228.809967 325.576416 117.153748 314.493256 111.449539 46.529560 248.573929 149.003357 182.098877 244.002045 241.404221 156.080109 
300.000000 3 1.000000 376.000000 434.000000 a 125.251747 97.144226 82.298241 366.196655 153.447052 423.883240 71.693794 256.126923 334.964172 309.962891 162.431519 130.146072 268.128693 146.239532 465.618958 
300.000000 12 5.000000 151.000000 346.000000 a 116.468880 320.580719 171.679932 125.717941 175.513535 248.620193 204.804779 230.534164 225.211014 367.110352 131.244049 170.484604 343.080170 105.645638 311.361511 
300.000000 6 5.000000 445.000000 427.000000 a 190.247208 34.828148 151.647614 430.509003 220.109070 464.574005 137.876755 274.235291 365.202698 294.042511 207.850906 167.260269 251.031876 214.336182 499.144257 
Type de surveillance de chaque endroit(target):tab[nombre de target]
a a a a a a a a a a a a a a a 
Matrix of neighbour
1 0 1 1 1 0 1 0 1 1 0 1 0 1 0 0 1 0 1 0  
1 1 1 1 1 0 1 1 1 0 0 1 0 1 1 0 1 0 1 0  
0 0 1 0 0 0 0 0 0 0 0 0 0 0 0 1 1 1 0 1  
0 0 1 1 0 0 1 0 0 1 0 1 0 0 0 0 1 1 0 0  
0 0 1 1 1 1 1 0 0 1 0 1 0 0 0 0 1 0 1 0  
0 0 0 0 0 1 0 0 0 0 1 0 0 0 0 0 0 0 0 0  
0 0 1 0 0 0 1 0 0 0 0 0 0 0 0 1 1 1 0 1  
0 0 1 1 1 1 0 1 0 0 0 1 0 0 0 0 1 0 1 0  
0 0 1 1 1 0 1 1 1 1 0 1 0 1 0 0 1 0 1 0  
0 0 1 0 0 0 1 0 0 1 0 0 0 0 0 1 1 1 0 1  
0 0 0 0 0 0 0 0 0 0 1 0 0 0 0 0 0 0 0 0  
0 0 1 0 0 1 1 0 0 1 0 1 0 0 0 0 1 0 0 0  
1 1 1 1 1 1 0 1 1 0 0 1 1 1 0 0 1 0 1 0  
0 0 1 1 1 1 0 1 0 0 0 1 0 1 0 0 1 0 1 0  
1 0 1 1 1 0 1 0 1 1 0 0 0 0 1 0 0 1 1 0  
0 0 0 0 0 0 0 0 0 0 0 0 0 0 0 1 0 0 0 0  
0 0 0 0 0 1 0 0 0 0 0 0 0 0 0 0 1 0 0 0  
0 0 0 0 0 0 0 0 0 0 0 0 0 0 0 1 0 1 0 1  
0 0 1 1 0 0 1 0 0 1 0 1 0 0 0 0 1 1 1 0  
0 0 0 0 0 0 0 0 0 0 0 0 0 0 0 1 0 0 0 1  
Connect directly to BS 
0 0 0 0 0 1 0 0 0 0 1 0 0 0 0 1 0 1 0 1 
Cordinaates of sensors 
1 55.000000 404.000000
2 17.000000 271.000000
3 199.000000 324.000000
4 151.000000 326.000000
5 128.000000 213.000000
6 299.000000 35.000000
7 223.000000 426.000000
8 122.000000 71.000000
9 58.000000 328.000000
10 252.000000 467.000000
11 486.000000 12.000000
12 150.000000 193.000000
13 21.000000 120.000000
14 74.000000 128.000000
15 97.000000 498.000000
16 465.000000 423.000000
17 205.000000 175.000000
18 376.000000 434.000000
19 151.000000 346.000000
20 445.000000 427.000000
