Nombre des capteurs:
20
Nombre des targets:
30
Nombre de type de surveillance:
1

Caracteristiques:
300.000000 11 2.000000 32.000000 85.000000 a 266.430115 451.991150 267.899231 65.145988 347.574463 296.730530 237.993698 115.935326 302.788696 299.541321 251.286682 459.186249 370.108093 431.876129 468.625641 170.320282 278.948029 364.407745 406.361908 456.010956 419.686798 332.487579 414.348877 365.547546 490.515045 259.007721 438.456390 265.753632 223.787842 490.082642 
300.000000 4 4.000000 155.000000 51.000000 a 185.800964 417.163025 275.065460 140.801285 220.782700 223.825821 230.312836 41.109608 318.509033 327.536255 136.014709 344.431427 276.088745 305.250702 393.909882 175.931808 151.489273 325.923309 279.329559 401.966431 368.401947 209.611542 460.369415 333.376678 436.286591 318.549835 446.816528 142.688477 142.800568 466.752625 
300.000000 4 4.000000 417.000000 221.000000 a 143.951385 235.790161 287.835022 372.425842 202.615402 125.195847 257.099213 352.025574 316.708069 346.144470 182.570541 108.466583 38.327538 211.021332 113.635384 288.027771 250.121964 189.552109 213.459595 175.148514 166.373077 162.864975 461.202789 207.932678 196.351730 406.076355 362.492767 196.814636 184.694336 296.233002 
300.000000 2 1.000000 248.000000 433.000000 a 242.621109 70.028564 145.773804 346.716034 428.924225 209.668793 172.235306 430.080231 128.128845 152.463104 337.817993 379.520752 258.278931 468.680054 206.305603 239.635132 434.883881 87.091904 462.724548 130.299652 112.893753 383.942719 209.659241 70.604530 146.986389 235.467621 91.934761 371.247894 268.091400 81.467789 
300.000000 7 3.000000 235.000000 97.000000 a 103.469803 348.041656 244.616028 189.707672 157.470627 142.863571 196.163193 131.825638 289.115906 306.052277 48.000000 256.462463 184.447830 237.945374 306.276031 166.192657 114.825958 258.940155 215.260315 323.024780 291.924652 132.442444 442.944702 269.903687 356.429504 320.989105 403.495972 69.771057 68.264191 402.613953 
300.000000 4 1.000000 335.000000 226.000000 a 68.095520 209.690247 211.177643 293.819672 206.712357 43.046486 176.773865 292.035950 244.239639 272.369232 139.086304 176.005676 47.434166 245.097946 143.178207 206.002426 228.021927 137.480911 238.201599 167.904739 143.125824 161.623016 395.379578 154.741714 198.949738 327.030579 311.207336 165.423691 112.058022 270.024078 
300.000000 11 2.000000 206.000000 289.000000 a 119.620232 184.010864 67.955872 209.475540 314.610870 105.437187 39.812057 280.080353 105.645638 131.137329 206.864685 319.411957 190.682983 373.000000 227.495056 100.124924 302.337555 97.185387 359.980560 193.458008 156.923553 272.484863 262.200317 97.452553 226.876617 184.393600 209.380035 241.778824 128.844864 226.364746 
300.000000 10 4.000000 233.000000 276.000000 a 94.366310 180.294205 97.754799 222.265610 289.637695 76.059189 66.189125 276.696594 133.660019 160.240448 185.852097 289.471924 160.729584 345.353455 204.401566 115.831772 282.577423 89.358826 333.208649 178.997208 142.523682 246.661713 289.110718 95.273293 213.356506 214.086426 226.808289 220.492630 111.287918 228.659134 
300.000000 2 4.000000 440.000000 423.000000 a 283.296661 122.588745 306.740936 476.151245 405.408447 244.804001 307.722290 509.659698 307.774261 336.441681 361.835602 288.027771 220.327026 409.395905 89.677200 368.680084 445.250488 175.045715 415.097565 76.485291 112.769676 364.021973 398.317719 182.463699 46.529560 417.541626 268.402679 385.503571 325.829712 155.193420 
300.000000 1 4.000000 321.000000 134.000000 a 73.409805 301.014954 257.775085 269.313934 123.004066 98.371742 212.896683 224.153961 298.464417 322.299561 53.037724 167.074829 97.005157 182.123581 227.297165 212.473526 134.974075 221.822006 167.260269 260.837128 235.849533 79.611557 455.202148 237.227737 291.295380 358.860687 388.702972 73.054771 85.796272 360.501038 
300.000000 11 3.000000 498.000000 333.000000 a 262.992401 206.891281 349.070190 483.230804 333.880219 231.216354 335.059692 484.632843 362.790588 393.249298 319.250671 194.257568 169.729202 321.498047 69.007248 384.480164 387.587402 218.826416 331.834290 139.204880 161.074524 297.845612 478.703461 233.205917 133.060135 468.129242 356.022461 335.000000 307.039093 253.647400 
300.000000 4 3.000000 351.000000 243.000000 a 90.697296 194.815292 218.387268 314.033447 221.199005 60.876926 187.882950 315.369629 248.338486 277.416656 161.058990 172.002914 43.185646 252.764709 119.854080 222.728531 247.735748 130.084595 248.243835 148.354309 126.396202 176.479462 395.904022 148.121567 178.263855 336.514496 305.085236 186.010757 134.848068 255.738144 
300.000000 7 5.000000 104.000000 128.000000 a 183.521118 374.225861 203.049255 55.362442 289.698120 212.941299 165.462982 110.634537 243.248840 247.018219 181.664520 384.157532 288.209991 371.903198 384.786957 100.169853 231.872803 284.871887 348.323120 374.076202 338.008881 267.059906 375.054657 287.642151 408.710175 228.324326 377.153809 203.022171 141.908417 416.124969 
300.000000 9 3.000000 370.000000 487.000000 a 309.614288 73.539108 273.426422 465.536255 464.017242 270.490295 289.214447 525.978149 261.176178 285.854858 399.586029 367.461548 276.181091 481.116425 163.981705 355.984558 491.304382 162.249802 482.868500 97.005157 121.511314 420.042847 321.224213 159.665268 74.946648 368.848206 188.265762 428.267426 346.878937 68.359344 
300.000000 5 4.000000 66.000000 259.000000 a 220.429123 307.375977 106.667709 112.871605 388.020630 228.116196 103.368271 246.910919 130.923645 123.032516 270.800659 438.729980 317.647614 462.265076 370.666962 71.589104 346.969727 233.334518 442.974030 331.942780 296.184052 354.496826 240.601334 227.237762 363.638550 92.309265 264.764038 301.657104 198.647934 333.048035 
300.000000 4 2.000000 226.000000 422.000000 a 235.372040 92.913940 123.065025 325.424347 425.564331 204.919495 152.846329 413.772888 103.585716 127.945297 329.960602 385.659180 261.222137 469.348480 221.253250 219.585968 427.112396 88.408142 461.975098 148.489059 126.625435 380.879242 193.023315 70.213959 168.107101 210.950226 86.954010 363.991760 257.437378 104.690018 
300.000000 4 3.000000 492.000000 366.000000 a 277.366180 187.181732 345.324493 491.488556 362.729919 242.989716 335.931549 502.207123 355.012665 385.105194 340.649384 227.035233 191.230225 353.638245 70.661163 389.422638 413.353363 212.461761 363.159760 123.357208 151.029800 325.246063 462.534332 225.002228 110.018181 462.523499 336.542725 358.644684 321.561829 229.093872 
300.000000 9 3.000000 337.000000 320.000000 a 141.792099 116.558998 188.095718 333.397675 299.295837 102.415817 174.416168 365.624115 205.915024 236.484665 229.444977 235.715927 117.175079 329.054718 93.059120 228.667877 321.375183 65.368187 325.852722 77.820305 49.162994 254.436630 339.094391 83.216583 111.646767 307.936676 235.274307 258.118195 182.321152 177.485214 
300.000000 4 5.000000 144.000000 381.000000 a 230.531998 182.186722 55.226807 251.435883 425.516144 212.868500 102.610916 361.354401 13.892444 37.483330 316.191406 420.594818 290.853912 482.995850 288.849457 156.719498 410.019501 139.057541 470.635742 227.178345 197.365143 383.400574 151.489273 124.036285 252.438110 119.854080 122.065559 351.091156 236.780487 194.249832 
300.000000 6 4.000000 160.000000 273.000000 a 141.481445 226.291840 54.129475 165.951797 329.083588 139.459671 10.630146 255.015686 98.716766 114.947815 214.720749 354.316254 228.569458 394.822754 275.829651 57.140179 305.004913 143.669754 379.032990 241.267487 204.882889 289.917236 251.787613 141.113434 274.235291 148.124954 225.077759 249.064255 135.000000 262.688019 
Type de surveillance de chaque endroit(target):tab[nombre de target]
a a a a a a a a a a a a a a a a a a a a a a a a a a a a a a 
Matrix of neighbour
1 0 0 0 0 0 1 1 0 0 0 0 1 0 1 0 0 0 0 1  
1 1 0 0 1 1 1 1 0 1 0 1 1 0 1 0 0 0 0 1  
0 0 1 1 1 1 1 1 1 1 0 1 0 1 0 1 0 1 0 1  
0 0 0 1 0 0 0 0 0 0 0 0 0 0 1 1 0 0 1 1  
1 0 0 0 1 1 1 1 0 0 0 1 1 0 1 0 0 1 1 1  
0 0 0 1 0 1 1 1 0 0 0 0 1 1 1 1 0 1 1 1  
0 0 0 1 0 0 1 0 0 0 0 0 0 0 1 1 0 0 1 1  
0 0 0 1 0 0 1 1 0 0 0 0 0 0 1 1 0 0 1 1  
0 0 0 1 0 1 1 1 1 0 0 1 0 1 0 1 0 1 1 0  
1 0 0 0 1 1 1 1 0 1 0 1 1 0 1 0 0 1 0 1  
0 0 1 1 0 1 1 1 1 1 1 1 0 1 0 1 1 1 0 0  
0 0 0 1 0 1 1 1 0 0 0 1 1 1 1 1 0 1 1 1  
0 0 0 0 0 0 1 1 0 0 0 0 1 0 1 0 0 0 1 1  
0 0 0 1 0 0 1 1 0 0 0 0 0 1 0 1 0 1 1 1  
0 0 0 0 0 0 0 0 0 0 0 0 0 0 1 1 0 0 1 1  
0 0 0 0 0 0 0 0 0 0 0 0 0 0 0 1 0 0 1 0  
0 0 1 1 0 1 1 1 1 1 0 1 0 1 0 1 1 1 0 0  
0 0 0 1 0 0 1 1 0 0 0 0 0 0 1 1 0 1 1 1  
0 0 0 0 0 0 0 0 0 0 0 0 0 0 0 0 0 0 1 0  
0 0 0 0 0 0 0 0 0 0 0 0 0 0 0 1 0 0 1 1  
Connect directly to BS 
0 0 0 1 0 1 1 1 0 0 0 1 1 1 1 1 0 1 1 1 
Cordinaates of sensors 
1 32.000000 85.000000
2 155.000000 51.000000
3 417.000000 221.000000
4 248.000000 433.000000
5 235.000000 97.000000
6 335.000000 226.000000
7 206.000000 289.000000
8 233.000000 276.000000
9 440.000000 423.000000
10 321.000000 134.000000
11 498.000000 333.000000
12 351.000000 243.000000
13 104.000000 128.000000
14 370.000000 487.000000
15 66.000000 259.000000
16 226.000000 422.000000
17 492.000000 366.000000
18 337.000000 320.000000
19 144.000000 381.000000
20 160.000000 273.000000
