Nombre des capteurs:
20
Nombre des targets:
30
Nombre de type de surveillance:
1

Caracteristiques:
300.000000 9 1.000000 30.000000 211.000000 a 363.785645 39.012817 378.112427 470.981964 442.471466 57.314919 387.262177 437.504272 447.611450 440.990936 423.330841 387.981964 191.588104 297.833832 184.439697 57.314919 173.908020 200.688812 183.967392 119.331474 504.479919 339.330231 81.123360 181.730576 173.002884 144.544113 156.156967 156.041656 462.649963 238.882813 
300.000000 2 5.000000 107.000000 20.000000 a 476.917175 193.762741 507.607117 363.727905 507.906494 186.077942 464.562164 417.784637 537.529541 320.001556 369.720154 320.730408 235.440018 243.115204 54.589375 261.520569 42.449970 306.740936 40.521599 99.005051 387.063293 200.062485 232.105576 259.237335 107.647575 330.752167 320.188995 223.080704 388.310455 428.869446 
300.000000 2 3.000000 260.000000 258.000000 a 202.595657 196.939072 241.466354 300.541168 227.692780 180.936447 181.705811 208.626465 254.678223 291.564758 214.709106 197.739731 50.447994 132.823196 309.433350 236.211777 242.843567 77.103828 297.309601 207.453613 338.793457 247.503540 160.112457 55.036350 175.445145 207.966339 163.975601 80.411446 263.837067 270.129608 
300.000000 9 2.000000 76.000000 397.000000 a 229.965210 187.130966 223.617981 529.671570 344.768036 192.314850 288.173553 424.388977 324.030853 515.834290 443.843445 428.077087 224.200806 354.419250 369.716095 139.086304 338.614838 154.207657 366.087433 279.614014 567.609009 446.413483 146.972794 188.175446 303.595123 48.093658 70.802544 200.262329 494.013153 50.803543 
300.000000 6 1.000000 363.000000 172.000000 a 292.318329 296.445618 338.634033 167.600723 254.466110 277.965820 235.002121 120.066650 306.192749 165.846313 88.119240 63.655323 151.921036 55.000000 341.812805 352.330811 268.972107 211.191849 326.964844 262.408081 206.014557 166.688339 274.898163 180.853531 204.284119 339.748444 297.067322 186.903717 132.003784 404.030945 
300.000000 6 2.000000 409.000000 204.000000 a 276.278839 340.052948 324.007721 172.168518 216.279907 322.001556 207.927872 64.404968 273.660370 185.873611 61.619801 76.000000 189.282852 111.018013 397.129700 390.283234 324.237579 231.244461 382.374176 314.696686 209.059799 214.767319 312.705933 211.546692 258.487915 365.952179 321.211761 225.390778 114.214706 419.539032 
300.000000 9 3.000000 21.000000 400.000000 a 282.803833 195.969391 272.611450 573.628784 399.500946 205.866455 343.071411 476.592072 376.948273 556.773743 492.549500 473.843842 265.096222 396.137604 373.373810 132.034088 352.604584 203.494476 371.981171 293.574524 611.144836 479.605042 167.764709 231.205536 327.365234 72.835434 114.057007 236.932480 541.786865 65.764732 
300.000000 2 3.000000 21.000000 107.000000 a 446.350769 113.635384 467.097412 453.538300 507.119324 118.152443 455.685211 463.185699 522.552368 415.427490 432.020844 388.567871 232.725159 299.713196 85.234970 161.027954 107.354553 274.052917 89.358826 85.842880 482.249939 300.433014 165.124191 239.301071 148.003372 247.523743 252.384628 204.401566 462.108215 343.097656 
300.000000 3 5.000000 31.000000 94.000000 a 450.619568 122.065559 472.822388 441.952484 507.540161 124.326187 457.009857 457.318268 524.947632 403.039703 423.859650 379.526031 231.352539 291.494415 69.570107 174.140747 93.048378 277.521179 73.061615 79.056938 470.031921 287.083618 172.409393 240.482849 138.708328 258.435669 260.931030 204.795013 452.584808 354.830933 
300.000000 3 5.000000 406.000000 256.000000 a 228.177567 340.124969 276.061584 222.407288 164.596481 323.051086 156.732254 65.551506 221.578430 237.928558 107.424393 128.035156 187.416641 145.801239 420.229706 382.188446 347.805969 209.353775 406.040649 329.801453 258.443420 260.541748 306.026154 201.039795 279.415466 345.742676 300.000000 222.643219 158.902481 389.104095 
300.000000 12 2.000000 290.000000 92.000000 a 365.087646 250.529434 407.276306 186.550262 352.822906 232.331665 323.575348 225.674545 397.775055 155.235306 173.078018 124.326187 150.721603 55.226807 245.489304 318.954529 174.771286 235.280685 230.228149 185.970428 218.762421 78.854294 248.394852 188.279053 122.053268 336.359924 301.807892 172.609390 194.612442 419.230255 
300.000000 2 5.000000 227.000000 236.000000 a 232.124969 160.124954 267.344360 310.319183 266.655212 143.391068 219.111847 240.033325 290.946716 295.108459 236.247757 211.631760 11.661903 133.689941 271.182587 205.506683 206.169830 78.447433 259.433990 168.315186 347.876404 235.034042 128.003906 32.557640 140.527573 191.010468 150.655243 42.579338 282.306580 264.803711 
300.000000 11 3.000000 187.000000 99.000000 a 374.813293 162.003082 409.565613 288.487427 396.648468 145.725769 355.236542 309.982269 429.060608 252.982208 269.536652 223.886139 131.472427 137.927521 151.647614 234.797791 78.771820 212.680511 137.058380 83.432610 318.818115 146.478668 176.005676 162.003082 20.124611 274.765350 250.683060 130.015381 296.546783 368.108673 
300.000000 3 3.000000 100.000000 133.000000 a 379.710419 83.006027 405.685852 380.788666 429.847656 73.164200 380.489166 380.118408 449.928894 346.301880 350.891724 309.040436 152.610611 219.082184 115.039124 154.922562 74.215904 206.155289 106.901825 15.231546 411.868896 238.270859 119.000000 164.784714 73.389374 217.680954 207.781128 128.222458 383.334045 315.729309 
300.000000 9 3.000000 70.000000 66.000000 a 452.620148 144.003479 479.076202 400.660706 497.811218 140.035706 450.241058 430.308044 520.884827 360.080536 390.978271 344.622986 220.002274 259.480255 41.629318 207.171432 48.259712 279.250793 35.057095 64.070274 427.299652 242.425247 188.403824 236.349319 107.540688 283.015900 278.172607 199.484329 416.136993 381.011810 
300.000000 2 4.000000 226.000000 237.000000 a 231.482178 159.304733 266.542694 311.724243 266.692719 142.635895 218.961182 241.051865 290.681946 296.521515 237.522629 213.002350 12.083046 135.103668 271.311615 204.364868 206.494553 77.201035 259.615112 168.297363 349.284973 236.315460 126.889717 31.144823 141.031906 189.612762 149.241409 41.773197 283.635315 263.402740 
300.000000 11 1.000000 27.000000 6.000000 a 526.157776 208.278656 551.863220 444.542450 570.828369 207.848495 523.803406 494.647339 594.651184 400.211182 449.480804 401.008728 293.318939 320.862885 34.058773 262.017181 106.329674 352.638611 48.020828 137.876755 467.052460 280.144592 256.602814 310.161255 174.837067 346.070801 346.174805 273.300201 469.315460 442.810333 
300.000000 2 4.000000 472.000000 483.000000 a 175.931808 486.762787 197.648682 440.004547 81.688431 474.877869 132.060593 251.049789 82.219215 466.177002 325.743774 360.546814 359.235291 376.490387 618.535339 496.919525 550.817566 318.446228 606.234253 516.189880 470.514618 496.234833 437.886963 347.876404 482.114105 420.900238 381.791840 383.255798 366.165253 406.596863 
300.000000 11 2.000000 117.000000 41.000000 a 453.670593 175.684372 484.487366 353.005676 485.231903 166.721329 441.548401 398.724213 514.417175 310.779663 352.956085 304.685089 212.228653 224.517258 65.306969 245.312042 20.024984 283.670593 50.009998 78.771820 378.038361 191.770691 211.683731 236.019073 84.811554 311.126984 299.001678 199.919983 373.807434 409.067230 
300.000000 12 1.000000 370.000000 144.000000 a 321.174408 308.150940 367.491486 142.130219 280.492432 289.499573 263.068420 130.969467 333.600067 137.382675 81.215759 42.154476 170.073517 51.244511 337.557404 367.548645 265.316803 235.467621 322.448456 265.181061 180.380157 143.561829 290.798889 201.695313 204.198425 360.879486 319.249115 203.592728 116.180893 428.506714 
Type de surveillance de chaque endroit(target):tab[nombre de target]
a a a a a a a a a a a a a a a a a a a a a a a a a a a a a a 
Matrix of neighbour
1 0 0 1 0 0 1 0 0 0 0 0 0 0 0 0 0 0 0 0  
1 1 1 0 1 0 0 1 1 0 1 1 1 1 1 1 0 0 1 1  
1 0 1 1 0 0 1 0 0 0 0 1 0 0 0 1 0 0 0 0  
0 0 0 1 0 0 0 0 0 0 0 0 0 0 0 0 0 0 0 0  
0 0 1 0 1 0 0 0 0 1 0 1 1 1 0 1 0 0 0 0  
0 0 1 0 1 1 0 0 0 1 1 1 1 0 0 1 0 0 0 0  
0 0 0 1 0 0 1 0 0 0 0 0 0 0 0 0 0 0 0 0  
1 0 1 1 0 0 1 1 0 0 0 1 0 1 0 1 0 0 0 0  
1 0 1 0 0 0 0 1 1 0 0 1 1 1 0 1 0 0 0 0  
0 0 1 0 0 0 0 0 0 1 0 1 1 0 0 1 0 0 0 0  
1 0 1 0 1 0 0 1 1 1 1 1 1 1 1 1 0 0 1 0  
1 0 0 1 0 0 1 0 0 0 0 1 0 0 0 1 0 0 0 0  
1 0 1 0 0 0 0 1 0 0 0 1 1 1 0 1 0 0 0 0  
1 0 1 1 0 0 1 0 0 0 0 1 0 1 0 1 0 0 0 0  
1 0 1 0 0 0 0 1 1 0 0 1 1 1 1 1 0 0 0 0  
1 0 0 1 0 0 1 0 0 0 0 0 0 0 0 1 0 0 0 0  
1 1 0 0 0 0 0 1 1 0 1 0 1 1 1 0 1 0 1 0  
0 0 0 0 0 1 0 0 0 1 0 0 0 0 0 0 0 1 0 0  
1 0 1 0 1 0 0 1 1 0 0 1 1 1 1 1 0 0 1 0  
0 0 1 0 1 1 0 0 0 1 1 1 1 1 0 1 0 0 1 1  
Connect directly to BS 
1 0 1 1 0 0 1 0 0 0 0 1 0 1 0 1 0 0 0 0 
Cordinaates of sensors 
1 30.000000 211.000000
2 107.000000 20.000000
3 260.000000 258.000000
4 76.000000 397.000000
5 363.000000 172.000000
6 409.000000 204.000000
7 21.000000 400.000000
8 21.000000 107.000000
9 31.000000 94.000000
10 406.000000 256.000000
11 290.000000 92.000000
12 227.000000 236.000000
13 187.000000 99.000000
14 100.000000 133.000000
15 70.000000 66.000000
16 226.000000 237.000000
17 27.000000 6.000000
18 472.000000 483.000000
19 117.000000 41.000000
20 370.000000 144.000000
