Nombre des capteurs:
20
Nombre des targets:
30
Nombre de type de surveillance:
1

Caracteristiques:
300.000000 9 2.000000 20.000000 233.000000 a 304.170990 244.989792 403.897278 465.181671 451.957977 452.216766 301.716766 250.599289 195.920898 445.539001 433.349731 314.033447 405.028381 474.788361 318.521576 139.359253 483.914246 214.443466 371.796997 36.235340 481.116425 104.043259 217.138199 311.713013 221.334595 468.124969 463.349762 141.890808 67.186310 226.636276 
300.000000 10 1.000000 167.000000 250.000000 a 159.154007 259.140900 270.963104 322.024841 313.081451 306.571350 170.988297 102.771591 235.255188 297.672638 315.039673 171.303818 283.637085 335.335663 178.353577 198.829071 364.446167 167.092789 223.912933 119.151161 342.492340 110.421921 133.375412 164.222412 175.182755 323.037140 317.932373 192.408417 183.357574 123.166557 
300.000000 4 1.000000 84.000000 362.000000 a 235.586502 122.429573 299.666473 435.289551 434.079498 413.513000 304.699860 206.167404 321.972046 390.978271 450.831451 237.305710 287.111481 454.859314 303.422150 74.672615 499.159302 72.835434 313.356018 111.946419 463.001068 44.181442 95.341492 254.310837 301.081390 386.000000 425.217590 268.793610 210.230820 262.101135 
300.000000 4 5.000000 239.000000 179.000000 a 151.818970 357.229614 278.212158 244.165924 227.378540 236.408539 76.157730 94.556862 226.812698 242.705582 214.972092 170.000000 307.514221 250.353745 98.005104 299.482880 264.911316 256.984436 183.439362 205.936890 256.265472 211.191849 213.213501 139.312592 122.114700 294.703247 246.641434 204.088211 236.256210 37.643059 
300.000000 9 2.000000 481.000000 232.000000 a 184.743057 502.738495 214.366516 44.045429 79.624115 15.811388 182.386948 216.189728 463.211609 41.629318 186.681549 188.820023 266.326874 79.309517 150.153259 491.366455 196.918762 390.947571 107.540688 433.664612 87.823685 410.118286 339.436310 163.526749 343.925873 130.464554 17.117243 449.391815 482.265472 268.197693 
300.000000 8 1.000000 352.000000 72.000000 a 242.002060 510.024506 348.969910 174.977142 139.617340 189.760376 97.169952 214.161148 294.635376 227.481873 65.734314 259.110016 393.000000 158.294037 122.053268 454.932953 115.741089 405.034576 217.006912 355.347717 158.776566 366.742432 356.855713 216.448608 177.025421 313.087860 193.932983 299.883301 361.962708 142.888062 
300.000000 2 1.000000 140.000000 413.000000 a 201.692841 117.046997 238.102921 410.212128 415.579102 384.525696 305.668121 192.665512 380.716431 354.153931 450.457550 197.729614 218.284225 434.400726 294.645538 136.312149 495.795319 5.099020 278.626984 181.969772 443.207611 112.361023 47.634022 225.488358 339.807312 333.917664 396.046722 329.686218 280.702698 283.978882 
300.000000 9 5.000000 480.000000 245.000000 a 178.639297 495.649078 202.556168 57.078892 92.227982 27.202942 186.935822 213.354172 467.821533 29.681644 198.595062 181.595703 254.527008 92.347168 153.101273 486.856232 209.773682 384.169220 100.722389 432.140015 100.841461 406.606689 332.945953 158.660019 349.177612 117.426575 30.149628 452.580383 483.174927 271.860260 
300.000000 4 2.000000 497.000000 471.000000 a 243.082291 455.039551 129.468140 283.346069 318.611053 253.237045 360.494110 305.360443 613.794739 203.690948 421.849487 227.701553 145.124084 318.127319 321.255341 496.960754 436.405762 366.460083 214.723083 497.821259 326.024536 444.182404 331.879486 250.511475 510.391998 112.294258 256.382538 581.817871 579.521362 424.199249 
300.000000 11 4.000000 413.000000 218.000000 a 135.830780 452.462158 205.009750 76.157730 82.462112 59.008472 115.104301 153.707520 395.784027 72.835434 161.027954 145.454468 254.420914 99.247169 80.956779 431.422058 188.480774 340.147034 72.449982 366.972748 108.300507 347.690948 287.960052 110.258789 277.656250 154.870911 70.064255 380.432648 413.037537 199.624649 
300.000000 7 3.000000 195.000000 302.000000 a 119.339851 232.452148 217.745270 309.741821 307.902588 289.167786 183.861359 80.112419 294.307648 270.896667 329.948486 126.905479 226.313934 328.709595 178.218964 197.800400 376.888580 127.059044 193.662079 154.029221 336.827850 116.107712 82.975899 132.849533 227.879349 281.469360 300.853790 251.023911 234.136719 162.388428 
300.000000 8 5.000000 451.000000 76.000000 a 272.018372 572.784424 351.660339 116.481758 79.246452 144.533737 162.077148 265.966156 393.559387 194.435074 39.824615 285.364685 401.400055 85.428329 164.054871 531.128052 41.484936 462.709412 219.246429 441.371735 80.777473 442.950348 411.491180 244.738632 276.001801 286.630432 142.635895 398.453247 457.348877 232.847595 
300.000000 8 5.000000 146.000000 191.000000 a 206.455811 304.322205 325.983124 337.013367 321.138611 327.200256 169.673218 144.803314 173.404160 327.665985 301.423279 221.298447 342.800232 344.104645 190.010529 226.400085 351.967316 223.271133 259.978851 117.596771 350.035706 143.125824 194.486496 204.882889 119.570061 366.356384 337.853516 133.660019 144.837845 95.015785 
300.000000 10 4.000000 210.000000 358.000000 a 114.127121 205.876175 179.075409 321.603790 326.559326 296.588928 222.301590 106.230881 351.126770 268.812195 364.742371 112.791847 177.800446 345.411346 207.607803 200.489395 408.886292 93.600212 192.010422 191.436676 354.200500 136.014709 41.400482 136.857590 285.156097 260.030762 308.184998 306.297241 280.978638 215.752167 
300.000000 1 2.000000 359.000000 447.000000 a 143.251526 318.416382 33.015148 287.153259 311.584656 254.466110 289.675690 199.912476 504.812836 205.800873 394.143372 124.595345 19.313208 321.056061 255.039215 356.967773 423.709808 226.417755 163.590958 364.968506 330.393707 307.379242 192.924850 163.168625 415.018066 139.807007 263.058929 466.411835 452.301880 331.024170 
300.000000 11 2.000000 223.000000 363.000000 a 104.809349 213.908859 165.148422 313.408691 319.757721 287.640411 221.142487 104.216118 361.358551 258.321503 361.780334 101.843018 164.453644 338.119812 204.129868 213.190063 405.030853 101.710373 182.082397 205.119476 347.021606 149.913315 50.159744 128.809937 291.972595 247.002029 299.172180 317.370453 293.981293 220.056808 
300.000000 9 1.000000 385.000000 269.000000 a 82.492424 401.139618 151.162170 127.141655 140.089264 100.344406 129.799850 117.000000 397.819061 79.006332 214.254517 89.196411 198.758652 155.128983 90.426765 388.888153 245.393555 289.006927 17.262676 337.250641 164.438431 308.910980 237.191910 60.728905 285.895081 125.992065 111.892807 374.833282 395.126556 201.308228 
300.000000 9 1.000000 434.000000 456.000000 a 188.215302 392.562103 66.573265 272.442657 303.586884 240.027084 318.851074 250.049988 559.329956 188.403824 399.405823 171.330093 82.492424 307.774261 280.665283 432.240662 420.932312 301.935425 176.113602 434.736694 316.546997 379.947357 267.166626 200.024994 460.697296 100.657837 245.930878 524.863770 518.367615 374.706543 
300.000000 7 2.000000 333.000000 149.000000 a 163.110397 438.480316 274.710754 154.987091 132.094666 155.630966 23.323807 136.473434 294.516541 178.331146 123.907227 180.543625 316.570679 155.051605 44.102154 392.502228 171.493439 330.800537 147.627914 304.424042 160.049988 304.253174 281.233002 138.130371 174.470627 253.254807 163.878006 285.159607 330.546509 105.171288 
300.000000 10 3.000000 17.000000 447.000000 a 326.657318 39.051247 362.008301 533.138794 535.306458 508.929260 411.596893 307.709290 408.166626 480.768127 557.943542 324.234497 335.483246 555.226990 407.770782 75.325958 605.760681 122.527550 404.427979 193.499359 563.719788 143.561829 172.325272 348.855286 404.163330 460.905640 520.557373 353.836121 279.351044 370.049988 
Type de surveillance de chaque endroit(target):tab[nombre de target]
a a a a a a a a a a a a a a a a a a a a a a a a a a a a a a 
Matrix of neighbour
1 1 1 0 0 0 1 0 0 0 1 0 0 1 0 1 0 0 0 1  
0 1 1 0 0 0 1 0 0 0 1 0 0 1 0 1 0 0 0 1  
0 0 1 0 0 0 0 0 0 0 0 0 0 0 0 0 0 0 0 0  
1 1 1 1 0 0 1 0 0 0 1 0 1 1 0 1 0 0 0 0  
0 0 0 1 1 1 0 1 1 1 1 0 0 1 1 1 1 1 1 0  
0 1 0 1 0 1 0 1 0 1 1 0 1 0 0 0 1 0 1 0  
0 0 1 0 0 0 1 0 0 0 0 0 0 0 0 0 0 0 0 0  
0 0 0 1 0 0 0 1 1 1 1 0 0 1 1 1 1 1 1 0  
0 0 0 0 0 0 0 0 1 1 0 0 0 0 1 1 1 1 0 0  
0 1 0 1 0 0 0 0 0 1 1 0 1 1 1 1 1 1 1 0  
0 0 1 0 0 0 1 0 0 0 1 0 0 1 0 1 0 0 0 1  
0 0 0 1 1 1 0 1 0 1 0 1 0 0 0 0 1 0 1 0  
1 1 1 0 0 0 1 0 0 0 1 0 1 1 0 1 0 0 0 1  
0 0 1 0 0 0 1 0 0 0 0 0 0 1 0 0 0 0 0 1  
0 1 1 1 0 0 1 0 0 0 1 0 0 1 1 1 0 0 0 0  
0 0 1 0 0 0 1 0 0 0 0 0 0 1 0 1 0 0 0 1  
0 1 0 1 0 0 1 0 0 0 1 0 1 1 1 1 1 0 0 0  
0 0 0 0 0 0 1 0 0 0 1 0 0 1 1 1 1 1 0 0  
0 1 0 1 0 0 0 0 0 0 1 0 1 1 1 1 1 0 1 0  
0 0 1 0 0 0 1 0 0 0 0 0 0 0 0 0 0 0 0 1  
Connect directly to BS 
1 1 1 1 0 0 1 0 0 0 1 0 1 1 1 1 0 0 0 1 
Cordinaates of sensors 
1 20.000000 233.000000
2 167.000000 250.000000
3 84.000000 362.000000
4 239.000000 179.000000
5 481.000000 232.000000
6 352.000000 72.000000
7 140.000000 413.000000
8 480.000000 245.000000
9 497.000000 471.000000
10 413.000000 218.000000
11 195.000000 302.000000
12 451.000000 76.000000
13 146.000000 191.000000
14 210.000000 358.000000
15 359.000000 447.000000
16 223.000000 363.000000
17 385.000000 269.000000
18 434.000000 456.000000
19 333.000000 149.000000
20 17.000000 447.000000
