Nombre des capteurs:
20
Nombre des targets:
15
Nombre de type de surveillance:
1

Caracteristiques:
300.000000 7 5.000000 38.000000 314.000000 a 162.692963 426.469238 381.241394 365.262909 399.606049 142.358704 459.335388 41.617306 332.415405 288.561951 253.584305 403.514557 337.783966 182.857864 285.786621 
300.000000 6 5.000000 116.000000 26.000000 a 236.239288 464.723572 373.401917 302.034760 351.142426 409.011017 456.518341 286.775177 448.829590 342.052612 232.010773 342.607635 55.009090 149.214615 56.302753 
300.000000 8 5.000000 279.000000 75.000000 a 198.133789 318.286041 221.812988 142.172424 189.179810 396.429047 297.833832 349.070190 338.351898 225.942474 128.658463 178.218964 135.911743 273.227020 117.388245 
300.000000 5 5.000000 473.000000 463.000000 a 355.202759 129.313568 220.056808 300.734100 268.091400 361.087250 185.431931 499.889984 129.251694 222.481461 332.338684 283.989441 555.254883 566.940002 510.818939 
300.000000 5 3.000000 490.000000 185.000000 a 309.127808 151.251450 100.657837 113.216606 70.611610 452.359375 94.191292 497.213226 255.704910 198.032822 224.722046 70.007141 373.471558 480.820129 351.159515 
300.000000 2 4.000000 39.000000 314.000000 a 161.771439 425.470337 380.255188 364.335022 398.647705 141.834412 458.338318 42.438190 331.452850 287.563904 252.685577 402.567993 337.409241 183.002731 285.350647 
300.000000 8 4.000000 332.000000 114.000000 a 198.758652 256.561890 159.665268 78.236816 123.761871 388.589752 232.639206 372.236481 291.163177 182.098877 110.801628 112.445541 201.638290 320.563568 178.353577 
300.000000 6 2.000000 349.000000 185.000000 a 174.002869 188.217957 92.633690 28.861740 73.545906 343.796448 174.484955 360.624451 219.184860 113.357841 84.929382 71.007042 260.215302 340.988281 225.787506 
300.000000 4 4.000000 40.000000 6.000000 a 286.232422 536.059692 447.102905 378.355652 427.547668 435.166626 531.474365 286.272583 509.438904 407.303314 299.808258 419.623627 125.099960 130.049988 133.154053 
300.000000 10 1.000000 482.000000 32.000000 a 366.601959 302.535950 229.314194 179.836029 178.731644 546.415588 247.396439 543.183228 392.122437 306.646362 275.494110 164.158463 318.512177 480.729645 319.978119 
300.000000 1 3.000000 445.000000 27.000000 a 340.917877 307.587372 226.134918 165.604950 174.656799 526.011414 257.108917 513.468567 386.908264 294.146210 251.031876 158.977982 281.204559 445.785828 283.591248 
300.000000 4 2.000000 112.000000 388.000000 a 156.668442 356.117950 331.621765 338.119812 361.697388 47.010635 399.170380 145.835526 246.519775 232.937759 240.709366 369.432007 390.612335 273.906921 334.905945 
300.000000 7 1.000000 426.000000 478.000000 a 328.896637 148.929520 227.316956 303.975342 278.044952 315.939880 210.952606 461.982697 100.498756 207.663193 318.158752 294.061218 543.737061 538.907227 496.397034 
300.000000 2 1.000000 219.000000 170.000000 a 86.729462 294.823669 211.153976 158.202408 204.215576 285.413727 297.674316 246.221451 272.170898 165.302750 57.428215 201.486969 177.417587 210.280762 126.115028 
300.000000 12 2.000000 168.000000 377.000000 a 127.577431 299.106995 276.391022 288.586212 308.768524 79.931221 342.327332 185.647522 191.908829 177.552811 199.699768 317.416138 376.011963 289.606628 320.039063 
300.000000 3 5.000000 344.000000 427.000000 a 235.185028 151.818970 189.409607 251.177231 239.703979 231.138489 212.150894 366.563782 26.925823 132.230865 237.191910 254.607544 462.079010 443.463654 411.899261 
300.000000 10 4.000000 86.000000 152.000000 a 142.144287 419.533081 342.614929 292.159210 338.421326 284.285065 429.219055 160.524139 370.793732 279.885681 187.085541 335.529419 170.417130 76.400261 122.286552 
300.000000 3 3.000000 146.000000 172.000000 a 89.470665 356.886536 279.401154 231.077911 276.421783 265.062256 365.990448 184.629364 314.273773 218.577225 123.939499 274.262634 172.052322 139.560028 116.249733 
300.000000 10 5.000000 256.000000 476.000000 a 235.051056 251.849167 274.934540 321.628662 321.560272 148.761551 310.497986 313.209198 124.851913 193.132080 273.183075 334.902985 483.638306 420.933472 429.196930 
300.000000 10 2.000000 434.000000 444.000000 a 312.673950 114.017540 194.033508 272.038605 244.346069 321.126129 176.264008 456.744995 85.883644 183.215714 293.777130 260.376648 518.276001 524.218445 472.451050 
Type de surveillance de chaque endroit(target):tab[nombre de target]
a a a a a a a a a a a a a a a 