Nombre des capteurs:
20
Nombre des targets:
15
Nombre de type de surveillance:
1

Caracteristiques:
300.000000 3 3.000000 35.000000 449.000000 a 347.282318 176.411453 429.441498 180.346893 495.265594 178.058975 549.168457 353.362427 220.880051 564.907043 301.400055 307.717407 454.798859 210.924164 261.030640 
300.000000 5 3.000000 136.000000 347.000000 a 207.537949 73.061615 289.006927 146.492325 351.876404 79.611557 406.208069 259.615112 117.987289 422.143341 160.377686 185.270081 331.639862 105.004761 187.627289 
300.000000 6 2.000000 348.000000 148.000000 a 116.965805 279.100342 84.202141 349.692719 61.400326 282.115234 125.251747 286.574585 259.464844 134.647690 144.996552 202.484573 189.620667 259.855743 301.517822 
300.000000 4 3.000000 361.000000 6.000000 a 203.199402 411.251740 121.165176 487.682281 111.000000 415.234863 37.643059 308.716705 397.689575 132.200607 248.654373 265.633209 309.633667 396.550110 443.785980 
300.000000 6 4.000000 363.000000 449.000000 a 314.574310 176.411453 361.424957 150.615402 339.705750 170.531525 419.869019 460.557281 131.529465 378.565704 282.294159 359.802734 181.664520 144.474915 67.119293 
300.000000 3 5.000000 187.000000 270.000000 a 116.077560 114.629837 196.888290 202.805328 263.402740 121.061966 314.338989 211.116089 131.487640 335.596497 68.447060 115.520561 278.411560 121.852371 206.169830 
300.000000 9 3.000000 461.000000 452.000000 a 368.730255 270.680634 398.026367 247.729691 346.953888 265.345062 427.931061 531.083801 223.653748 367.049042 345.775940 428.164673 154.029221 236.592484 165.148422 
300.000000 6 3.000000 41.000000 231.000000 a 202.743683 219.938629 274.874512 295.852997 375.680725 226.991196 402.743103 136.312149 258.402802 450.324341 176.504959 125.642349 428.273285 245.839386 332.897888 
300.000000 9 1.000000 490.000000 464.000000 a 396.440399 301.796295 422.338715 276.088745 365.045197 296.386566 445.371765 560.771790 254.907822 379.697235 374.982666 457.755402 168.023804 267.860046 194.928192 
300.000000 5 3.000000 152.000000 275.000000 a 137.637207 118.701309 219.829483 205.572372 294.823669 125.801430 341.568451 197.686615 146.863876 367.865479 92.655273 113.159180 312.846619 135.417877 222.791382 
300.000000 12 3.000000 29.000000 430.000000 a 335.407227 176.113602 417.603882 189.488785 487.016418 178.538513 538.814453 335.049255 222.200363 557.556274 290.263672 292.426056 454.586639 211.518326 267.421021 
300.000000 10 5.000000 481.000000 258.000000 a 266.507050 308.868896 256.750854 341.552338 169.307419 307.746643 245.489304 445.135925 267.202179 173.565552 269.675720 348.483856 43.462627 275.485016 263.047516 
300.000000 7 3.000000 323.000000 303.000000 a 166.976044 148.111450 210.237961 200.262329 205.766861 148.219437 281.101410 329.370605 113.278419 261.266144 143.087387 226.296265 141.088623 118.258194 144.544113 
300.000000 5 2.000000 295.000000 78.000000 a 105.801704 320.705475 23.600847 401.260529 107.205414 325.281403 106.437775 229.786865 312.705933 172.142380 152.121658 171.046783 277.418457 309.864471 367.001373 
300.000000 8 1.000000 175.000000 376.000000 a 220.494904 25.298222 298.457703 102.693718 345.700745 31.304953 407.358551 299.536316 72.835434 412.243866 172.930618 215.956009 299.340942 60.299255 139.291061 
300.000000 10 1.000000 227.000000 174.000000 a 12.083046 211.858444 94.047859 297.284363 181.298096 217.329239 217.497131 178.465683 213.936905 255.970703 35.735138 81.884064 267.478973 208.153793 279.646210 
300.000000 1 1.000000 39.000000 317.000000 a 246.910919 173.461807 327.053497 233.111557 413.037537 179.513229 453.398285 221.650620 219.462982 486.834686 207.870148 188.345428 425.424500 206.496979 287.111481 
300.000000 1 5.000000 184.000000 496.000000 a 336.441681 113.000000 410.621490 39.051247 439.993195 107.689369 509.501709 416.082916 125.896782 499.009033 289.772339 336.154724 342.934387 124.887947 123.065025 
300.000000 12 5.000000 200.000000 178.000000 a 35.341194 206.002426 114.551300 293.334290 208.081711 212.021225 240.840195 156.579056 214.219513 282.733093 34.000000 56.320511 289.993103 206.980682 283.734039 
300.000000 1 3.000000 239.000000 300.000000 a 137.178711 93.037628 207.299301 172.817825 246.343262 96.932968 309.355774 266.717072 87.367043 313.383148 94.831429 166.412140 225.008896 82.097504 155.801163 
Type de surveillance de chaque endroit(target):tab[nombre de target]
a a a a a a a a a a a a a a a 