Nombre des capteurs:
20
Nombre des targets:
15
Nombre de type de surveillance:
1

Caracteristiques:
300.000000 3 3.000000 24.000000 98.000000 a 307.800262 516.512329 27.784887 321.628662 487.083160 456.347443 312.193848 369.935120 373.310852 486.506927 333.430664 584.268799 53.851646 389.508667 272.904755 
300.000000 12 4.000000 147.000000 45.000000 a 267.904846 470.464661 140.035706 351.005707 395.180969 410.025604 381.797058 420.877655 397.609100 470.558167 237.356277 535.708862 95.257545 377.895477 264.984894 
300.000000 10 4.000000 15.000000 288.000000 a 255.049011 430.706390 214.058411 169.008881 476.131287 378.600067 123.628479 189.475586 217.788895 364.321289 355.844055 495.464417 238.882813 275.601166 188.679626 
300.000000 7 2.000000 351.000000 251.000000 a 87.091904 189.232666 384.200470 251.914673 138.231689 133.645050 353.747070 335.621826 263.827606 231.579361 83.006027 250.063995 359.168488 175.513535 157.203690 
300.000000 8 1.000000 108.000000 84.000000 a 256.602814 464.961304 98.508881 314.186249 412.846222 404.085388 334.073334 378.428314 363.159760 451.956848 256.164001 531.836426 64.498062 356.439331 239.635132 
300.000000 8 5.000000 204.000000 116.000000 a 179.568924 379.553680 198.494339 286.148560 312.016022 319.231903 339.112091 364.296570 327.873444 384.220001 154.983871 444.668427 164.924225 294.389191 188.002655 
300.000000 3 2.000000 11.000000 76.000000 a 331.556946 540.595947 2.236068 346.923615 506.332886 480.277008 334.861176 394.001282 398.647705 511.853485 351.262024 608.306641 47.507893 414.849365 298.073822 
300.000000 7 5.000000 289.000000 199.000000 a 86.122009 263.600067 305.722107 244.018448 204.782806 204.384445 330.207520 329.802979 271.014771 284.163696 68.425140 327.365234 278.887085 206.400101 135.723984 
300.000000 3 5.000000 431.000000 12.000000 a 315.217377 414.077301 425.540833 478.802673 238.170105 372.239166 561.444580 564.606934 503.531525 481.050934 175.775421 457.319366 381.104980 425.699432 370.469971 
300.000000 5 3.000000 244.000000 359.000000 a 80.324341 191.128235 368.756012 105.688217 271.073792 139.742615 215.132523 185.270081 111.865990 145.890366 218.442215 256.813171 362.095306 49.658836 68.600288 
300.000000 9 2.000000 227.000000 399.000000 a 123.713379 197.850952 390.786377 82.054863 304.926208 156.041656 192.314850 150.791245 72.201111 127.015747 261.705933 259.083008 388.630920 38.327538 97.984695 
300.000000 4 2.000000 82.000000 91.000000 a 268.715454 478.023010 73.979729 311.438599 434.457123 417.252930 322.443787 371.086243 361.621338 458.981476 278.842255 545.344849 49.203659 362.571381 244.969391 
300.000000 11 3.000000 249.000000 365.000000 a 84.646324 184.382751 376.566071 108.521889 269.228516 133.958954 218.680130 186.252518 111.036034 138.133987 221.382019 249.775894 369.835114 42.154476 76.400261 
300.000000 10 3.000000 135.000000 449.000000 a 213.964951 288.916931 395.284698 53.935146 409.575378 256.189392 107.335922 46.840153 34.713108 191.689850 353.816345 342.473358 405.583527 137.568161 160.153046 
300.000000 6 5.000000 468.000000 448.000000 a 257.738251 50.089920 591.303650 327.158997 206.072800 109.018349 434.664246 378.259155 299.060181 147.732864 303.848633 21.023796 574.344849 207.713745 301.597412 
300.000000 5 1.000000 224.000000 116.000000 a 173.219513 368.376160 218.082550 290.931274 293.860504 308.527161 349.509644 371.041779 330.607025 378.450775 136.308472 432.677704 183.521118 290.903778 189.169235 
300.000000 8 4.000000 432.000000 104.000000 a 241.422867 322.125763 423.065002 409.430084 150.233154 281.476471 501.243439 495.104034 428.267426 392.164520 104.019226 365.778625 383.541382 343.349670 304.041107 
300.000000 11 4.000000 280.000000 131.000000 a 152.328598 327.832275 275.951080 297.405457 237.118118 270.007416 371.303101 381.655609 330.215088 352.754883 79.177017 389.493256 241.298569 273.411774 189.362091 
300.000000 6 3.000000 389.000000 446.000000 a 201.816742 39.446167 531.060242 249.070267 226.294052 65.375839 355.825806 299.427795 220.036362 73.824112 280.722290 90.470993 518.464050 130.919830 234.008545 
300.000000 6 3.000000 96.000000 474.000000 a 258.373749 330.504150 409.140564 92.114059 455.861816 300.740753 88.413803 13.416408 79.705711 228.107437 397.683289 381.064301 424.287628 182.923477 200.870605 
Type de surveillance de chaque endroit(target):tab[nombre de target]
a a a a a a a a a a a a a a a 
Matrix of neighbour
1 0 1 0 0 1 0 1 0 0 0 1 0 0 0 1 0 0 0 0  
1 1 1 1 1 1 1 1 0 0 0 1 0 0 0 1 0 1 0 0  
0 0 1 0 0 0 0 0 0 0 1 0 0 1 0 0 0 0 0 1  
0 0 0 1 0 0 0 1 0 1 1 0 1 1 0 0 0 0 0 0  
1 0 1 1 1 1 0 1 0 0 0 1 0 0 0 1 0 0 0 0  
0 0 1 1 0 1 0 1 0 1 1 0 1 0 0 0 0 0 0 0  
1 0 1 0 1 1 1 0 0 0 0 1 0 0 0 1 0 1 0 0  
0 0 1 0 0 0 0 1 0 1 1 0 1 1 0 0 0 0 0 0  
0 1 0 1 0 1 0 1 1 0 0 0 0 0 0 1 1 1 0 0  
0 0 1 0 0 0 0 0 0 1 1 0 0 1 0 0 0 0 0 1  
0 0 0 0 0 0 0 0 0 0 1 0 0 1 0 0 0 0 0 1  
0 0 1 0 0 1 0 1 0 0 0 1 0 0 0 0 0 0 0 0  
0 0 1 0 0 0 0 0 0 1 1 0 1 1 0 0 0 0 0 1  
0 0 0 0 0 0 0 0 0 0 0 0 0 1 0 0 0 0 0 0  
0 0 0 1 0 0 0 0 0 1 1 0 1 0 1 0 0 0 1 0  
0 0 1 1 0 1 0 1 0 1 1 1 1 0 0 1 0 0 0 0  
0 1 0 1 0 1 0 1 0 0 0 0 0 0 0 1 1 1 0 0  
1 0 0 1 1 1 0 1 0 1 1 1 1 0 0 1 0 1 0 0  
0 0 0 1 0 0 0 1 0 1 1 0 1 1 0 0 0 0 1 1  
0 0 0 0 0 0 0 0 0 0 0 0 0 1 0 0 0 0 0 1  
Connect directly to BS 
0 0 1 1 0 0 0 1 0 1 1 0 1 1 0 0 0 0 1 1 
Cordinaates of sensors 
1 24.000000 98.000000
2 147.000000 45.000000
3 15.000000 288.000000
4 351.000000 251.000000
5 108.000000 84.000000
6 204.000000 116.000000
7 11.000000 76.000000
8 289.000000 199.000000
9 431.000000 12.000000
10 244.000000 359.000000
11 227.000000 399.000000
12 82.000000 91.000000
13 249.000000 365.000000
14 135.000000 449.000000
15 468.000000 448.000000
16 224.000000 116.000000
17 432.000000 104.000000
18 280.000000 131.000000
19 389.000000 446.000000
20 96.000000 474.000000
