Nombre des capteurs:
20
Nombre des targets:
30
Nombre de type de surveillance:
1

Caracteristiques:
300.000000 3 4.000000 25.000000 472.000000 a 404.935791 322.493408 579.573975 410.186554 436.867249 456.232391 365.978149 407.735199 391.563538 136.623566 396.812286 31.780497 440.596191 386.544952 399.929993 390.117920 237.286743 375.213287 519.840332 289.705017 311.733856 159.113174 365.246490 256.158142 514.309265 482.958588 371.486206 256.867676 322.578674 177.538727 
300.000000 1 3.000000 79.000000 193.000000 a 179.002792 47.885281 352.137756 167.296143 394.461670 173.184875 275.465057 293.586456 424.420776 162.360703 134.316788 286.923340 156.818359 383.189240 142.635895 145.344421 223.557602 303.427094 399.721161 6.324555 261.199158 174.568039 90.686272 67.067131 291.624756 353.510956 98.432716 29.427877 295.935791 115.849037 
300.000000 11 5.000000 172.000000 252.000000 a 140.356689 153.808319 316.494873 147.627914 286.513519 247.080963 170.038239 195.010254 314.860291 188.279053 144.419525 254.921555 228.372498 273.056763 143.850616 129.402466 120.066650 196.290604 307.995117 115.108643 151.092682 111.946419 131.217377 160.099976 251.246887 263.058929 197.952011 92.973114 185.827881 96.834908 
300.000000 2 1.000000 407.000000 288.000000 a 221.352661 376.789063 271.974274 249.657761 67.416618 417.401489 68.117546 55.172459 163.248276 405.967987 287.360413 399.602295 400.431030 108.041656 276.817627 254.566299 187.747177 49.040798 100.409164 345.110138 112.720894 279.894623 313.676575 397.573883 230.360580 80.006248 408.335632 329.674072 105.759163 314.636292 
300.000000 9 4.000000 480.000000 10.000000 a 263.058929 446.829956 96.254868 273.923340 337.037079 393.127197 308.150940 265.271545 445.619781 577.498901 312.750702 632.247559 385.945587 393.410736 302.034760 295.575714 425.699432 318.097473 207.009659 440.156799 365.301239 489.326080 359.869415 507.673126 149.308411 207.624664 445.395325 449.177032 378.724182 488.439362 
300.000000 6 4.000000 130.000000 138.000000 a 118.067780 75.133217 281.348541 99.689522 375.257233 125.590607 254.945099 262.131653 423.987030 235.535553 60.901562 348.936951 106.892471 376.350891 70.774292 79.630394 240.682358 285.043854 356.854309 72.180328 257.031128 220.081802 15.811388 138.130371 223.573257 310.934082 93.621582 95.770561 293.155243 173.979889 
300.000000 12 4.000000 81.000000 465.000000 a 370.742493 314.993652 540.844727 379.230804 381.371216 445.040436 315.158691 357.800232 335.292419 149.375366 371.285614 28.653097 428.228912 330.287750 372.855194 360.489929 186.231033 322.490295 468.095062 278.028778 259.493744 120.307938 344.911591 257.344116 475.946411 432.677704 365.875671 243.018524 268.152954 157.457932 
300.000000 1 4.000000 1.000000 368.000000 a 340.242554 223.861557 519.509399 339.241791 442.598022 358.468964 348.281494 384.551697 423.218628 31.144823 317.370453 123.878975 344.088654 403.971527 322.800262 317.590942 231.311478 365.470917 500.329895 196.308426 303.516052 135.369858 279.451233 152.738342 454.842834 458.363403 270.440369 167.943436 325.221466 109.836243 
300.000000 9 3.000000 456.000000 341.000000 a 293.450165 442.831787 331.903595 321.740570 13.601471 489.082825 130.146072 127.287079 117.046997 452.017700 358.912231 423.135925 471.950195 75.690155 348.542694 326.156403 224.501663 101.592323 125.936493 409.092896 154.466827 320.451233 383.594849 457.411194 296.769257 131.213562 476.806030 390.570099 130.862518 364.496918 
300.000000 1 2.000000 159.000000 237.000000 a 136.124939 134.182709 314.682373 139.671036 303.842072 228.632889 186.034943 208.405853 334.432343 184.458664 131.213562 263.007599 209.990479 292.071899 132.003784 119.920807 139.606583 213.138458 319.626343 96.041656 170.038239 123.166557 113.771698 144.533737 249.777908 274.142303 178.103897 76.485291 205.060974 96.938126 
300.000000 10 5.000000 51.000000 139.000000 a 197.063446 13.000000 354.644897 177.628830 442.831787 124.326187 322.442230 334.928345 480.175995 203.501846 135.591293 340.036774 111.085556 436.644012 146.891113 158.382446 282.577423 351.647552 434.065674 54.589375 314.803101 234.917007 89.106674 84.581322 299.774902 387.930420 38.639359 89.319649 350.305573 174.140747 
300.000000 5 5.000000 89.000000 98.000000 a 163.024536 62.433964 305.918304 139.043152 431.653809 78.025635 311.602325 316.840668 481.183960 253.665131 94.530418 382.426453 61.294373 433.623108 106.677086 123.693169 294.979675 341.808411 406.794800 89.805344 314.213318 264.213928 56.824291 138.755173 254.892136 361.448486 45.099888 124.100769 350.332703 210.038086 
300.000000 4 4.000000 166.000000 395.000000 a 273.578156 267.649017 436.357666 286.567627 281.476471 383.230988 205.548050 247.842697 256.195251 172.069748 287.503052 138.405197 364.972595 238.002106 286.471649 270.440369 76.661591 214.767319 359.204681 226.241028 151.168777 47.634022 271.346649 233.540146 372.236481 322.869934 318.308014 191.449738 164.684540 113.569359 
300.000000 12 3.000000 405.000000 303.000000 a 230.672928 380.663879 286.769928 258.897675 56.639210 425.691193 68.680420 65.215027 148.408218 402.438812 295.480957 390.866974 408.480103 93.005379 285.217468 262.756531 180.936447 44.045429 112.805145 347.908020 106.230881 274.565125 320.062500 398.610077 244.264206 94.921021 413.672577 331.061920 95.131485 312.040070 
300.000000 12 5.000000 464.000000 257.000000 a 248.565887 421.544769 252.982208 276.284271 90.470993 445.306641 127.882759 97.252251 199.849945 466.904694 318.059753 464.486816 429.605621 151.396835 306.545258 285.772644 252.239960 113.635384 42.379242 393.279785 177.279434 343.198181 350.783417 449.872192 225.796371 55.217751 448.035706 381.608429 169.838165 374.488983 
300.000000 6 3.000000 225.000000 300.000000 a 167.585800 225.304245 324.607452 185.010803 222.596054 312.160217 115.117332 150.545670 243.478958 224.075882 196.540070 246.174728 293.375183 203.118195 192.353836 172.742584 56.435802 136.091873 266.266785 186.206879 82.280006 106.230881 194.989746 225.248749 260.725922 224.928879 269.001862 161.136581 115.485931 132.242203 
300.000000 9 1.000000 398.000000 79.000000 a 159.765457 349.496796 63.560993 174.748398 269.779541 316.546997 213.321350 173.787231 372.435242 470.956482 216.946991 526.273682 305.897034 317.056763 205.353348 195.248566 322.931885 229.008728 159.511749 338.681274 267.798431 382.733582 263.053223 405.823853 57.271286 137.277100 354.682953 345.028992 286.204468 381.400055 
300.000000 6 3.000000 145.000000 469.000000 a 350.476807 330.219635 511.297363 363.373077 322.769257 452.730591 268.069031 311.841309 271.597137 193.145020 362.994476 89.560036 434.883881 269.091064 362.465179 346.953888 142.611359 271.204712 417.603882 290.082733 210.354462 111.364265 344.052307 283.989441 447.675110 385.250580 381.608429 254.420914 213.377594 169.189240 
300.000000 10 5.000000 417.000000 403.000000 a 317.682220 440.255615 387.408051 345.027527 63.560993 505.558105 142.284927 160.962723 48.010414 418.240356 376.538177 368.913269 487.483337 14.764823 367.604401 344.802856 190.876923 112.871605 195.747284 402.810120 136.751602 284.580383 393.151367 442.459045 344.268799 191.588104 479.930206 379.011871 102.420700 337.640350 
300.000000 11 4.000000 386.000000 103.000000 a 141.439026 333.472626 86.023254 159.452194 248.622208 310.306305 187.002670 148.222809 349.290710 447.973206 203.061569 500.275909 298.390686 293.552368 191.128235 178.756821 296.184052 203.541153 146.492325 320.213989 241.105789 357.106415 247.977829 386.870789 56.850681 118.308914 342.005859 324.599762 260.017303 357.594757 
Type de surveillance de chaque endroit(target):tab[nombre de target]
a a a a a a a a a a a a a a a a a a a a a a a a a a a a a a 
Matrix of neighbour
1 0 0 0 0 0 1 0 0 0 0 0 1 0 0 0 0 1 0 0  
1 1 1 0 0 0 1 1 0 1 0 0 1 0 0 1 0 1 0 0  
1 0 1 0 0 0 1 1 0 0 0 0 1 0 0 1 0 1 0 0  
0 0 1 1 0 0 0 0 0 1 0 0 1 1 0 1 0 0 1 0  
0 0 0 1 1 0 0 0 0 0 0 0 0 0 1 0 1 0 0 1  
0 1 1 0 0 1 0 1 0 1 0 0 1 0 0 1 0 0 0 0  
0 0 0 0 0 0 1 0 0 0 0 0 1 0 0 0 0 0 0 0  
1 0 0 0 0 0 1 1 0 0 0 0 1 0 0 0 0 1 0 0  
0 0 1 1 0 0 0 0 1 0 0 0 1 1 0 1 0 0 1 0  
1 0 1 0 0 0 1 1 0 1 0 0 1 0 0 1 0 1 0 0  
0 1 1 0 0 1 0 1 0 1 1 0 1 0 0 1 0 0 0 0  
0 1 1 0 0 1 0 1 0 1 1 1 0 0 0 1 0 0 0 0  
0 0 0 0 0 0 0 0 0 0 0 0 1 0 0 0 0 0 0 0  
0 0 1 0 0 0 0 0 0 1 0 0 1 1 0 1 0 0 1 0  
0 0 1 1 0 0 0 0 1 0 0 0 0 1 1 1 0 0 1 0  
1 0 0 0 0 0 1 1 0 0 0 0 1 0 0 1 0 1 0 0  
0 0 1 1 0 1 0 0 1 1 0 0 0 1 1 1 1 0 0 1  
0 0 0 0 0 0 1 0 0 0 0 0 1 0 0 0 0 1 0 0  
0 0 1 0 0 0 0 0 0 0 0 0 1 0 0 1 0 1 1 0  
0 0 1 1 0 1 0 0 1 1 0 1 0 1 1 1 0 0 0 1  
Connect directly to BS 
1 1 1 0 0 1 1 1 0 1 1 0 1 0 0 1 0 1 0 0 
Cordinaates of sensors 
1 25.000000 472.000000
2 79.000000 193.000000
3 172.000000 252.000000
4 407.000000 288.000000
5 480.000000 10.000000
6 130.000000 138.000000
7 81.000000 465.000000
8 1.000000 368.000000
9 456.000000 341.000000
10 159.000000 237.000000
11 51.000000 139.000000
12 89.000000 98.000000
13 166.000000 395.000000
14 405.000000 303.000000
15 464.000000 257.000000
16 225.000000 300.000000
17 398.000000 79.000000
18 145.000000 469.000000
19 417.000000 403.000000
20 386.000000 103.000000
