Nombre des capteurs:
20
Nombre des targets:
30
Nombre de type de surveillance:
1

Caracteristiques:
300.000000 7 5.000000 29.000000 336.000000 a 371.540039 470.838623 164.514435 360.234650 447.853760 444.419861 304.685089 277.146179 132.015152 277.683258 310.438385 450.362091 259.699829 242.538651 118.680244 400.249908 364.226593 111.803398 332.415405 195.310013 376.538177 254.395355 216.113403 316.835907 47.507893 242.404617 146.741272 171.128601 412.059448 423.023651 
300.000000 3 1.000000 59.000000 372.000000 a 373.376495 465.107513 204.570282 333.618042 411.695282 444.932587 339.005890 251.065735 101.192886 280.371185 321.210205 459.436615 275.506805 255.947266 150.029999 364.027466 364.276001 71.386276 349.914276 166.883194 388.814880 211.142136 253.047424 342.217773 72.006943 197.959595 133.689941 132.834488 415.337219 389.082245 
300.000000 1 2.000000 103.000000 294.000000 a 287.767273 385.752502 149.843246 287.466522 389.061707 360.312378 264.357727 205.664780 189.873642 194.000000 231.870651 370.645386 186.214935 166.412140 82.855293 342.461670 279.873199 95.603348 260.775757 132.098450 299.347626 223.233063 186.453751 256.976654 43.416588 217.623535 68.183578 132.548111 328.933136 360.256866 
300.000000 1 3.000000 20.000000 361.000000 a 394.380524 491.415314 189.042328 370.951477 451.934723 466.978577 330.552582 288.013885 107.228729 300.562805 335.335663 475.078949 285.394470 267.800293 145.206757 404.259827 386.534607 111.830231 358.432709 204.479828 401.807159 251.199127 241.530533 343.402100 72.945183 237.491058 163.232956 173.173325 435.353882 428.869446 
300.000000 8 3.000000 108.000000 246.000000 a 254.607544 359.535797 118.067780 291.358887 404.361237 327.835327 218.123825 213.927551 236.315460 161.384628 190.685608 330.619110 141.155945 123.004066 51.884487 359.334106 248.696609 141.566238 215.111603 153.808319 257.001953 258.495636 145.120636 208.786972 72.249565 255.548431 82.328613 169.198105 294.006805 372.754608 
300.000000 5 3.000000 483.000000 182.000000 a 180.272018 93.150414 467.107056 169.460907 252.572769 153.808319 447.532135 228.809967 538.267578 236.685440 262.488098 237.002106 309.483429 304.021393 422.895966 252.253845 171.233765 408.573120 306.052277 307.092834 261.306335 364.265015 451.279297 369.384613 439.150330 382.685242 333.216156 361.653137 181.320160 221.939178 
300.000000 10 5.000000 452.000000 127.000000 a 133.820770 30.016663 438.316101 205.876175 307.319061 92.849342 402.140533 247.620682 544.890808 208.312271 220.422318 175.385284 273.016479 271.737000 401.403778 300.815552 129.139465 414.016907 257.561646 316.834351 207.646332 391.189209 416.058899 321.976715 428.477539 408.031860 329.461670 374.076202 124.823875 274.045624 
300.000000 10 4.000000 309.000000 322.000000 a 217.278625 255.391861 329.164093 80.006248 192.854874 266.204803 380.821472 5.830952 317.553131 169.729202 232.757385 321.686188 236.862823 216.815582 266.475128 151.380310 201.486969 191.039261 287.471741 88.600227 284.740234 151.924316 339.607117 327.739227 249.970001 167.296143 139.903534 139.086304 256.134735 159.012573 
300.000000 7 1.000000 6.000000 382.000000 a 418.718292 514.511414 210.237961 387.517731 462.929810 491.153748 353.307220 305.000000 88.526833 324.969238 360.456665 500.136993 310.633209 293.001709 169.516968 415.337219 410.621490 123.065025 383.646973 220.791763 427.001160 256.780060 263.711975 368.048920 98.183502 241.596771 184.699753 184.390884 459.882599 441.409119 
300.000000 5 1.000000 490.000000 378.000000 a 321.603790 282.024811 516.828796 115.004349 60.926186 330.163605 550.514282 190.937164 471.666199 323.797791 377.127289 409.547302 401.543274 385.800476 455.543640 85.702972 306.493073 361.088623 431.510132 267.800293 406.322540 254.275436 522.187683 485.126801 437.017151 274.854492 328.636566 300.426361 343.517090 48.764740 
300.000000 11 4.000000 466.000000 236.000000 a 196.155548 138.079681 454.528320 116.180893 198.000000 189.620667 453.027588 184.067917 496.532990 230.531998 268.784302 271.516113 308.079529 298.573273 404.242493 195.726852 183.504761 368.875305 318.190186 266.242371 281.485352 312.621185 445.371765 378.671356 411.013367 331.633820 301.652130 318.025146 208.806137 166.090332 
300.000000 11 2.000000 220.000000 229.000000 a 159.298462 251.938492 211.813599 193.383041 320.220245 229.810791 252.382645 130.384048 307.196991 70.384659 127.663620 253.148178 112.720894 90.801979 158.154984 280.017853 149.241409 181.466248 175.641678 118.067780 192.854874 234.923386 213.862106 204.462708 175.045715 241.250900 85.445892 167.705093 202.002472 284.803436 
300.000000 7 2.000000 385.000000 70.000000 a 73.824112 60.539242 382.838074 253.031616 372.903473 5.000000 326.105804 268.868011 535.320435 166.973053 155.331909 88.238312 212.960083 218.048157 356.977600 357.619904 80.280754 406.684143 180.709717 320.390381 125.399361 414.594971 352.563477 244.844849 398.151978 428.621033 313.427826 378.154724 43.046486 336.756592 
300.000000 9 2.000000 330.000000 395.000000 a 290.172363 312.865784 385.129852 93.085983 141.481445 333.084076 451.004425 72.111023 311.669708 245.458755 308.638947 394.000000 310.228943 289.318176 318.987457 94.244362 274.089417 201.201385 363.188660 116.361504 360.284607 104.350372 402.567993 401.707611 286.225433 124.201447 185.733673 140.003571 327.220123 117.153748 
300.000000 1 2.000000 73.000000 258.000000 a 290.547760 396.415192 103.174606 322.615875 430.610046 363.792511 225.319778 243.002060 214.979065 197.767548 223.463638 363.452881 170.856659 154.870911 37.643059 384.629700 285.077179 139.713989 242.981476 175.276917 288.425049 270.083313 142.874069 228.659134 43.965897 264.401215 106.230881 179.401779 329.334167 400.406036 
300.000000 11 2.000000 226.000000 53.000000 a 107.424393 216.390854 241.373154 315.387054 450.289917 156.540726 166.207703 285.440002 460.245575 112.969025 49.497475 116.275536 85.146935 104.216118 235.493103 419.973816 118.460960 346.840027 21.023796 294.006805 38.897301 409.703552 201.467117 85.000000 297.598724 417.029968 252.073395 342.895020 116.965805 412.243866 
300.000000 6 4.000000 445.000000 31.000000 a 145.261826 70.455658 451.577240 297.321381 403.546783 72.069412 384.005219 327.012238 604.725586 238.522537 223.573257 118.848640 281.788940 288.360870 427.983643 395.854767 151.604752 475.269409 241.099564 385.612488 182.274521 473.060242 418.571381 303.133636 469.665833 488.382019 383.275360 443.614685 109.444046 370.005402 
300.000000 7 5.000000 491.000000 145.000000 a 175.616058 69.656296 475.766754 205.153595 290.079285 134.617981 444.346710 259.516846 565.353882 244.738632 261.558777 216.002319 312.705933 310.006439 435.855469 290.077576 169.705627 434.885040 300.128296 334.802917 250.599289 398.208496 455.686310 364.453003 458.024017 416.203064 355.128143 390.643066 167.720001 259.753723 
300.000000 6 1.000000 89.000000 84.000000 a 231.952576 348.414978 114.337219 383.563568 514.421021 293.552368 58.180752 325.788269 388.972992 177.098846 145.120636 254.892136 98.488579 111.503365 140.616501 475.251526 236.907150 304.637482 119.816528 295.624756 179.234482 410.858856 64.070274 68.883957 217.938065 411.290649 230.106491 326.038330 253.505417 478.176758 
300.000000 8 3.000000 81.000000 130.000000 a 240.303970 357.179230 77.388626 363.473511 490.551727 307.728790 99.040398 299.055176 342.286438 169.446152 154.557434 280.431824 98.183502 101.434708 93.941475 449.288330 242.167297 260.461121 145.437271 259.880737 202.595657 372.538574 46.097721 108.724419 171.292145 371.618073 191.470627 285.616882 268.262939 455.408600 
Type de surveillance de chaque endroit(target):tab[nombre de target]
a a a a a a a a a a a a a a a a a a a a a a a a a a a a a a 
Matrix of neighbour
1 1 0 1 0 0 0 0 0 0 0 0 0 0 0 0 0 0 0 0  
0 1 0 0 0 0 0 0 0 0 0 0 0 0 0 0 0 0 0 0  
1 1 1 1 0 0 0 0 1 0 0 0 0 0 0 0 0 0 0 0  
0 1 0 1 0 0 0 0 0 0 0 0 0 0 0 0 0 0 0 0  
1 1 1 1 1 0 0 0 1 0 0 0 0 0 1 0 0 0 0 0  
0 0 0 0 0 1 0 1 0 1 1 1 1 1 0 1 0 0 0 0  
0 0 0 0 0 1 1 1 0 1 1 1 1 1 0 1 0 0 0 0  
1 1 1 1 1 0 0 1 0 0 0 1 0 0 1 0 0 0 0 0  
1 1 0 1 0 0 0 0 1 0 0 0 0 0 0 0 0 0 0 0  
0 0 0 0 0 0 0 1 0 1 0 0 0 1 0 0 0 0 0 0  
0 0 0 0 0 0 0 1 0 1 1 1 0 1 0 0 0 0 0 0  
1 1 1 1 1 0 0 0 1 0 0 1 0 0 1 0 0 0 0 0  
0 0 0 0 0 0 0 1 0 0 1 1 1 0 0 1 0 0 1 0  
0 1 1 0 1 0 0 1 0 0 0 1 0 1 1 0 0 0 0 0  
1 1 1 1 0 0 0 0 1 0 0 0 0 0 1 0 0 0 0 0  
0 0 1 0 1 0 0 1 0 0 0 1 0 0 1 1 0 0 1 1  
0 0 0 0 0 1 1 0 0 0 1 1 1 0 0 1 1 1 0 0  
0 0 0 0 0 1 1 1 0 1 1 1 1 1 0 1 0 1 0 0  
1 1 1 1 1 0 0 0 0 0 0 1 0 0 1 0 0 0 1 1  
1 1 1 1 1 0 0 1 1 0 0 1 0 0 1 0 0 0 0 1  
Connect directly to BS 
1 1 1 1 1 0 0 1 1 0 0 1 0 1 1 0 0 0 0 1 
Cordinaates of sensors 
1 29.000000 336.000000
2 59.000000 372.000000
3 103.000000 294.000000
4 20.000000 361.000000
5 108.000000 246.000000
6 483.000000 182.000000
7 452.000000 127.000000
8 309.000000 322.000000
9 6.000000 382.000000
10 490.000000 378.000000
11 466.000000 236.000000
12 220.000000 229.000000
13 385.000000 70.000000
14 330.000000 395.000000
15 73.000000 258.000000
16 226.000000 53.000000
17 445.000000 31.000000
18 491.000000 145.000000
19 89.000000 84.000000
20 81.000000 130.000000
