Nombre des capteurs:
20
Nombre des targets:
15
Nombre de type de surveillance:
1

Caracteristiques:
300.000000 3 4.000000 25.000000 472.000000 a 404.935791 322.493408 579.573975 410.186554 436.867249 456.232391 365.978149 407.735199 391.563538 136.623566 396.812286 31.780497 440.596191 386.544952 399.929993 
300.000000 1 3.000000 79.000000 193.000000 a 179.002792 47.885281 352.137756 167.296143 394.461670 173.184875 275.465057 293.586456 424.420776 162.360703 134.316788 286.923340 156.818359 383.189240 142.635895 
300.000000 11 5.000000 172.000000 252.000000 a 140.356689 153.808319 316.494873 147.627914 286.513519 247.080963 170.038239 195.010254 314.860291 188.279053 144.419525 254.921555 228.372498 273.056763 143.850616 
300.000000 2 1.000000 407.000000 288.000000 a 221.352661 376.789063 271.974274 249.657761 67.416618 417.401489 68.117546 55.172459 163.248276 405.967987 287.360413 399.602295 400.431030 108.041656 276.817627 
300.000000 9 4.000000 480.000000 10.000000 a 263.058929 446.829956 96.254868 273.923340 337.037079 393.127197 308.150940 265.271545 445.619781 577.498901 312.750702 632.247559 385.945587 393.410736 302.034760 
300.000000 6 4.000000 130.000000 138.000000 a 118.067780 75.133217 281.348541 99.689522 375.257233 125.590607 254.945099 262.131653 423.987030 235.535553 60.901562 348.936951 106.892471 376.350891 70.774292 
300.000000 12 4.000000 81.000000 465.000000 a 370.742493 314.993652 540.844727 379.230804 381.371216 445.040436 315.158691 357.800232 335.292419 149.375366 371.285614 28.653097 428.228912 330.287750 372.855194 
300.000000 1 4.000000 1.000000 368.000000 a 340.242554 223.861557 519.509399 339.241791 442.598022 358.468964 348.281494 384.551697 423.218628 31.144823 317.370453 123.878975 344.088654 403.971527 322.800262 
300.000000 9 3.000000 456.000000 341.000000 a 293.450165 442.831787 331.903595 321.740570 13.601471 489.082825 130.146072 127.287079 117.046997 452.017700 358.912231 423.135925 471.950195 75.690155 348.542694 
300.000000 1 2.000000 159.000000 237.000000 a 136.124939 134.182709 314.682373 139.671036 303.842072 228.632889 186.034943 208.405853 334.432343 184.458664 131.213562 263.007599 209.990479 292.071899 132.003784 
300.000000 10 5.000000 51.000000 139.000000 a 197.063446 13.000000 354.644897 177.628830 442.831787 124.326187 322.442230 334.928345 480.175995 203.501846 135.591293 340.036774 111.085556 436.644012 146.891113 
300.000000 5 5.000000 89.000000 98.000000 a 163.024536 62.433964 305.918304 139.043152 431.653809 78.025635 311.602325 316.840668 481.183960 253.665131 94.530418 382.426453 61.294373 433.623108 106.677086 
300.000000 4 4.000000 166.000000 395.000000 a 273.578156 267.649017 436.357666 286.567627 281.476471 383.230988 205.548050 247.842697 256.195251 172.069748 287.503052 138.405197 364.972595 238.002106 286.471649 
300.000000 12 3.000000 405.000000 303.000000 a 230.672928 380.663879 286.769928 258.897675 56.639210 425.691193 68.680420 65.215027 148.408218 402.438812 295.480957 390.866974 408.480103 93.005379 285.217468 
300.000000 12 5.000000 464.000000 257.000000 a 248.565887 421.544769 252.982208 276.284271 90.470993 445.306641 127.882759 97.252251 199.849945 466.904694 318.059753 464.486816 429.605621 151.396835 306.545258 
300.000000 6 3.000000 225.000000 300.000000 a 167.585800 225.304245 324.607452 185.010803 222.596054 312.160217 115.117332 150.545670 243.478958 224.075882 196.540070 246.174728 293.375183 203.118195 192.353836 
300.000000 9 1.000000 398.000000 79.000000 a 159.765457 349.496796 63.560993 174.748398 269.779541 316.546997 213.321350 173.787231 372.435242 470.956482 216.946991 526.273682 305.897034 317.056763 205.353348 
300.000000 6 3.000000 145.000000 469.000000 a 350.476807 330.219635 511.297363 363.373077 322.769257 452.730591 268.069031 311.841309 271.597137 193.145020 362.994476 89.560036 434.883881 269.091064 362.465179 
300.000000 10 5.000000 417.000000 403.000000 a 317.682220 440.255615 387.408051 345.027527 63.560993 505.558105 142.284927 160.962723 48.010414 418.240356 376.538177 368.913269 487.483337 14.764823 367.604401 
300.000000 11 4.000000 386.000000 103.000000 a 141.439026 333.472626 86.023254 159.452194 248.622208 310.306305 187.002670 148.222809 349.290710 447.973206 203.061569 500.275909 298.390686 293.552368 191.128235 
Type de surveillance de chaque endroit(target):tab[nombre de target]
a a a a a a a a a a a a a a a 