Nombre des capteurs:
20
Nombre des targets:
15
Nombre de type de surveillance:
1

Caracteristiques:
300.000000 11 3.000000 22.000000 108.000000 a 276.804993 284.007050 268.739655 188.732620 423.689758 294.151337 222.326340 410.182892 432.356323 123.320717 111.112556 512.328003 505.319702 132.003784 495.717651 
300.000000 12 4.000000 99.000000 397.000000 a 399.686127 272.957886 214.263855 110.679718 349.687012 87.206650 385.659180 473.814301 210.280762 274.710754 286.027985 304.765472 299.723206 370.060791 250.283844 
300.000000 8 3.000000 242.000000 325.000000 a 282.460602 132.034088 78.638412 181.033142 189.973679 72.897186 290.172363 326.791992 126.400162 221.822006 238.379944 203.708130 196.796844 318.487061 193.196793 
300.000000 1 3.000000 295.000000 215.000000 a 168.026779 13.928389 53.600372 243.495377 130.602448 185.399567 190.706573 207.171432 219.276077 175.276917 191.436676 262.087769 255.001968 251.382172 284.917542 
300.000000 9 4.000000 352.000000 158.000000 a 126.178444 76.026314 133.869339 317.647614 118.713943 265.753632 171.840042 127.003937 279.807068 210.447144 223.575485 301.529449 295.005096 259.855743 340.846008 
300.000000 7 1.000000 278.000000 94.000000 a 49.040798 108.664619 155.193420 291.547607 214.767319 282.660583 74.813103 155.467041 341.151001 137.767914 146.239532 381.371216 374.422211 164.793808 407.082306 
300.000000 1 3.000000 326.000000 303.000000 a 258.247955 107.224068 92.800865 262.230804 104.201729 158.826950 284.007050 266.692719 132.517929 253.875961 270.830200 169.094650 161.966049 339.449554 195.010254 
300.000000 1 4.000000 76.000000 414.000000 a 425.846222 301.230804 242.621109 122.588745 377.641357 115.485931 409.849976 502.053772 230.867935 295.918915 306.349487 324.727570 320.031250 389.354584 265.631317 
300.000000 2 1.000000 406.000000 183.000000 a 177.459854 117.545738 166.769302 358.949860 74.148499 288.211731 228.429413 128.082001 270.186981 268.128693 281.831512 273.117188 267.269531 319.164520 324.513489 
300.000000 6 3.000000 329.000000 480.000000 a 434.577942 280.722290 245.393555 324.913849 241.404221 194.905106 455.449219 434.659637 51.429562 399.425842 416.058899 73.054771 71.589104 495.083832 18.027756 
300.000000 9 1.000000 19.000000 42.000000 a 273.045776 314.707794 310.344971 254.017715 453.647430 353.298737 213.114990 410.274292 485.832275 150.602127 134.301895 561.281555 554.156128 108.903625 550.833008 
300.000000 11 4.000000 458.000000 83.000000 a 169.858765 205.876175 263.309692 446.001129 177.341476 393.174255 231.041122 38.948685 382.498352 316.930603 326.381683 377.794922 372.538574 335.538361 434.885040 
300.000000 4 1.000000 447.000000 220.000000 a 232.279999 158.028473 196.860352 389.708862 45.607018 303.222687 283.637085 163.990860 256.275238 317.245972 331.730316 241.033188 236.027542 373.180908 302.398743 
300.000000 3 3.000000 481.000000 212.000000 a 250.890411 191.261597 231.659225 424.604523 76.026314 337.241760 305.499603 163.490067 282.681793 347.800232 361.807953 257.730469 253.402847 398.963654 324.353210 
300.000000 9 4.000000 355.000000 256.000000 a 218.288803 84.504440 103.392456 293.218353 64.000000 205.153595 252.922913 212.313446 184.621231 247.832611 264.070068 204.570282 197.881271 322.440704 243.501541 
300.000000 1 4.000000 224.000000 47.000000 a 68.000000 168.466614 201.950485 292.617493 285.842621 314.531403 14.422205 205.243759 395.591949 112.432205 112.414413 444.473846 437.388855 98.843307 462.835815 
300.000000 2 2.000000 351.000000 244.000000 a 205.645325 74.060783 99.045441 290.986267 69.050705 208.019226 240.503632 202.615402 195.256241 238.270859 254.332458 217.147415 210.440018 311.178406 255.039215 
300.000000 4 1.000000 299.000000 294.000000 a 247.099167 92.439171 66.468040 235.008514 125.872955 137.767914 267.525696 270.312775 140.174896 228.580399 245.595200 189.855209 182.649933 316.764893 206.050964 
300.000000 12 5.000000 361.000000 106.000000 a 90.785461 119.402679 178.218964 350.435455 160.822891 312.025635 147.248093 83.815269 332.579315 217.919708 228.107437 351.950287 345.579224 246.657654 393.386566 
300.000000 1 5.000000 307.000000 460.000000 a 413.272308 258.559479 219.986359 295.420044 232.723007 165.239227 431.566925 421.061768 26.019224 371.651733 388.181671 91.087868 87.572830 468.000000 43.416588 
Type de surveillance de chaque endroit(target):tab[nombre de target]
a a a a a a a a a a a a a a a 