Nombre des capteurs:
20
Nombre des targets:
15
Nombre de type de surveillance:
1

Caracteristiques:
300.000000 2 2.000000 43.000000 52.000000 a 82.710335 436.124969 479.935425 257.194489 420.077362 97.590981 119.707977 389.343048 474.529236 202.247375 304.170990 249.970001 502.426117 322.969025 312.541199 
300.000000 6 3.000000 28.000000 469.000000 a 407.235809 642.807129 409.956085 322.913300 418.660950 359.201904 323.066559 340.343933 222.225113 215.058136 186.724396 475.101044 409.695007 516.945862 158.619034 
300.000000 3 2.000000 250.000000 81.000000 a 127.251717 238.144913 317.370453 141.693329 244.616028 142.442978 163.682617 246.677933 398.000000 277.521179 269.551483 42.579338 344.026154 115.069542 293.863922 
300.000000 12 1.000000 142.000000 72.000000 a 19.026299 340.872406 392.444916 177.019775 327.502686 56.080299 91.285271 307.058624 421.085510 212.143814 262.429047 150.013336 416.702545 223.056046 279.114685 
300.000000 5 5.000000 374.000000 463.000000 a 463.789825 465.537323 122.930878 277.713867 189.654953 431.010437 409.590027 155.080627 125.028000 399.952484 252.448013 397.548737 101.872467 386.104919 264.847137 
300.000000 2 2.000000 317.000000 380.000000 a 363.159760 404.030945 107.563934 177.552811 133.225372 330.478455 309.828979 67.468513 119.540787 310.695984 166.481232 307.019531 110.072701 306.778412 185.283569 
300.000000 5 2.000000 272.000000 50.000000 a 150.764725 209.059799 333.624054 175.727066 258.367950 173.726791 198.113602 270.512482 429.563721 314.224457 306.400055 31.240999 360.972290 96.840073 331.126862 
300.000000 10 2.000000 370.000000 424.000000 a 429.196930 428.572052 90.138779 242.404617 151.795914 398.076630 378.308075 116.709038 132.003784 377.450653 231.233643 358.586121 74.518456 347.036011 247.032379 
300.000000 10 5.000000 499.000000 375.000000 a 482.265472 366.660614 83.168503 304.266327 141.421356 462.624023 452.133820 178.731644 269.846252 481.453003 344.448822 365.308075 72.006943 326.741486 365.788177 
300.000000 12 4.000000 228.000000 51.000000 a 107.280006 252.517319 354.496826 171.187027 281.810211 134.111893 161.839432 282.449982 428.565033 281.485352 291.770447 68.007355 381.085297 139.445328 314.381927 
300.000000 4 4.000000 184.000000 480.000000 a 411.545868 554.698120 269.920349 263.188141 297.069031 366.934601 334.701355 221.731827 66.007576 271.803223 148.475586 420.119019 264.319885 441.780487 138.350998 
300.000000 1 2.000000 251.000000 26.000000 a 136.356155 226.638474 364.540802 196.573135 289.663605 166.973053 195.576065 298.904663 453.001099 315.448883 322.024841 63.126858 391.760132 124.887947 345.418579 
300.000000 2 5.000000 63.000000 182.000000 a 124.422668 448.692535 394.129425 177.564072 348.633057 79.649231 49.091751 298.744049 350.967224 78.000000 178.717651 253.189651 412.470612 319.732697 183.308487 
300.000000 5 5.000000 414.000000 0.000000 a 300.016663 63.639610 349.051575 284.548767 275.408783 324.038574 346.590546 324.784546 506.297333 457.904999 421.432068 142.688477 376.224670 91.268837 449.000000 
300.000000 8 5.000000 273.000000 187.000000 a 188.403824 270.739716 218.753281 50.931328 153.687988 173.461807 172.002914 139.617340 292.904419 249.176651 187.256516 114.586212 243.797043 143.401535 214.981400 
300.000000 10 1.000000 346.000000 364.000000 a 366.619690 378.399261 75.504967 179.621826 103.585716 337.379608 319.757721 52.201534 149.803207 331.766479 191.366135 294.984741 81.884064 287.628235 212.398209 
300.000000 10 4.000000 99.000000 78.000000 a 24.515301 384.246002 420.097595 198.758652 358.899719 44.271889 77.162170 330.938049 428.488037 187.968079 262.488098 193.041443 443.156860 266.001892 275.234436 
300.000000 11 4.000000 357.000000 185.000000 a 259.422424 213.016434 175.684372 126.530632 99.317673 252.509399 254.772446 131.594070 312.865784 331.265747 249.401276 128.631256 203.423203 108.295891 278.001801 
300.000000 11 2.000000 340.000000 114.000000 a 220.839310 172.609390 248.243835 149.933319 171.470108 227.079285 239.534973 200.202393 375.932190 337.415161 286.162537 62.481998 276.067017 44.654228 314.014343 
300.000000 2 3.000000 302.000000 100.000000 a 181.024857 197.246033 275.544922 138.708328 200.084976 190.055252 205.496964 215.956009 382.550659 309.962891 275.283478 27.856777 302.986786 67.067131 302.034760 
Type de surveillance de chaque endroit(target):tab[nombre de target]
a a a a a a a a a a a a a a a 