Nombre des capteurs:
20
Nombre des targets:
15
Nombre de type de surveillance:
1

Caracteristiques:
300.000000 6 2.000000 47.000000 301.000000 a 204.413803 313.690918 182.068665 374.893311 266.552063 30.610456 171.353439 47.265209 395.140472 127.141655 64.070274 387.918793 466.502960 279.093170 403.966583 
300.000000 8 1.000000 8.000000 148.000000 a 187.384628 400.169952 52.697250 482.084015 368.048920 134.836945 120.016663 202.869415 470.082977 109.384644 125.000000 471.373535 484.174561 326.142609 386.011658 
300.000000 5 5.000000 181.000000 7.000000 a 153.639191 378.885193 170.836182 475.870789 378.251251 317.157684 152.505737 368.241760 415.422668 196.654526 260.163422 429.302917 347.040344 273.892303 222.497192 
300.000000 2 4.000000 254.000000 145.000000 a 60.876926 222.766693 203.666397 319.765533 225.088867 268.570282 126.099167 293.518311 263.751770 151.822266 199.624649 275.408783 238.537216 118.152443 147.329559 
300.000000 4 5.000000 1.000000 199.000000 a 197.881271 384.575104 94.873604 460.179321 346.770813 85.866173 136.124939 154.538025 459.373474 108.374352 95.524864 457.765228 492.468262 322.020172 404.120026 
300.000000 2 5.000000 169.000000 424.000000 a 265.277222 206.021851 326.671082 230.078247 149.562698 203.666397 277.050537 148.003372 287.459564 241.569870 195.887726 270.680634 416.530914 235.715927 403.291443 
300.000000 3 3.000000 27.000000 212.000000 a 175.863586 355.613556 96.301613 431.170502 317.718414 70.114189 118.511604 136.824707 430.763275 84.899940 66.573265 428.896271 467.788422 294.635376 383.301453 
300.000000 7 2.000000 294.000000 378.000000 a 239.426392 73.430237 354.464386 117.170815 18.439089 287.501312 282.028381 253.779434 154.330811 263.759369 247.832611 138.755173 293.756714 137.480911 307.065125 
300.000000 5 3.000000 49.000000 417.000000 a 295.575714 317.971710 298.015106 350.241333 262.408081 137.480911 278.442108 69.354164 401.322815 234.795654 172.386200 386.839752 511.649292 322.051239 474.511322 
300.000000 7 3.000000 175.000000 191.000000 a 36.891735 237.255142 142.523682 327.562195 217.002304 177.158127 62.369865 205.761993 300.592743 66.007576 108.226616 304.566895 318.416382 154.042206 238.371552 
300.000000 4 4.000000 215.000000 77.000000 a 85.375641 301.121246 168.324097 398.076630 301.081390 280.871857 113.569359 321.512054 339.988220 154.935471 216.020828 352.841339 289.456390 196.420471 174.232605 
300.000000 4 3.000000 381.000000 41.000000 a 220.809875 301.877472 338.119812 389.416229 331.593109 431.561127 275.481384 457.351074 296.141846 310.137054 362.840179 318.943573 163.465591 211.009476 45.705578 
300.000000 2 2.000000 282.000000 241.000000 a 118.869675 126.400162 260.353607 222.283600 125.319588 262.225098 178.877060 262.771759 182.704681 180.360748 199.123077 188.217957 224.722046 38.052597 188.345428 
300.000000 2 5.000000 339.000000 91.000000 a 159.677795 251.718094 288.362610 344.268799 274.987274 369.238403 219.093582 392.756927 260.775757 250.401672 300.308167 280.515594 168.252792 153.182892 50.249378 
300.000000 12 2.000000 382.000000 188.000000 a 189.084641 155.858917 337.136475 242.596375 191.708115 371.102417 256.826782 375.765900 154.693237 273.007324 304.960663 175.000000 113.265175 82.879433 102.239914 
300.000000 3 5.000000 347.000000 117.000000 a 157.965179 225.268723 295.006775 317.290100 250.379715 363.594543 221.472351 382.604248 233.734894 248.943771 294.715118 253.331802 151.528870 128.860382 52.201534 
300.000000 7 3.000000 146.000000 414.000000 a 258.683197 223.892838 309.614288 253.505417 167.630539 180.424500 264.612915 123.174675 306.453918 227.035233 177.552811 290.841888 428.631531 243.961060 408.207062 
300.000000 1 1.000000 203.000000 245.000000 a 85.375641 182.849670 196.664688 269.519958 157.384872 183.763428 121.037186 191.128235 253.061264 108.908218 120.037491 253.584305 300.960144 117.017090 244.697769 
300.000000 9 2.000000 395.000000 411.000000 a 320.937683 78.294319 450.458649 19.416489 100.647903 393.732147 373.376495 358.577759 92.282173 361.437408 352.012787 65.734314 268.158539 183.980972 325.055389 
300.000000 9 4.000000 381.000000 127.000000 a 188.904739 216.226730 329.097260 303.534180 248.583984 390.114075 254.043304 404.675171 212.640549 279.200653 321.628662 234.394958 116.090485 131.061050 41.773197 
Type de surveillance de chaque endroit(target):tab[nombre de target]
a a a a a a a a a a a a a a a 