Nombre des capteurs:
20
Nombre des targets:
30
Nombre de type de surveillance:
1

Caracteristiques:
300.000000 11 3.000000 22.000000 108.000000 a 276.804993 284.007050 268.739655 188.732620 423.689758 294.151337 222.326340 410.182892 432.356323 123.320717 111.112556 512.328003 505.319702 132.003784 495.717651 239.770721 436.633728 297.833832 276.524872 302.760620 228.589157 286.127594 106.512909 464.233765 247.951614 363.064728 459.548706 326.070557 241.049789 169.434357 
300.000000 12 4.000000 99.000000 397.000000 a 399.686127 272.957886 214.263855 110.679718 349.687012 87.206650 385.659180 473.814301 210.280762 274.710754 286.027985 304.765472 299.723206 370.060791 250.283844 69.856995 176.649368 125.239769 202.632675 427.066742 415.260162 46.615448 267.366791 291.061859 67.779053 65.863495 513.183228 252.958496 229.008728 132.913513 
300.000000 8 3.000000 242.000000 325.000000 a 282.460602 132.034088 78.638412 181.033142 189.973679 72.897186 290.172363 326.791992 126.400162 221.822006 238.379944 203.708130 196.796844 318.487061 193.196793 127.062973 151.743210 34.928497 62.649822 305.602692 324.499603 114.236595 226.035400 162.049377 118.342720 169.531708 361.624115 95.482986 110.072701 203.973038 
300.000000 1 3.000000 295.000000 215.000000 a 168.026779 13.928389 53.600372 243.495377 130.602448 185.399567 190.706573 207.171432 219.276077 175.276917 191.436676 262.087769 255.001968 251.382172 284.917542 213.063370 263.751770 150.336288 65.115280 187.962769 225.470612 221.334595 188.724670 200.002502 208.331467 289.292236 245.733597 46.818798 57.000000 258.306030 
300.000000 9 4.000000 352.000000 158.000000 a 126.178444 76.026314 133.869339 317.647614 118.713943 265.753632 171.840042 127.003937 279.807068 210.447144 223.575485 301.529449 295.005096 259.855743 340.846008 292.249878 331.887024 230.054337 145.691452 135.440018 202.566040 301.942047 227.607117 236.078384 288.027771 368.803467 165.302750 109.004585 127.455872 329.830261 
300.000000 7 1.000000 278.000000 94.000000 a 49.040798 108.664619 155.193420 291.547607 214.767319 282.660583 74.813103 155.467041 341.151001 137.767914 146.239532 381.371216 374.422211 164.793808 407.082306 285.996490 382.576782 254.261673 171.143219 75.179787 107.540688 309.930634 156.438492 317.416138 285.159607 388.479095 204.570282 168.267639 127.440186 296.445618 
300.000000 1 3.000000 326.000000 303.000000 a 258.247955 107.224068 92.800865 262.230804 104.201729 158.826950 284.007050 266.692719 132.517929 253.875961 270.830200 169.094650 161.966049 339.449554 195.010254 212.595856 186.252518 121.457809 85.000000 275.261688 318.760101 200.524307 263.787781 108.811768 204.364868 245.839386 294.292358 46.486557 124.450790 283.289612 
300.000000 1 4.000000 76.000000 414.000000 a 425.846222 301.230804 242.621109 122.588745 377.641357 115.485931 409.849976 502.053772 230.867935 295.918915 306.349487 324.727570 320.031250 389.354584 265.631317 93.520050 191.324326 153.561066 231.140656 453.475464 438.717438 75.213028 287.383026 314.841217 93.295227 68.818604 541.639160 281.513763 256.602814 141.661575 
300.000000 2 1.000000 406.000000 183.000000 a 177.459854 117.545738 166.769302 358.949860 74.148499 288.211731 228.429413 128.082001 270.186981 268.128693 281.831512 273.117188 267.269531 319.164520 324.513489 325.571808 328.709595 250.503494 174.427643 180.247055 257.386871 327.612579 284.787628 208.614471 319.882782 385.379028 150.359573 121.659363 171.020462 373.755280 
300.000000 6 3.000000 329.000000 480.000000 a 434.577942 280.722290 245.393555 324.913849 241.404221 194.905106 455.449219 434.659637 51.429562 399.425842 416.058899 73.054771 71.589104 495.083832 18.027756 261.910278 72.111023 184.504745 230.592712 452.248840 490.373322 221.278107 403.744965 107.898102 251.676376 198.708328 454.138733 221.731827 280.189209 350.486816 
300.000000 9 1.000000 19.000000 42.000000 a 273.045776 314.707794 310.344971 254.017715 453.647430 353.298737 213.114990 410.274292 485.832275 150.602127 134.301895 561.281555 554.156128 108.903625 550.833008 302.630127 494.974762 353.114716 320.413788 295.332031 209.059799 348.579987 139.176147 509.354492 310.304688 427.215393 459.088226 363.803528 279.087799 235.331680 
300.000000 11 4.000000 458.000000 83.000000 a 169.858765 205.876175 263.309692 446.001129 177.341476 393.174255 231.041122 38.948685 382.498352 316.930603 326.381683 377.794922 372.538574 335.538361 434.885040 422.095947 441.418182 356.426697 274.315521 154.146042 247.951614 430.592621 335.451935 315.417175 417.800201 493.879547 37.735924 229.314194 256.561890 456.776764 
300.000000 4 1.000000 447.000000 220.000000 a 232.279999 158.028473 196.860352 389.708862 45.607018 303.222687 283.637085 163.990860 256.275238 317.245972 331.730316 241.033188 236.027542 373.180908 302.398743 349.435272 318.804016 265.198029 200.661407 233.565842 312.553986 344.383514 333.109589 180.249832 342.527374 392.404114 171.819672 141.481445 209.059799 406.872223 
300.000000 3 3.000000 481.000000 212.000000 a 250.890411 191.261597 231.659225 424.604523 76.026314 337.241760 305.499603 163.490067 282.681793 347.800232 361.807953 257.730469 253.402847 398.963654 324.353210 384.246002 346.225372 299.282471 235.586502 248.485413 332.520691 378.549866 364.123596 200.803391 377.270447 424.694000 161.027954 176.377441 243.018524 441.661621 
300.000000 9 4.000000 355.000000 256.000000 a 218.288803 84.504440 103.392456 293.218353 64.000000 205.153595 252.922913 212.313446 184.621231 247.832611 264.070068 204.570282 197.881271 322.440704 243.501541 250.856537 240.840195 167.074829 104.235313 231.657074 286.681000 246.008133 260.894623 139.463257 243.813446 298.216370 239.069031 44.102154 123.975807 311.642426 
300.000000 1 4.000000 224.000000 47.000000 a 68.000000 168.466614 201.950485 292.617493 285.842621 314.531403 14.422205 205.243759 395.591949 112.432205 112.414413 444.473846 437.388855 98.843307 462.835815 302.332611 430.267365 292.335419 217.680954 91.983696 46.000000 334.511597 129.073624 381.958099 303.922699 417.268494 254.031494 229.157150 168.582321 291.274780 
300.000000 2 2.000000 351.000000 244.000000 a 205.645325 74.060783 99.045441 290.986267 69.050705 208.019226 240.503632 202.615402 195.256241 238.270859 254.332458 217.147415 210.440018 311.178406 255.039215 250.840591 250.319794 170.017639 101.788994 219.146072 274.186066 248.338486 251.781647 152.085495 244.190506 303.415558 231.036789 42.720020 116.661903 308.663239 
300.000000 4 1.000000 299.000000 294.000000 a 247.099167 92.439171 66.468040 235.008514 125.872955 137.767914 267.525696 270.312775 140.174896 228.580399 245.595200 189.855209 182.649933 316.764893 206.050964 187.299225 186.783295 99.729637 57.140179 266.422607 302.446686 178.941330 237.693085 133.003754 179.513229 231.276886 301.811188 37.000000 99.809822 255.634506 
300.000000 12 5.000000 361.000000 106.000000 a 90.785461 119.402679 178.218964 350.435455 160.822891 312.025635 147.248093 83.815269 332.579315 217.919708 228.107437 351.950287 345.579224 246.657654 393.386566 332.031616 384.338379 277.650848 191.700287 91.065910 172.609390 346.225372 236.326050 286.471649 328.866241 416.587311 129.282639 160.962723 164.347198 359.706818 
300.000000 1 5.000000 307.000000 460.000000 a 413.272308 258.559479 219.986359 295.420044 232.723007 165.239227 431.566925 421.061768 26.019224 371.651733 388.181671 91.087868 87.572830 468.000000 43.416588 232.432785 52.497620 155.080627 204.804779 432.056702 466.444000 192.353836 375.502319 107.935165 222.182358 175.102829 443.308014 201.039795 254.530945 320.975067 
Type de surveillance de chaque endroit(target):tab[nombre de target]
a a a a a a a a a a a a a a a a a a a a a a a a a a a a a a 
Matrix of neighbour
1 1 0 1 0 0 0 0 0 0 0 0 0 0 0 0 0 0 0 0  
0 1 0 0 0 0 0 0 0 0 0 0 0 0 0 0 0 0 0 0  
0 1 1 0 0 0 0 1 0 0 0 0 0 0 0 0 0 0 0 0  
0 1 1 1 0 0 1 1 0 1 0 0 0 0 0 0 0 1 0 1  
0 0 1 1 1 0 1 0 0 0 0 0 0 0 1 0 1 1 0 0  
1 0 1 1 1 1 1 0 0 0 0 0 0 0 1 0 1 1 0 0  
0 1 1 0 0 0 1 1 0 1 0 0 0 0 0 0 0 1 0 1  
0 1 0 0 0 0 0 1 0 0 0 0 0 0 0 0 0 0 0 0  
0 0 1 1 1 1 1 0 1 0 0 0 0 0 1 1 1 1 0 1  
0 1 1 0 0 0 0 1 0 1 0 0 0 0 0 0 0 1 0 1  
1 0 0 0 0 1 0 0 0 0 1 0 0 0 0 0 0 0 0 0  
0 0 0 1 1 1 1 0 1 0 0 1 1 1 1 1 1 1 1 0  
0 0 1 1 1 1 1 0 1 1 0 0 1 0 1 1 1 1 0 1  
0 0 1 1 1 1 1 0 1 0 0 0 1 1 1 0 1 1 1 0  
0 1 1 1 0 0 1 0 0 1 0 0 0 0 1 0 0 1 0 1  
1 0 1 1 1 1 1 0 0 0 1 0 0 0 1 1 1 1 0 0  
0 1 1 1 0 0 1 0 0 1 0 0 0 0 1 0 1 1 0 1  
0 1 1 0 0 0 0 1 0 0 0 0 0 0 0 0 0 1 0 1  
0 0 1 1 1 1 1 0 1 0 0 0 1 0 1 1 1 1 1 0  
0 1 1 0 0 0 0 1 0 0 0 0 0 0 0 0 0 0 0 1  
Connect directly to BS 
0 1 1 1 0 0 1 1 0 1 0 0 0 0 1 0 1 1 0 1 
Cordinaates of sensors 
1 22.000000 108.000000
2 99.000000 397.000000
3 242.000000 325.000000
4 295.000000 215.000000
5 352.000000 158.000000
6 278.000000 94.000000
7 326.000000 303.000000
8 76.000000 414.000000
9 406.000000 183.000000
10 329.000000 480.000000
11 19.000000 42.000000
12 458.000000 83.000000
13 447.000000 220.000000
14 481.000000 212.000000
15 355.000000 256.000000
16 224.000000 47.000000
17 351.000000 244.000000
18 299.000000 294.000000
19 361.000000 106.000000
20 307.000000 460.000000
