Nombre des capteurs:
20
Nombre des targets:
15
Nombre de type de surveillance:
1

Caracteristiques:
300.000000 10 5.000000 40.000000 188.000000 a 323.542877 215.000000 248.072571 467.786285 335.001495 300.466309 262.345184 165.849335 287.987854 49.517673 74.202423 475.194702 342.476288 126.763557 209.403915 
300.000000 5 5.000000 48.000000 174.000000 a 333.568573 200.302277 240.831894 467.200165 327.258301 287.923615 252.873489 150.711639 294.232910 47.413078 59.682495 471.349121 351.069794 113.159180 217.186554 
300.000000 12 5.000000 436.000000 38.000000 a 523.071716 224.982224 215.034882 360.671600 161.003113 123.369362 178.103897 274.083923 431.394257 444.855042 352.978760 280.174957 504.025787 298.939789 429.634735 
300.000000 11 4.000000 29.000000 499.000000 a 137.615402 476.538574 400.132477 440.728943 465.896973 513.951355 439.496307 441.470276 210.791367 347.761414 362.816772 506.205505 178.404037 393.086517 185.396866 
300.000000 6 1.000000 246.000000 111.000000 a 383.438385 62.128899 93.021500 356.809479 149.723083 80.950600 68.410522 87.091904 302.036407 243.476898 150.442673 322.504272 378.017181 97.015465 267.927216 
300.000000 3 2.000000 465.000000 336.000000 a 334.516083 375.150635 226.920685 62.393909 174.071823 300.421356 246.402115 395.030365 255.562119 494.506836 413.769257 42.201897 298.939789 379.138489 311.173584 
300.000000 7 1.000000 402.000000 387.000000 a 255.923813 379.056732 224.153961 57.070133 201.814270 324.075623 255.264572 388.629639 182.718369 460.479095 389.030853 123.227432 219.146072 363.521667 248.163254 
300.000000 10 2.000000 61.000000 470.000000 a 106.212051 437.860718 357.358368 403.476135 422.711487 472.085785 397.001251 404.594849 170.188126 322.721252 329.200562 465.966736 146.986389 356.294830 142.425415 
300.000000 3 3.000000 449.000000 334.000000 a 321.236664 363.034424 213.356506 64.629715 164.575211 291.137421 234.439758 381.681793 240.973022 478.929016 398.724213 55.036350 286.309265 364.804047 295.426819 
300.000000 7 5.000000 398.000000 294.000000 a 301.144470 299.701508 148.660690 120.066650 109.444046 234.093994 171.711975 317.039429 212.727524 416.926849 334.965668 102.420700 271.532684 300.108307 252.606415 
300.000000 3 4.000000 268.000000 383.000000 a 144.958618 328.803894 190.055252 190.591187 223.304718 313.019165 232.215424 320.975067 55.226807 349.292145 293.531952 241.960739 120.569481 283.704071 114.756264 
300.000000 7 5.000000 120.000000 396.000000 a 101.074226 349.332214 262.731812 338.005920 329.705933 378.005280 302.405365 320.178070 102.259476 269.317657 253.870041 388.414734 125.896782 272.655457 48.104053 
300.000000 2 2.000000 344.000000 7.000000 a 511.003906 141.873184 195.205017 407.279999 182.649933 71.867935 152.486069 192.937820 423.265869 367.789337 280.215973 341.234528 499.168304 227.068268 403.059540 
300.000000 8 1.000000 490.000000 408.000000 a 333.256653 446.189423 294.278778 33.526108 249.130493 375.686035 318.001587 462.456482 269.029724 547.532654 472.340973 97.416634 293.819672 442.367493 338.008881 
300.000000 8 4.000000 281.000000 186.000000 a 321.286469 144.533737 10.630146 276.175659 94.005318 117.953384 38.078865 157.813187 233.828995 277.093842 187.010696 251.294647 309.962891 144.506058 217.267120 
300.000000 5 2.000000 345.000000 111.000000 a 415.530975 142.804062 100.687637 308.444489 81.706795 45.803928 61.554855 182.822311 325.541077 341.470337 248.072571 252.420288 400.524658 195.501923 315.601013 
300.000000 12 1.000000 52.000000 127.000000 a 376.665649 173.850510 245.326309 488.136261 328.525482 271.228699 249.359177 122.772148 331.339691 52.354561 49.648766 483.389069 391.950256 98.020409 257.497559 
300.000000 10 2.000000 11.000000 9.000000 a 501.551605 207.125565 333.097595 592.562256 405.191315 313.805664 322.888519 169.162643 454.432617 143.087387 160.312195 573.888489 516.623657 181.044189 382.167511 
300.000000 3 3.000000 284.000000 316.000000 a 206.939606 266.895111 122.065559 192.353836 157.867035 244.376755 163.783386 265.198029 114.825958 322.769257 253.286392 215.058136 187.536667 233.317383 137.295303 
300.000000 4 4.000000 223.000000 457.000000 a 63.953106 398.151978 270.913269 242.293213 309.845123 394.606140 313.600067 382.423859 45.044422 374.318054 337.597382 312.237091 34.000000 339.930878 116.017242 
Type de surveillance de chaque endroit(target):tab[nombre de target]
a a a a a a a a a a a a a a a 