Nombre des capteurs:
20
Nombre des targets:
15
Nombre de type de surveillance:
1

Caracteristiques:
300.000000 12 4.000000 51.000000 39.000000 a 337.146851 321.753021 61.522354 330.764252 233.548706 436.953094 255.665802 304.599731 403.271606 238.102921 331.868958 120.602654 317.370453 483.770599 87.321243 
300.000000 11 3.000000 36.000000 475.000000 a 142.523682 568.031677 375.704681 158.619034 487.754028 103.310211 233.940170 179.025131 288.258575 246.434570 428.789001 486.951752 150.880753 200.302277 480.485168 
300.000000 9 3.000000 269.000000 397.000000 a 143.178207 393.711823 363.743042 133.150284 342.328796 147.648224 169.118301 144.474915 50.000000 185.151291 228.816513 404.085388 157.492859 94.921021 416.524902 
300.000000 9 5.000000 39.000000 254.000000 a 144.461075 408.727295 155.293274 145.664001 315.635864 235.306183 116.558998 127.200630 279.658722 110.018181 319.001556 279.084229 124.197426 304.356689 266.390686 
300.000000 4 2.000000 1.000000 477.000000 a 168.772034 590.966187 381.435455 185.151291 508.107269 138.361847 255.000000 203.000000 321.253784 265.979309 456.329926 499.396637 174.091934 235.172272 490.539490 
300.000000 11 3.000000 447.000000 490.000000 a 340.958954 478.909180 550.130920 332.737122 464.536316 308.857574 364.606628 345.305664 198.979904 378.893127 321.959625 559.156494 357.022400 211.037918 579.699951 
300.000000 4 2.000000 468.000000 263.000000 a 354.594147 264.068176 440.283997 339.281586 277.704865 387.113678 314.159210 333.793335 193.383041 319.076782 142.562271 395.790344 359.439850 321.796509 425.029419 
300.000000 11 1.000000 314.000000 117.000000 a 311.006439 115.602768 255.566040 295.269379 68.876701 391.311890 223.463638 274.404816 240.468292 215.745224 75.179787 184.200974 303.066010 377.153809 215.076736 
300.000000 11 4.000000 8.000000 286.000000 a 145.609070 452.611298 192.865234 151.647614 359.912476 223.432312 146.577621 140.089264 299.536316 144.156158 357.173615 321.995331 127.632286 303.288635 307.657288 
300.000000 9 1.000000 421.000000 210.000000 a 331.531281 199.123077 378.343750 315.356934 206.867111 381.540314 274.331909 304.630920 191.031418 275.862274 75.960518 325.779053 332.453003 332.266449 355.718994 
300.000000 7 5.000000 455.000000 415.000000 a 329.514801 406.562408 506.004944 318.328461 398.548615 320.249908 332.813751 325.301392 166.433167 344.843445 254.654663 500.224945 342.420807 230.221634 523.351685 
300.000000 12 3.000000 20.000000 179.000000 a 217.313141 387.489349 88.102211 215.796204 291.671051 311.616760 163.682617 193.499359 330.945618 150.233154 330.024231 227.019821 196.725693 375.373138 207.234161 
300.000000 9 2.000000 302.000000 445.000000 a 189.770920 433.686523 421.988159 182.603394 390.415161 164.477966 226.909668 197.853485 88.051125 243.166611 266.360657 459.288574 206.651886 77.698135 472.992615 
300.000000 4 5.000000 34.000000 37.000000 a 343.402100 338.591187 67.779053 337.733612 250.647156 442.634155 264.756500 311.926270 415.481659 247.358047 348.097687 136.565002 323.371307 492.346436 102.459747 
300.000000 11 5.000000 488.000000 497.000000 a 381.812775 493.817780 584.508362 373.250580 486.805908 350.287018 402.159180 385.094788 235.204163 415.935089 342.986877 586.619141 397.573883 252.239960 608.685486 
300.000000 1 1.000000 348.000000 54.000000 a 382.007843 44.102154 292.638000 366.394592 64.007813 462.871460 292.569641 345.000000 306.936462 283.557739 129.015503 187.256516 373.451477 446.282410 222.685883 
300.000000 10 3.000000 158.000000 340.000000 a 39.623226 387.459686 259.617035 23.345236 311.610321 128.413391 67.119293 19.723083 142.021118 84.480766 248.018143 334.121246 40.024994 165.529449 337.083069 
300.000000 9 3.000000 30.000000 258.000000 a 147.248093 418.383789 160.639343 149.482437 325.153809 235.715927 124.903961 132.306458 286.639160 119.016808 328.671570 286.832703 127.287079 307.278381 273.344116 
300.000000 10 5.000000 479.000000 49.000000 a 472.889008 111.682587 423.085083 456.544617 195.092285 538.817200 394.716339 439.550903 356.740814 389.549744 186.002686 314.949188 468.614990 500.018005 350.897430 
300.000000 12 4.000000 366.000000 284.000000 a 251.113525 267.067413 357.917603 235.594986 243.238571 291.578461 212.285187 229.654083 99.085823 218.798996 102.259476 341.884491 255.409470 240.216568 365.547546 
Type de surveillance de chaque endroit(target):tab[nombre de target]
a a a a a a a a a a a a a a a 