Nombre des capteurs:
20
Nombre des targets:
15
Nombre de type de surveillance:
1

Caracteristiques:
300.000000 5 4.000000 37.000000 324.000000 a 354.132751 364.226593 154.673843 359.254791 386.874664 381.293854 175.316849 199.859955 101.833199 159.906219 176.408615 339.436310 81.706795 342.614929 261.400085 
300.000000 4 1.000000 68.000000 494.000000 a 499.604858 466.255310 111.664673 477.419098 486.728882 349.748474 154.029221 192.210815 107.540688 94.302704 346.521271 421.390564 112.058022 386.256378 327.794128 
300.000000 7 3.000000 5.000000 111.000000 a 226.364746 326.006134 347.086456 292.350830 346.244141 503.001007 348.127838 353.424683 302.788696 358.860687 57.489128 341.672363 289.006927 395.904022 315.735657 
300.000000 9 2.000000 417.000000 42.000000 a 208.753448 109.018349 463.214844 126.126923 86.556343 370.109436 425.699432 392.983459 467.822601 482.329773 382.962128 151.449661 544.301392 219.456146 245.605377 
300.000000 7 1.000000 119.000000 259.000000 a 260.416962 259.699829 168.881622 255.344864 282.391571 327.001526 162.791275 166.712326 136.297470 183.991852 131.228806 238.075623 180.069427 254.007874 169.189240 
300.000000 4 4.000000 113.000000 292.000000 a 293.492767 284.627838 138.520752 283.985901 307.050476 318.472931 137.637207 147.756561 103.043678 152.610611 157.581726 257.186707 151.327454 262.345184 179.738693 
300.000000 9 5.000000 147.000000 225.000000 a 219.246429 217.513214 199.160736 211.435562 240.301895 321.076324 184.816132 179.780426 173.979889 216.002319 124.631454 200.848206 224.109344 228.254242 143.377121 
300.000000 2 3.000000 253.000000 16.000000 a 43.011627 121.379570 419.604584 71.610054 127.781059 425.254028 392.611755 370.912384 405.080231 438.262482 242.981476 179.980560 456.039459 269.222961 237.592087 
300.000000 8 5.000000 15.000000 177.000000 a 253.513306 323.233673 283.917236 298.343750 345.162292 457.901733 288.466644 297.699524 237.800339 294.715118 44.687805 326.024536 223.143448 366.829651 282.851563 
300.000000 3 3.000000 67.000000 153.000000 a 198.728455 267.641541 284.929810 241.298569 289.276672 428.207886 280.850494 282.646423 245.790558 298.638580 18.681541 274.728943 254.182999 323.190338 241.754013 
300.000000 2 5.000000 237.000000 286.000000 a 272.341705 200.412079 160.524139 219.790817 219.863602 212.407623 125.936493 100.498756 167.361877 179.738693 233.212357 153.574081 256.702148 139.057541 61.854668 
300.000000 1 3.000000 489.000000 381.000000 a 460.214081 314.559998 336.756592 363.159760 314.853943 86.729462 296.892242 262.047699 379.258484 348.208282 497.884521 255.280243 482.374329 169.799881 239.376266 
300.000000 2 4.000000 125.000000 332.000000 a 328.198120 303.586884 96.767761 308.972504 325.318298 294.090118 99.035347 115.412308 64.761101 111.004501 199.077881 268.210724 136.191040 259.092651 182.016479 
300.000000 8 2.000000 65.000000 316.000000 a 334.104767 337.053406 140.584488 333.862244 359.610901 356.181122 155.331909 176.476624 90.917542 148.949661 168.760178 310.845612 102.078400 313.600067 232.279999 
300.000000 4 1.000000 172.000000 69.000000 a 66.030296 163.954269 355.406799 123.101585 181.333939 416.347198 335.657562 321.735931 331.843323 372.907501 146.184814 198.436386 369.845917 275.218109 215.824005 
300.000000 12 3.000000 344.000000 359.000000 a 369.177460 250.337769 199.864960 289.181610 261.093842 83.096329 157.562683 120.074974 236.753036 214.308182 362.692719 186.024185 339.484894 106.042442 121.655251 
300.000000 6 3.000000 5.000000 292.000000 a 344.607025 373.851563 199.809906 362.800232 396.676178 420.486633 218.833267 241.080902 147.085007 205.138977 150.572235 356.450562 108.018517 369.660645 285.954529 
300.000000 8 5.000000 165.000000 334.000000 a 322.158356 279.608643 90.553848 290.688843 300.486267 255.211670 75.392311 80.919716 82.134033 108.673820 219.207657 238.530914 171.230835 221.794952 148.384628 
300.000000 5 2.000000 228.000000 19.000000 a 18.439089 136.780853 411.526428 86.683334 146.184814 432.260345 386.587646 367.001373 394.081207 429.893005 220.639984 191.010468 440.456573 278.691589 239.633057 
300.000000 7 5.000000 28.000000 430.000000 a 453.154510 441.418182 127.141655 445.000000 463.198669 380.426086 167.035919 203.806274 89.157166 118.511604 282.780823 404.991364 36.619667 385.945587 315.659637 
Type de surveillance de chaque endroit(target):tab[nombre de target]
a a a a a a a a a a a a a a a 