Nombre des capteurs:
20
Nombre des targets:
15
Nombre de type de surveillance:
1

Caracteristiques:
300.000000 11 2.000000 32.000000 85.000000 a 266.430115 451.991150 267.899231 65.145988 347.574463 296.730530 237.993698 115.935326 302.788696 299.541321 251.286682 459.186249 370.108093 431.876129 468.625641 
300.000000 4 4.000000 155.000000 51.000000 a 185.800964 417.163025 275.065460 140.801285 220.782700 223.825821 230.312836 41.109608 318.509033 327.536255 136.014709 344.431427 276.088745 305.250702 393.909882 
300.000000 4 4.000000 417.000000 221.000000 a 143.951385 235.790161 287.835022 372.425842 202.615402 125.195847 257.099213 352.025574 316.708069 346.144470 182.570541 108.466583 38.327538 211.021332 113.635384 
300.000000 2 1.000000 248.000000 433.000000 a 242.621109 70.028564 145.773804 346.716034 428.924225 209.668793 172.235306 430.080231 128.128845 152.463104 337.817993 379.520752 258.278931 468.680054 206.305603 
300.000000 7 3.000000 235.000000 97.000000 a 103.469803 348.041656 244.616028 189.707672 157.470627 142.863571 196.163193 131.825638 289.115906 306.052277 48.000000 256.462463 184.447830 237.945374 306.276031 
300.000000 4 1.000000 335.000000 226.000000 a 68.095520 209.690247 211.177643 293.819672 206.712357 43.046486 176.773865 292.035950 244.239639 272.369232 139.086304 176.005676 47.434166 245.097946 143.178207 
300.000000 11 2.000000 206.000000 289.000000 a 119.620232 184.010864 67.955872 209.475540 314.610870 105.437187 39.812057 280.080353 105.645638 131.137329 206.864685 319.411957 190.682983 373.000000 227.495056 
300.000000 10 4.000000 233.000000 276.000000 a 94.366310 180.294205 97.754799 222.265610 289.637695 76.059189 66.189125 276.696594 133.660019 160.240448 185.852097 289.471924 160.729584 345.353455 204.401566 
300.000000 2 4.000000 440.000000 423.000000 a 283.296661 122.588745 306.740936 476.151245 405.408447 244.804001 307.722290 509.659698 307.774261 336.441681 361.835602 288.027771 220.327026 409.395905 89.677200 
300.000000 1 4.000000 321.000000 134.000000 a 73.409805 301.014954 257.775085 269.313934 123.004066 98.371742 212.896683 224.153961 298.464417 322.299561 53.037724 167.074829 97.005157 182.123581 227.297165 
300.000000 11 3.000000 498.000000 333.000000 a 262.992401 206.891281 349.070190 483.230804 333.880219 231.216354 335.059692 484.632843 362.790588 393.249298 319.250671 194.257568 169.729202 321.498047 69.007248 
300.000000 4 3.000000 351.000000 243.000000 a 90.697296 194.815292 218.387268 314.033447 221.199005 60.876926 187.882950 315.369629 248.338486 277.416656 161.058990 172.002914 43.185646 252.764709 119.854080 
300.000000 7 5.000000 104.000000 128.000000 a 183.521118 374.225861 203.049255 55.362442 289.698120 212.941299 165.462982 110.634537 243.248840 247.018219 181.664520 384.157532 288.209991 371.903198 384.786957 
300.000000 9 3.000000 370.000000 487.000000 a 309.614288 73.539108 273.426422 465.536255 464.017242 270.490295 289.214447 525.978149 261.176178 285.854858 399.586029 367.461548 276.181091 481.116425 163.981705 
300.000000 5 4.000000 66.000000 259.000000 a 220.429123 307.375977 106.667709 112.871605 388.020630 228.116196 103.368271 246.910919 130.923645 123.032516 270.800659 438.729980 317.647614 462.265076 370.666962 
300.000000 4 2.000000 226.000000 422.000000 a 235.372040 92.913940 123.065025 325.424347 425.564331 204.919495 152.846329 413.772888 103.585716 127.945297 329.960602 385.659180 261.222137 469.348480 221.253250 
300.000000 4 3.000000 492.000000 366.000000 a 277.366180 187.181732 345.324493 491.488556 362.729919 242.989716 335.931549 502.207123 355.012665 385.105194 340.649384 227.035233 191.230225 353.638245 70.661163 
300.000000 9 3.000000 337.000000 320.000000 a 141.792099 116.558998 188.095718 333.397675 299.295837 102.415817 174.416168 365.624115 205.915024 236.484665 229.444977 235.715927 117.175079 329.054718 93.059120 
300.000000 4 5.000000 144.000000 381.000000 a 230.531998 182.186722 55.226807 251.435883 425.516144 212.868500 102.610916 361.354401 13.892444 37.483330 316.191406 420.594818 290.853912 482.995850 288.849457 
300.000000 6 4.000000 160.000000 273.000000 a 141.481445 226.291840 54.129475 165.951797 329.083588 139.459671 10.630146 255.015686 98.716766 114.947815 214.720749 354.316254 228.569458 394.822754 275.829651 
Type de surveillance de chaque endroit(target):tab[nombre de target]
a a a a a a a a a a a a a a a 