Nombre des capteurs:
20
Nombre des targets:
15
Nombre de type de surveillance:
1

Caracteristiques:
300.000000 10 1.000000 30.000000 211.000000 a 363.785645 39.012817 378.112427 470.981964 442.471466 57.314919 387.262177 437.504272 447.611450 440.990936 423.330841 387.981964 191.588104 297.833832 184.439697 
300.000000 4 5.000000 107.000000 20.000000 a 476.917175 193.762741 507.607117 363.727905 507.906494 186.077942 464.562164 417.784637 537.529541 320.001556 369.720154 320.730408 235.440018 243.115204 54.589375 
300.000000 4 3.000000 260.000000 258.000000 a 202.595657 196.939072 241.466354 300.541168 227.692780 180.936447 181.705811 208.626465 254.678223 291.564758 214.709106 197.739731 50.447994 132.823196 309.433350 
300.000000 10 2.000000 76.000000 397.000000 a 229.965210 187.130966 223.617981 529.671570 344.768036 192.314850 288.173553 424.388977 324.030853 515.834290 443.843445 428.077087 224.200806 354.419250 369.716095 
300.000000 7 1.000000 363.000000 172.000000 a 292.318329 296.445618 338.634033 167.600723 254.466110 277.965820 235.002121 120.066650 306.192749 165.846313 88.119240 63.655323 151.921036 55.000000 341.812805 
300.000000 7 2.000000 409.000000 204.000000 a 276.278839 340.052948 324.007721 172.168518 216.279907 322.001556 207.927872 64.404968 273.660370 185.873611 61.619801 76.000000 189.282852 111.018013 397.129700 
300.000000 10 3.000000 21.000000 400.000000 a 282.803833 195.969391 272.611450 573.628784 399.500946 205.866455 343.071411 476.592072 376.948273 556.773743 492.549500 473.843842 265.096222 396.137604 373.373810 
300.000000 4 3.000000 21.000000 107.000000 a 446.350769 113.635384 467.097412 453.538300 507.119324 118.152443 455.685211 463.185699 522.552368 415.427490 432.020844 388.567871 232.725159 299.713196 85.234970 
300.000000 5 5.000000 31.000000 94.000000 a 450.619568 122.065559 472.822388 441.952484 507.540161 124.326187 457.009857 457.318268 524.947632 403.039703 423.859650 379.526031 231.352539 291.494415 69.570107 
300.000000 5 5.000000 406.000000 256.000000 a 228.177567 340.124969 276.061584 222.407288 164.596481 323.051086 156.732254 65.551506 221.578430 237.928558 107.424393 128.035156 187.416641 145.801239 420.229706 
300.000000 12 2.000000 290.000000 92.000000 a 365.087646 250.529434 407.276306 186.550262 352.822906 232.331665 323.575348 225.674545 397.775055 155.235306 173.078018 124.326187 150.721603 55.226807 245.489304 
300.000000 3 5.000000 227.000000 236.000000 a 232.124969 160.124954 267.344360 310.319183 266.655212 143.391068 219.111847 240.033325 290.946716 295.108459 236.247757 211.631760 11.661903 133.689941 271.182587 
300.000000 11 3.000000 187.000000 99.000000 a 374.813293 162.003082 409.565613 288.487427 396.648468 145.725769 355.236542 309.982269 429.060608 252.982208 269.536652 223.886139 131.472427 137.927521 151.647614 
300.000000 4 3.000000 100.000000 133.000000 a 379.710419 83.006027 405.685852 380.788666 429.847656 73.164200 380.489166 380.118408 449.928894 346.301880 350.891724 309.040436 152.610611 219.082184 115.039124 
300.000000 9 3.000000 70.000000 66.000000 a 452.620148 144.003479 479.076202 400.660706 497.811218 140.035706 450.241058 430.308044 520.884827 360.080536 390.978271 344.622986 220.002274 259.480255 41.629318 
300.000000 4 4.000000 226.000000 237.000000 a 231.482178 159.304733 266.542694 311.724243 266.692719 142.635895 218.961182 241.051865 290.681946 296.521515 237.522629 213.002350 12.083046 135.103668 271.311615 
300.000000 11 1.000000 27.000000 6.000000 a 526.157776 208.278656 551.863220 444.542450 570.828369 207.848495 523.803406 494.647339 594.651184 400.211182 449.480804 401.008728 293.318939 320.862885 34.058773 
300.000000 4 4.000000 472.000000 483.000000 a 175.931808 486.762787 197.648682 440.004547 81.688431 474.877869 132.060593 251.049789 82.219215 466.177002 325.743774 360.546814 359.235291 376.490387 618.535339 
300.000000 11 2.000000 117.000000 41.000000 a 453.670593 175.684372 484.487366 353.005676 485.231903 166.721329 441.548401 398.724213 514.417175 310.779663 352.956085 304.685089 212.228653 224.517258 65.306969 
300.000000 12 1.000000 370.000000 144.000000 a 321.174408 308.150940 367.491486 142.130219 280.492432 289.499573 263.068420 130.969467 333.600067 137.382675 81.215759 42.154476 170.073517 51.244511 337.557404 
Type de surveillance de chaque endroit(target):tab[nombre de target]
a a a a a a a a a a a a a a a 
Matrix of neighbour
1 0 0 1 0 0 1 0 0 0 0 0 0 0 0 0 0 0 0 0  
1 1 1 0 1 0 0 1 1 0 1 1 1 1 1 1 0 0 1 1  
1 0 1 1 0 0 1 0 0 0 0 1 0 0 0 1 0 0 0 0  
0 0 0 1 0 0 0 0 0 0 0 0 0 0 0 0 0 0 0 0  
0 0 1 0 1 0 0 0 0 1 0 1 1 1 0 1 0 0 0 0  
0 0 1 0 1 1 0 0 0 1 1 1 1 0 0 1 0 0 0 0  
0 0 0 1 0 0 1 0 0 0 0 0 0 0 0 0 0 0 0 0  
1 0 1 1 0 0 1 1 0 0 0 1 0 1 0 1 0 0 0 0  
1 0 1 0 0 0 0 1 1 0 0 1 1 1 0 1 0 0 0 0  
0 0 1 0 0 0 0 0 0 1 0 1 1 0 0 1 0 0 0 0  
1 0 1 0 1 0 0 1 1 1 1 1 1 1 1 1 0 0 1 0  
1 0 0 1 0 0 1 0 0 0 0 1 0 0 0 1 0 0 0 0  
1 0 1 0 0 0 0 1 0 0 0 1 1 1 0 1 0 0 0 0  
1 0 1 1 0 0 1 0 0 0 0 1 0 1 0 1 0 0 0 0  
1 0 1 0 0 0 0 1 1 0 0 1 1 1 1 1 0 0 0 0  
1 0 0 1 0 0 1 0 0 0 0 0 0 0 0 1 0 0 0 0  
1 1 0 0 0 0 0 1 1 0 1 0 1 1 1 0 1 0 1 0  
0 0 0 0 0 1 0 0 0 1 0 0 0 0 0 0 0 1 0 0  
1 0 1 0 1 0 0 1 1 0 0 1 1 1 1 1 0 0 1 0  
0 0 1 0 1 1 0 0 0 1 1 1 1 1 0 1 0 0 1 1  
Connect directly to BS 
1 0 1 1 0 0 1 0 0 0 0 1 0 1 0 1 0 0 0 0 
Cordinaates of sensors 
1 30.000000 211.000000
2 107.000000 20.000000
3 260.000000 258.000000
4 76.000000 397.000000
5 363.000000 172.000000
6 409.000000 204.000000
7 21.000000 400.000000
8 21.000000 107.000000
9 31.000000 94.000000
10 406.000000 256.000000
11 290.000000 92.000000
12 227.000000 236.000000
13 187.000000 99.000000
14 100.000000 133.000000
15 70.000000 66.000000
16 226.000000 237.000000
17 27.000000 6.000000
18 472.000000 483.000000
19 117.000000 41.000000
20 370.000000 144.000000
