Nombre des capteurs:
20
Nombre des targets:
15
Nombre de type de surveillance:
1

Caracteristiques:
300.000000 10 3.000000 50.000000 165.000000 a 106.254410 227.705948 172.884354 88.684837 401.676483 474.654602 381.257141 407.671448 183.010925 480.401917 113.899078 331.187256 87.281158 332.340179 208.626465 
300.000000 12 3.000000 104.000000 444.000000 a 315.520203 203.295349 189.214157 195.780487 226.179138 330.000000 251.065735 260.693298 109.178749 367.642487 203.081268 52.497620 197.850952 50.487621 289.171234 
300.000000 7 3.000000 112.000000 434.000000 a 304.507813 190.507217 176.776703 188.047867 218.826416 322.155243 241.549164 252.160660 104.861816 358.615387 192.150986 64.621979 189.264359 61.846584 276.463379 
300.000000 1 1.000000 483.000000 217.000000 a 342.708344 255.266525 303.216095 423.532776 281.256104 232.228333 224.828827 239.635132 450.468658 183.534744 350.964386 482.445862 407.181763 475.105255 227.793762 
300.000000 3 5.000000 129.000000 51.000000 a 83.934502 264.916962 228.954147 213.138458 449.449677 497.467590 412.780823 441.702393 306.819153 487.238129 192.041656 444.893250 203.747391 444.154266 194.262711 
300.000000 1 3.000000 21.000000 468.000000 a 360.272125 280.178528 254.795990 218.689270 309.363861 413.696747 337.136475 345.684814 123.939499 453.131317 251.334442 71.867935 227.015411 80.324341 357.945526 
300.000000 5 4.000000 282.000000 374.000000 a 275.181763 92.590500 140.035706 251.956345 92.439171 167.343964 73.389374 96.566040 231.464905 188.798828 198.398590 228.114014 240.626266 220.510773 177.910095 
300.000000 6 5.000000 102.000000 332.000000 a 205.915024 142.720001 101.833199 89.005615 258.118195 350.382660 257.856537 278.016174 52.497620 373.246582 94.244362 162.603806 87.641312 162.077148 204.137207 
300.000000 3 1.000000 483.000000 458.000000 a 465.295593 295.113525 350.754913 469.157745 153.081680 50.960770 144.585617 123.490891 444.815704 59.665737 410.761475 396.637115 457.095184 387.675110 345.150696 
300.000000 11 1.000000 6.000000 448.000000 a 347.679443 280.401489 250.331787 202.608002 324.038574 428.018677 348.462341 358.738068 110.072701 465.481476 241.151398 94.021271 212.228653 101.965683 353.553406 
300.000000 5 3.000000 247.000000 58.000000 a 121.210564 234.136719 223.761032 269.482849 403.626068 428.911407 356.506653 385.198639 349.463867 407.735199 217.303940 464.087280 254.950974 461.081329 140.288986 
300.000000 9 5.000000 12.000000 56.000000 a 158.420334 327.452301 277.521179 203.002457 508.658051 573.260864 482.255127 509.965698 294.726990 572.000854 222.733017 444.544708 202.704224 446.171478 282.311890 
300.000000 5 1.000000 1.000000 416.000000 a 321.179077 268.365417 233.034332 173.692261 331.074005 433.904358 350.412628 363.111542 85.000000 468.273438 217.607437 116.846054 184.390884 123.693169 335.483246 
300.000000 11 5.000000 379.000000 183.000000 a 233.634323 177.428864 213.859772 325.613281 274.410278 266.732086 217.807251 242.464432 366.270386 234.923386 253.211380 425.913147 308.915833 419.815430 123.911255 
300.000000 4 3.000000 491.000000 189.000000 a 344.744843 272.237030 317.320038 434.736694 309.220001 261.292938 252.388596 268.001862 466.906830 212.143814 362.049713 505.404785 418.182983 498.257965 235.172272 
300.000000 11 4.000000 348.000000 486.000000 a 405.123444 222.524155 268.212616 369.672821 37.589893 95.707886 87.051712 63.063461 326.588440 148.448639 324.459564 260.123047 360.672974 251.127457 302.337555 
300.000000 5 2.000000 193.000000 365.000000 a 236.755142 86.284416 92.347168 173.112686 162.828125 253.617828 161.616837 181.220856 142.021118 278.210358 135.955872 166.330994 164.757401 160.801117 178.488098 
300.000000 2 4.000000 49.000000 420.000000 a 305.529053 229.093872 200.262329 167.430588 282.931091 385.747314 302.729248 315.039673 72.062469 420.475922 195.920898 83.648071 174.264160 88.204308 303.534180 
300.000000 5 2.000000 451.000000 208.000000 a 309.476990 228.035080 273.826599 392.587555 273.250793 236.611496 215.594528 233.790512 422.848663 192.841904 319.920288 462.130920 376.132965 455.095581 195.256241 
300.000000 6 3.000000 76.000000 270.000000 a 157.063675 164.477966 109.041275 22.671568 313.057495 398.045227 303.753204 327.061157 81.608826 413.943237 63.071388 224.321198 22.022715 224.982224 193.865936 
Type de surveillance de chaque endroit(target):tab[nombre de target]
a a a a a a a a a a a a a a a 