Nombre des capteurs:
20
Nombre des targets:
15
Nombre de type de surveillance:
1

Caracteristiques:
300.000000 12 1.000000 42.000000 62.000000 a 294.592926 375.623474 41.194660 127.941391 365.920746 39.357338 180.427277 503.015900 557.096924 61.717098 305.895416 262.480469 208.626465 254.662521 107.670792 
300.000000 7 3.000000 96.000000 321.000000 a 51.865211 251.733994 304.138123 324.410248 235.187164 235.287064 318.692627 349.044403 385.206451 315.074585 252.049591 18.027756 278.743622 374.553070 165.710587 
300.000000 2 1.000000 93.000000 117.000000 a 227.035233 302.312744 106.887794 130.648376 292.027405 71.840103 154.841858 429.302917 482.743195 112.378822 237.255142 205.548050 158.672623 228.265198 81.688431 
300.000000 4 3.000000 85.000000 35.000000 a 308.883484 360.001404 41.436699 77.388626 352.210175 86.977005 134.238586 487.517181 543.769226 31.764761 282.718933 287.085358 172.351379 206.980682 144.848190 
300.000000 7 3.000000 118.000000 37.000000 a 302.208527 335.466827 73.756355 50.931328 328.671570 111.516815 101.493843 462.467285 519.572876 56.603886 255.195999 287.793335 140.577377 174.957138 158.644257 
300.000000 1 2.000000 391.000000 358.000000 a 246.811676 87.132080 482.279999 427.120605 92.763138 450.344299 373.021454 51.788029 99.488693 475.649017 176.705963 315.063477 305.063934 372.247223 407.482513 
300.000000 6 4.000000 87.000000 276.000000 a 84.899940 258.123993 258.275055 282.311890 242.348923 189.763016 281.824402 366.477844 407.659180 269.536652 241.919403 46.872166 248.169296 342.023376 121.235306 
300.000000 3 2.000000 273.000000 139.000000 a 236.611496 161.891937 255.837845 180.812057 160.112457 252.517319 124.338249 283.804504 342.854187 242.142517 73.006851 267.421021 56.364883 139.917831 244.844849 
300.000000 2 2.000000 474.000000 47.000000 a 439.228882 269.833282 428.789001 322.158356 282.115234 452.769257 255.783112 321.596008 374.048126 405.975372 218.552048 482.121368 228.705048 190.876923 460.456299 
300.000000 5 5.000000 313.000000 172.000000 a 236.177902 116.481758 306.740936 232.086197 118.088951 298.573273 172.803360 233.807617 293.301880 293.724365 26.172504 278.792023 105.603027 173.666351 283.015900 
300.000000 2 2.000000 476.000000 124.000000 a 394.153534 206.787323 442.164001 343.402100 220.984161 452.805695 274.696198 245.367065 297.107727 422.522186 176.283859 444.531219 229.836899 224.376923 448.264435 
300.000000 10 3.000000 243.000000 403.000000 a 117.596771 156.732254 429.805756 410.542328 142.800568 376.293762 376.765167 202.230072 225.718857 432.140015 217.609741 183.809677 315.057129 405.616821 316.425354 
300.000000 9 3.000000 145.000000 37.000000 a 301.000000 317.819122 100.284592 36.400551 312.025635 135.059250 74.672615 443.969604 501.781830 80.777473 234.865921 292.769531 115.831772 148.677505 175.068558 
300.000000 11 1.000000 144.000000 262.000000 a 76.006577 202.200394 260.163422 260.232574 186.959885 204.022064 246.677933 315.957275 360.911346 265.520233 183.521118 89.196411 203.226471 299.447815 147.122391 
300.000000 1 4.000000 277.000000 378.000000 a 137.927521 116.017242 425.217590 395.297363 103.077644 378.113739 355.759766 165.366257 195.780487 424.841156 184.176544 206.729294 291.348602 378.190430 323.558350 
300.000000 8 4.000000 345.000000 296.000000 a 204.362427 12.000000 406.233917 350.051422 17.464249 377.679749 297.047119 120.208153 175.368179 398.931061 102.200783 268.262939 229.085144 301.250732 339.638031 
300.000000 5 3.000000 17.000000 103.000000 a 267.598572 374.626495 86.977005 171.011688 363.235474 9.219544 215.824005 500.320892 551.837830 109.658562 313.729187 227.336761 232.484406 290.848755 67.268120 
300.000000 4 5.000000 492.000000 347.000000 a 347.116699 159.931229 552.441833 482.279999 173.011566 530.588379 420.629303 53.851646 77.794601 541.926208 230.601395 414.754150 355.147858 402.017426 495.104034 
300.000000 6 4.000000 312.000000 273.000000 a 179.203796 34.785053 366.415070 313.193237 23.345236 337.520355 262.992401 160.424438 215.034882 359.610901 75.106590 239.075302 195.432846 273.967163 300.566132 
300.000000 8 2.000000 13.000000 471.000000 a 187.384628 381.041992 451.208374 490.025513 364.664215 374.161743 489.460938 441.426086 457.739014 467.487976 407.845551 162.560760 449.872192 545.909363 302.478088 
Type de surveillance de chaque endroit(target):tab[nombre de target]
a a a a a a a a a a a a a a a 