Nombre des capteurs:
20
Nombre des targets:
15
Nombre de type de surveillance:
1

Caracteristiques:
300.000000 10 2.000000 20.000000 233.000000 a 304.170990 244.989792 403.897278 465.181671 451.957977 452.216766 301.716766 250.599289 195.920898 445.539001 433.349731 314.033447 405.028381 474.788361 318.521576 
300.000000 11 1.000000 167.000000 250.000000 a 159.154007 259.140900 270.963104 322.024841 313.081451 306.571350 170.988297 102.771591 235.255188 297.672638 315.039673 171.303818 283.637085 335.335663 178.353577 
300.000000 6 1.000000 84.000000 362.000000 a 235.586502 122.429573 299.666473 435.289551 434.079498 413.513000 304.699860 206.167404 321.972046 390.978271 450.831451 237.305710 287.111481 454.859314 303.422150 
300.000000 6 5.000000 239.000000 179.000000 a 151.818970 357.229614 278.212158 244.165924 227.378540 236.408539 76.157730 94.556862 226.812698 242.705582 214.972092 170.000000 307.514221 250.353745 98.005104 
300.000000 9 2.000000 481.000000 232.000000 a 184.743057 502.738495 214.366516 44.045429 79.624115 15.811388 182.386948 216.189728 463.211609 41.629318 186.681549 188.820023 266.326874 79.309517 150.153259 
300.000000 9 1.000000 352.000000 72.000000 a 242.002060 510.024506 348.969910 174.977142 139.617340 189.760376 97.169952 214.161148 294.635376 227.481873 65.734314 259.110016 393.000000 158.294037 122.053268 
300.000000 4 1.000000 140.000000 413.000000 a 201.692841 117.046997 238.102921 410.212128 415.579102 384.525696 305.668121 192.665512 380.716431 354.153931 450.457550 197.729614 218.284225 434.400726 294.645538 
300.000000 10 5.000000 480.000000 245.000000 a 178.639297 495.649078 202.556168 57.078892 92.227982 27.202942 186.935822 213.354172 467.821533 29.681644 198.595062 181.595703 254.527008 92.347168 153.101273 
300.000000 5 2.000000 497.000000 471.000000 a 243.082291 455.039551 129.468140 283.346069 318.611053 253.237045 360.494110 305.360443 613.794739 203.690948 421.849487 227.701553 145.124084 318.127319 321.255341 
300.000000 11 4.000000 413.000000 218.000000 a 135.830780 452.462158 205.009750 76.157730 82.462112 59.008472 115.104301 153.707520 395.784027 72.835434 161.027954 145.454468 254.420914 99.247169 80.956779 
300.000000 8 3.000000 195.000000 302.000000 a 119.339851 232.452148 217.745270 309.741821 307.902588 289.167786 183.861359 80.112419 294.307648 270.896667 329.948486 126.905479 226.313934 328.709595 178.218964 
300.000000 9 5.000000 451.000000 76.000000 a 272.018372 572.784424 351.660339 116.481758 79.246452 144.533737 162.077148 265.966156 393.559387 194.435074 39.824615 285.364685 401.400055 85.428329 164.054871 
300.000000 9 5.000000 146.000000 191.000000 a 206.455811 304.322205 325.983124 337.013367 321.138611 327.200256 169.673218 144.803314 173.404160 327.665985 301.423279 221.298447 342.800232 344.104645 190.010529 
300.000000 10 4.000000 210.000000 358.000000 a 114.127121 205.876175 179.075409 321.603790 326.559326 296.588928 222.301590 106.230881 351.126770 268.812195 364.742371 112.791847 177.800446 345.411346 207.607803 
300.000000 3 2.000000 359.000000 447.000000 a 143.251526 318.416382 33.015148 287.153259 311.584656 254.466110 289.675690 199.912476 504.812836 205.800873 394.143372 124.595345 19.313208 321.056061 255.039215 
300.000000 11 2.000000 223.000000 363.000000 a 104.809349 213.908859 165.148422 313.408691 319.757721 287.640411 221.142487 104.216118 361.358551 258.321503 361.780334 101.843018 164.453644 338.119812 204.129868 
300.000000 10 1.000000 385.000000 269.000000 a 82.492424 401.139618 151.162170 127.141655 140.089264 100.344406 129.799850 117.000000 397.819061 79.006332 214.254517 89.196411 198.758652 155.128983 90.426765 
300.000000 10 1.000000 434.000000 456.000000 a 188.215302 392.562103 66.573265 272.442657 303.586884 240.027084 318.851074 250.049988 559.329956 188.403824 399.405823 171.330093 82.492424 307.774261 280.665283 
300.000000 8 2.000000 333.000000 149.000000 a 163.110397 438.480316 274.710754 154.987091 132.094666 155.630966 23.323807 136.473434 294.516541 178.331146 123.907227 180.543625 316.570679 155.051605 44.102154 
300.000000 10 3.000000 17.000000 447.000000 a 326.657318 39.051247 362.008301 533.138794 535.306458 508.929260 411.596893 307.709290 408.166626 480.768127 557.943542 324.234497 335.483246 555.226990 407.770782 
Type de surveillance de chaque endroit(target):tab[nombre de target]
a a a a a a a a a a a a a a a 
Matrix of neighbour
1 1 1 0 0 0 1 0 0 0 1 0 0 1 0 1 0 0 0 1  
0 1 1 0 0 0 1 0 0 0 1 0 0 1 0 1 0 0 0 1  
0 0 1 0 0 0 0 0 0 0 0 0 0 0 0 0 0 0 0 0  
1 1 1 1 0 0 1 0 0 0 1 0 1 1 0 1 0 0 0 0  
0 0 0 1 1 1 0 1 1 1 1 0 0 1 1 1 1 1 1 0  
0 1 0 1 0 1 0 1 0 1 1 0 1 0 0 0 1 0 1 0  
0 0 1 0 0 0 1 0 0 0 0 0 0 0 0 0 0 0 0 0  
0 0 0 1 0 0 0 1 1 1 1 0 0 1 1 1 1 1 1 0  
0 0 0 0 0 0 0 0 1 1 0 0 0 0 1 1 1 1 0 0  
0 1 0 1 0 0 0 0 0 1 1 0 1 1 1 1 1 1 1 0  
0 0 1 0 0 0 1 0 0 0 1 0 0 1 0 1 0 0 0 1  
0 0 0 1 1 1 0 1 0 1 0 1 0 0 0 0 1 0 1 0  
1 1 1 0 0 0 1 0 0 0 1 0 1 1 0 1 0 0 0 1  
0 0 1 0 0 0 1 0 0 0 0 0 0 1 0 0 0 0 0 1  
0 1 1 1 0 0 1 0 0 0 1 0 0 1 1 1 0 0 0 0  
0 0 1 0 0 0 1 0 0 0 0 0 0 1 0 1 0 0 0 1  
0 1 0 1 0 0 1 0 0 0 1 0 1 1 1 1 1 0 0 0  
0 0 0 0 0 0 1 0 0 0 1 0 0 1 1 1 1 1 0 0  
0 1 0 1 0 0 0 0 0 0 1 0 1 1 1 1 1 0 1 0  
0 0 1 0 0 0 1 0 0 0 0 0 0 0 0 0 0 0 0 1  
Connect directly to BS 
1 1 1 1 0 0 1 0 0 0 1 0 1 1 1 1 0 0 0 1 
Cordinaates of sensors 
1 20.000000 233.000000
2 167.000000 250.000000
3 84.000000 362.000000
4 239.000000 179.000000
5 481.000000 232.000000
6 352.000000 72.000000
7 140.000000 413.000000
8 480.000000 245.000000
9 497.000000 471.000000
10 413.000000 218.000000
11 195.000000 302.000000
12 451.000000 76.000000
13 146.000000 191.000000
14 210.000000 358.000000
15 359.000000 447.000000
16 223.000000 363.000000
17 385.000000 269.000000
18 434.000000 456.000000
19 333.000000 149.000000
20 17.000000 447.000000
