Nombre des capteurs:
20
Nombre des targets:
15
Nombre de type de surveillance:
1

Caracteristiques:
300.000000 4 1.000000 45.000000 427.000000 a 130.613937 358.108917 353.556213 290.146515 310.885834 320.551086 318.121033 427.889008 110.063622 395.101257 397.236694 207.858124 383.438385 223.035873 381.461670 
300.000000 8 2.000000 76.000000 1.000000 a 309.012939 190.234070 279.551422 404.605988 467.231201 353.734375 370.979797 197.994949 321.006226 485.281372 347.798798 379.388977 311.191254 271.543732 425.302246 
300.000000 4 4.000000 24.000000 44.000000 a 275.960144 215.127869 300.539520 406.660797 468.123901 364.226593 380.032898 241.530533 283.196045 498.121460 373.048248 368.164368 336.542725 260.409302 441.389862 
300.000000 6 5.000000 198.000000 108.000000 a 223.181534 29.732138 117.643532 248.364655 310.831146 192.875610 210.601517 82.419655 245.348724 323.167145 188.279053 240.027084 151.608047 143.892319 263.030426 
300.000000 6 3.000000 245.000000 273.000000 a 148.431808 156.160172 108.673820 89.403580 149.913315 74.330345 80.056229 213.936905 174.040222 193.847885 145.055161 72.560318 132.382019 66.730804 152.161102 
300.000000 1 5.000000 243.000000 402.000000 a 169.743927 284.508362 231.682968 106.075447 111.610931 161.474457 150.332962 342.706879 183.371216 198.040405 242.507736 57.428215 244.560837 162.855759 196.468826 
300.000000 4 5.000000 342.000000 439.000000 a 273.826599 341.316559 267.344360 115.732452 61.814240 181.592957 163.884109 386.742798 288.764618 136.359818 247.167953 141.675690 264.121185 246.868393 168.243866 
300.000000 2 1.000000 82.000000 93.000000 a 216.834045 146.154022 227.668625 330.928986 392.587555 288.534241 304.200592 185.951599 229.034927 422.480774 301.091339 295.330322 265.005646 186.986633 366.324982 
300.000000 9 4.000000 24.000000 88.000000 a 234.029907 204.215576 283.978882 377.482452 437.817322 340.113220 354.887299 242.621109 240.149948 473.857574 357.755493 333.156128 321.976715 227.008804 419.515198 
300.000000 9 3.000000 144.000000 313.000000 a 43.185646 211.539597 203.147736 173.487747 217.919708 182.186722 184.743057 280.446075 66.610809 285.772644 252.356888 97.406364 234.827591 72.718636 255.143097 
300.000000 3 1.000000 8.000000 221.000000 a 128.035156 241.107864 289.518555 326.352570 378.133575 312.320343 321.735931 303.265564 122.886124 435.901367 359.093292 259.538055 329.229401 176.567261 393.448853 
300.000000 3 5.000000 258.000000 34.000000 a 316.660706 89.888817 146.492325 297.901001 356.611847 232.862625 251.103561 26.925823 339.623322 345.312897 192.210815 311.777161 160.178024 229.923904 282.554413 
300.000000 9 1.000000 364.000000 211.000000 a 280.665283 166.412140 78.262383 124.233650 167.430588 66.483078 75.802376 180.560242 306.784943 139.118652 18.110771 185.310547 46.861500 186.343765 76.485291 
300.000000 8 5.000000 185.000000 353.000000 a 94.826157 238.549789 207.870148 134.733063 168.860886 162.864975 159.777969 303.725220 111.400177 244.738632 241.580215 51.623638 232.131424 102.044106 224.216415 
300.000000 4 5.000000 386.000000 379.000000 a 293.470612 306.138855 222.874405 87.005745 34.014702 137.927521 119.707977 341.177368 313.229950 62.241467 187.072174 153.805069 210.523163 240.831894 99.609238 
300.000000 1 3.000000 346.000000 49.000000 a 357.246399 138.423264 137.233383 278.513916 329.054718 211.858444 227.969299 81.743500 382.561096 296.840027 145.382248 315.778412 126.570137 260.192230 236.562881 
300.000000 3 2.000000 64.000000 54.000000 a 257.670319 174.183807 260.353607 371.474091 433.497406 326.406189 342.644135 201.089539 268.365417 460.027161 332.453003 338.031067 295.873291 229.636673 402.448761 
300.000000 6 3.000000 338.000000 23.000000 a 371.436401 146.863876 159.201126 303.726837 355.275940 236.845947 253.333771 81.841309 396.233521 324.040131 172.290451 337.769165 152.052628 276.260742 263.685425 
300.000000 4 4.000000 367.000000 70.000000 a 357.598938 148.946304 128.705093 260.837128 308.365051 195.248566 210.237961 102.489021 383.438385 271.182587 123.004066 304.607941 110.063622 258.816528 212.132034 
300.000000 5 1.000000 92.000000 114.000000 a 195.207581 134.059692 211.300735 309.142365 370.534760 268.516296 283.783356 181.231903 208.470627 402.453735 285.161346 272.207642 249.569626 163.917664 347.247742 
Type de surveillance de chaque endroit(target):tab[nombre de target]
a a a a a a a a a a a a a a a 