Nombre des capteurs:
20
Nombre des targets:
15
Nombre de type de surveillance:
1

Caracteristiques:
300.000000 8 3.000000 48.000000 291.000000 a 163.248276 231.639801 409.470398 454.739471 372.236481 181.540634 266.000000 218.497147 149.271561 344.379150 382.142639 195.920898 31.780497 445.539001 238.447052 
300.000000 10 5.000000 56.000000 296.000000 a 153.912308 234.610321 400.176208 448.759399 362.823639 173.233948 271.118042 216.540985 140.089264 342.476288 375.851044 192.815979 39.962482 440.156799 229.085144 
300.000000 6 1.000000 338.000000 471.000000 a 181.245697 465.378326 92.444580 351.920441 38.209946 198.587509 531.992493 360.251312 198.398590 428.808807 293.552368 329.218781 368.089661 372.216339 108.245094 
300.000000 7 3.000000 310.000000 181.000000 a 254.939209 232.819672 289.679138 172.985550 293.516602 148.111450 304.926208 115.693558 199.804901 137.611771 106.230881 426.385986 286.681000 161.384628 215.956009 
300.000000 5 2.000000 373.000000 125.000000 a 336.810028 272.249878 325.510376 109.658562 342.013153 230.512466 340.036774 170.423004 282.985870 116.000000 76.275818 510.548737 364.709473 86.209045 288.392090 
300.000000 12 5.000000 95.000000 446.000000 a 92.649879 379.189911 332.000000 486.244781 281.783600 194.517349 423.615387 327.330109 141.675690 445.462677 411.831268 93.621582 193.535522 489.310730 177.417587 
300.000000 3 1.000000 213.000000 101.000000 a 297.699524 111.319359 405.981537 271.280304 400.655701 204.626495 181.661774 37.363083 240.201996 94.403389 220.857422 433.058899 240.010422 246.657654 295.435272 
300.000000 2 1.000000 390.000000 163.000000 a 318.399109 298.839417 285.408478 91.082382 304.322205 214.674179 368.792633 188.798828 267.824554 155.322250 36.069378 497.555023 368.545776 81.835197 261.375214 
300.000000 4 2.000000 74.000000 129.000000 a 284.763062 70.235321 474.444946 406.492310 453.263733 234.522919 107.200745 129.247818 240.303970 230.826782 347.051880 359.918060 138.600143 385.129852 324.451843 
300.000000 2 2.000000 91.000000 70.000000 a 336.154724 16.278820 504.253906 396.940796 488.706451 272.523407 62.241467 130.510529 287.235107 199.572037 345.758575 421.061768 200.000000 371.247894 365.531128 
300.000000 6 1.000000 423.000000 318.000000 a 261.885468 403.555450 128.062485 178.353577 156.237000 194.435074 475.892853 284.887695 235.031906 304.113464 130.188324 445.669159 392.020416 202.230072 175.376740 
300.000000 6 2.000000 389.000000 48.000000 a 409.585144 282.639343 399.809967 135.948517 419.201630 302.735870 341.774780 206.196503 353.926544 100.044991 142.579803 577.602783 413.656860 99.704567 366.006836 
300.000000 9 5.000000 83.000000 386.000000 a 90.553848 319.901550 349.193359 462.361328 303.990143 166.964066 362.692719 276.407318 115.550858 398.393036 387.418365 122.004097 132.966156 461.156158 181.099426 
300.000000 5 1.000000 109.000000 445.000000 a 80.603973 378.005280 318.001587 474.612488 267.904846 184.390884 424.406647 322.024841 132.003784 438.634247 400.372314 106.976631 197.395538 478.305328 163.810867 
300.000000 8 3.000000 379.000000 496.000000 a 228.989090 507.961609 69.310890 361.400055 29.154760 242.860046 575.675232 399.821198 245.837341 459.892365 310.214447 370.228302 416.043274 385.394592 155.051605 
300.000000 8 2.000000 347.000000 301.000000 a 198.244797 335.195465 165.604950 201.972763 168.514099 118.067780 406.911530 218.247559 162.742126 262.488098 132.400909 383.885406 314.428040 213.700729 123.166557 
300.000000 12 5.000000 111.000000 389.000000 a 62.393909 322.024841 321.099670 440.182922 276.240845 144.844742 369.411682 268.268524 92.114059 387.324158 365.275238 138.708328 148.003372 440.458862 153.029404 
300.000000 8 5.000000 184.000000 82.000000 a 314.192627 78.447433 437.658539 303.488068 430.219727 227.495056 147.461853 58.189346 258.048431 111.328346 255.068619 437.522583 233.668564 277.477936 320.156219 
300.000000 11 5.000000 423.000000 251.000000 a 289.006927 365.666504 195.041016 116.846054 221.054291 201.375275 437.836731 247.782166 250.353745 245.747833 63.387695 474.573486 388.155884 136.821045 212.513535 
300.000000 3 5.000000 171.000000 141.000000 a 255.007843 97.836601 398.197174 309.103546 385.098694 173.954010 169.070984 32.249031 199.812408 152.118378 249.467438 378.428314 182.035706 288.839050 267.675171 
Type de surveillance de chaque endroit(target):tab[nombre de target]
a a a a a a a a a a a a a a a 