Nombre des capteurs:
30
Nombre des targets:
15
Nombre de type de surveillance:
1

Caracteristiques:
300.000000 3 1.000000 30.000000 211.000000 a 504.479919 339.330231 81.123360 181.730576 173.002884 144.544113 156.156967 156.041656 462.649963 238.882813 248.847336 331.440796 372.711670 129.468140 177.507751 
300.000000 12 3.000000 107.000000 20.000000 a 387.063293 200.062485 232.105576 259.237335 107.647575 330.752167 320.188995 223.080704 388.310455 428.869446 421.384613 479.634247 386.828125 90.553848 40.162170 
300.000000 8 4.000000 260.000000 258.000000 a 338.793457 247.503540 160.112457 55.036350 175.445145 207.966339 163.975601 80.411446 263.837067 270.129608 227.407120 234.955322 138.177429 280.957306 244.131119 
300.000000 5 5.000000 76.000000 397.000000 a 567.609009 446.413483 146.972794 188.175446 303.595123 48.093658 70.802544 200.262329 494.013153 50.803543 65.855904 163.636795 343.048096 316.938477 341.843536 
300.000000 4 5.000000 363.000000 172.000000 a 206.014557 166.688339 274.898163 180.853531 204.284119 339.748444 297.067322 186.903717 132.003784 404.030945 359.172668 350.224213 109.416634 334.341156 268.411987 
300.000000 5 3.000000 409.000000 204.000000 a 209.059799 214.767319 312.705933 211.546692 258.487915 365.952179 321.211761 225.390778 114.214706 419.539032 369.898621 345.637085 72.993149 387.695770 323.785431 
300.000000 8 4.000000 21.000000 400.000000 a 611.144836 479.605042 167.764709 231.205536 327.365234 72.835434 114.057007 236.932480 541.786865 65.764732 111.789978 210.297409 395.919189 318.628296 356.040741 
300.000000 8 5.000000 21.000000 107.000000 a 482.249939 300.433014 165.124191 239.301071 148.003372 247.523743 252.384628 204.401566 462.108215 343.097656 349.817108 426.194794 412.234161 32.015621 110.462662 
300.000000 12 5.000000 31.000000 94.000000 a 470.031921 287.083618 172.409393 240.482849 138.708328 258.435669 260.931030 204.795013 452.584808 354.830933 359.506592 433.586212 408.754211 15.620500 96.005211 
300.000000 12 1.000000 406.000000 256.000000 a 258.443420 260.541748 306.026154 201.039795 279.415466 345.742676 300.000000 222.643219 158.902481 389.104095 336.431274 302.423553 21.931713 404.352570 347.850555 
300.000000 5 5.000000 290.000000 92.000000 a 218.762421 78.854294 248.394852 188.279053 122.053268 336.359924 301.807892 172.609390 194.612442 419.230255 386.038849 403.608734 212.849716 249.200729 173.366669 
300.000000 11 2.000000 227.000000 236.000000 a 347.876404 235.034042 128.003906 32.557640 140.527573 191.010468 150.655243 42.579338 282.306580 264.803711 228.973801 252.446030 174.642487 241.478775 207.684860 
300.000000 8 5.000000 187.000000 99.000000 a 318.818115 146.478668 176.005676 162.003082 20.124611 274.765350 250.683060 130.015381 296.546783 368.108673 347.574463 389.802521 274.643402 146.986389 78.549347 
300.000000 7 2.000000 100.000000 133.000000 a 411.868896 238.270859 119.000000 164.784714 73.389374 217.680954 207.781128 128.222458 383.334045 315.729309 309.012939 372.248566 329.633118 77.987175 77.620872 
300.000000 7 3.000000 70.000000 66.000000 a 427.299652 242.425247 188.403824 236.349319 107.540688 283.015900 278.172607 199.484329 416.136993 381.011810 379.011871 445.250488 388.624512 33.120991 50.635956 
300.000000 10 3.000000 226.000000 237.000000 a 349.284973 236.315460 126.889717 31.144823 141.031906 189.612762 149.241409 41.773197 283.635315 263.402740 227.633484 251.390137 175.390991 241.350372 208.031250 
300.000000 3 4.000000 27.000000 6.000000 a 467.052460 280.144592 256.602814 310.161255 174.837067 346.070801 346.174805 273.300201 469.315460 442.810333 445.902466 516.283813 458.039307 77.278717 106.550461 
300.000000 9 2.000000 472.000000 483.000000 a 470.514618 496.234833 437.886963 347.876404 482.114105 420.900238 381.791840 383.255798 366.165253 406.596863 349.532532 260.048065 220.168121 588.695190 551.841492 
300.000000 5 1.000000 117.000000 41.000000 a 378.038361 191.770691 211.683731 236.019073 84.811554 311.126984 299.001678 199.919983 373.807434 409.067230 400.079987 456.983582 365.547546 86.353920 17.262676 
300.000000 4 1.000000 370.000000 144.000000 a 180.380157 143.561829 290.798889 201.695313 204.198425 360.879486 319.249115 203.592728 116.180893 428.506714 385.011688 378.549866 134.733063 334.790985 264.378510 
300.000000 8 1.000000 363.000000 51.000000 a 136.400146 66.573265 331.013580 262.001923 202.200394 415.817261 378.874664 251.730011 136.952545 494.400635 456.885101 462.352692 227.554382 323.488800 243.100800 
300.000000 12 3.000000 76.000000 355.000000 a 540.081482 411.048645 105.759163 160.206116 263.928009 6.708204 44.598206 166.604324 471.479584 92.439171 98.979797 190.223557 330.578278 275.234436 300.241577 
300.000000 4 2.000000 217.000000 223.000000 a 347.604675 226.636276 120.540451 38.897301 124.615410 191.342621 153.264481 32.557640 286.342438 269.584869 236.617828 265.047180 187.640610 225.514969 191.400101 
300.000000 7 1.000000 359.000000 75.000000 a 148.556381 79.397736 313.703674 240.709366 192.844498 396.070709 358.198273 232.361786 130.919830 472.914368 434.409943 438.381104 204.560501 318.077026 239.603836 
300.000000 8 3.000000 113.000000 108.000000 a 392.665253 215.139496 144.585617 177.673859 56.000000 244.296951 232.053879 140.801285 370.109436 342.106720 333.216156 392.684357 329.969696 76.550636 50.487621 
300.000000 12 4.000000 492.000000 42.000000 a 29.068884 186.959885 444.706635 360.406708 329.674072 519.432373 478.204987 359.469055 75.538071 587.068970 542.116211 526.608032 252.549011 452.770355 372.343933 
300.000000 12 1.000000 445.000000 97.000000 a 97.247108 160.524139 378.219513 290.118927 276.219116 449.319489 407.403961 291.588745 42.941822 515.154358 469.825500 455.159302 185.324036 404.278381 327.331635 
300.000000 3 1.000000 349.000000 59.000000 a 152.121658 60.827625 315.039673 247.258972 186.550262 400.344849 363.760925 236.211777 146.013702 479.654053 442.831787 450.344299 222.245361 308.857574 229.002182 
300.000000 11 2.000000 429.000000 67.000000 a 84.504440 132.619751 377.446686 295.677185 263.212830 454.158569 413.823639 292.882233 73.593475 524.827576 481.966797 473.634888 211.435562 388.289825 309.131042 
300.000000 11 2.000000 438.000000 466.000000 a 456.448242 469.640289 400.049988 311.006439 447.800171 383.293610 343.912781 346.666992 351.889191 371.486206 313.996826 227.068268 194.373352 552.326904 517.289063 
Type de surveillance de chaque endroit(target):tab[nombre de target]
a a a a a a a a a a a a a a a 
Matrix of neighbour
1 0 0 1 0 0 1 0 0 0 0 0 0 0 0 0 0 0 0 0 0 1 0 0 0 0 0 0 0 0  
1 1 1 0 1 0 0 1 1 0 1 1 1 1 1 1 0 0 1 1 0 0 1 0 1 0 0 0 0 0  
1 0 1 1 0 0 1 0 0 0 0 1 0 0 0 1 0 0 0 0 0 1 1 0 0 0 0 0 0 0  
0 0 0 1 0 0 0 0 0 0 0 0 0 0 0 0 0 0 0 0 0 0 0 0 0 0 0 0 0 0  
0 0 1 0 1 0 0 0 0 1 0 1 1 1 0 1 0 0 0 0 0 0 1 0 1 0 0 0 0 0  
0 0 1 0 1 1 0 0 0 1 1 1 1 0 0 1 0 0 0 0 0 0 1 0 0 0 0 0 0 1  
0 0 0 1 0 0 1 0 0 0 0 0 0 0 0 0 0 0 0 0 0 1 0 0 0 0 0 0 0 0  
1 0 1 1 0 0 1 1 0 0 0 1 0 1 0 1 0 0 0 0 0 1 1 0 1 0 0 0 0 0  
1 0 1 0 0 0 0 1 1 0 0 1 1 1 0 1 0 0 0 0 0 1 1 0 1 0 0 0 0 0  
0 0 1 0 0 0 0 0 0 1 0 1 1 0 0 1 0 0 0 0 0 0 1 0 0 0 0 0 0 0  
1 0 1 0 1 0 0 1 1 1 1 1 1 1 1 1 0 0 1 0 0 0 1 0 1 0 0 0 0 0  
1 0 0 1 0 0 1 0 0 0 0 1 0 0 0 1 0 0 0 0 0 1 0 0 0 0 0 0 0 0  
1 0 1 0 0 0 0 1 0 0 0 1 1 1 0 1 0 0 0 0 0 1 1 0 1 0 0 0 0 0  
1 0 1 1 0 0 1 0 0 0 0 1 0 1 0 1 0 0 0 0 0 1 1 0 0 0 0 0 0 0  
1 0 1 0 0 0 0 1 1 0 0 1 1 1 1 1 0 0 0 0 0 1 1 0 1 0 0 0 0 0  
1 0 0 1 0 0 1 0 0 0 0 0 0 0 0 1 0 0 0 0 0 1 0 0 0 0 0 0 0 0  
1 1 0 0 0 0 0 1 1 0 1 0 1 1 1 0 1 0 1 0 0 0 1 0 1 0 0 0 0 0  
0 0 0 0 0 1 0 0 0 1 0 0 0 0 0 0 0 1 0 0 0 0 0 0 0 0 0 0 0 1  
1 0 1 0 1 0 0 1 1 0 0 1 1 1 1 1 0 0 1 0 0 0 1 0 1 0 0 0 0 0  
0 0 1 0 1 1 0 0 0 1 1 1 1 1 0 1 0 0 1 1 0 0 1 0 1 0 0 0 0 0  
0 1 1 0 1 1 0 0 0 1 1 1 1 1 1 1 0 0 1 1 1 0 1 1 1 0 0 1 0 0  
0 0 0 1 0 0 0 0 0 0 0 0 0 0 0 0 0 0 0 0 0 1 0 0 0 0 0 0 0 0  
1 0 0 1 0 0 1 0 0 0 0 1 0 0 0 1 0 0 0 0 0 1 1 0 0 0 0 0 0 0  
0 1 1 0 1 1 0 0 0 1 1 1 1 1 1 1 0 0 1 1 0 0 1 1 1 0 0 0 0 0  
1 0 1 1 0 0 0 0 0 0 0 1 0 1 0 1 0 0 0 0 0 1 1 0 1 0 0 0 0 0  
0 0 0 0 1 1 0 0 0 1 1 0 0 0 0 0 0 0 0 1 1 0 0 1 0 1 1 1 1 0  
0 0 1 0 1 1 0 0 0 1 1 1 1 0 0 1 0 0 0 1 1 0 1 1 0 0 1 1 0 0  
0 1 1 0 1 1 0 0 0 1 1 1 1 1 1 1 0 0 1 1 0 0 1 1 1 0 0 1 0 0  
0 0 1 0 1 1 0 0 0 1 1 1 1 0 0 1 0 0 0 1 1 0 1 1 0 0 1 1 1 0  
0 0 1 0 0 0 0 0 0 1 0 0 0 0 0 0 0 0 0 0 0 0 0 0 0 0 0 0 0 1  
Connect directly to BS 
1 0 1 1 0 0 1 0 0 0 0 1 0 1 0 1 0 0 0 0 0 1 1 0 1 0 0 0 0 0 
Cordinaates of sensors 
1 30.000000 211.000000
2 107.000000 20.000000
3 260.000000 258.000000
4 76.000000 397.000000
5 363.000000 172.000000
6 409.000000 204.000000
7 21.000000 400.000000
8 21.000000 107.000000
9 31.000000 94.000000
10 406.000000 256.000000
11 290.000000 92.000000
12 227.000000 236.000000
13 187.000000 99.000000
14 100.000000 133.000000
15 70.000000 66.000000
16 226.000000 237.000000
17 27.000000 6.000000
18 472.000000 483.000000
19 117.000000 41.000000
20 370.000000 144.000000
21 363.000000 51.000000
22 76.000000 355.000000
23 217.000000 223.000000
24 359.000000 75.000000
25 113.000000 108.000000
26 492.000000 42.000000
27 445.000000 97.000000
28 349.000000 59.000000
29 429.000000 67.000000
30 438.000000 466.000000
