Nombre des capteurs:
30
Nombre des targets:
15
Nombre de type de surveillance:
1

Caracteristiques:
300.000000 4 5.000000 20.000000 233.000000 a 481.116425 104.043259 217.138199 311.713013 221.334595 468.124969 463.349762 141.890808 67.186310 226.636276 358.468964 503.135162 168.439896 108.724419 306.726257 
300.000000 1 3.000000 167.000000 250.000000 a 342.492340 110.421921 133.375412 164.222412 175.182755 323.037140 317.932373 192.408417 183.357574 123.166557 217.168137 366.934601 143.561829 72.006943 227.299362 
300.000000 3 4.000000 84.000000 362.000000 a 463.001068 44.181442 95.341492 254.310837 301.081390 386.000000 425.217590 268.793610 210.230820 262.101135 338.385864 398.758087 26.248810 72.801102 168.671280 
300.000000 11 2.000000 239.000000 179.000000 a 256.265472 211.191849 213.213501 139.312592 122.114700 294.703247 246.641434 204.088211 236.256210 37.643059 137.524536 360.435852 241.298569 172.817825 295.330322 
300.000000 4 3.000000 481.000000 232.000000 a 87.823685 410.118286 339.436310 163.526749 343.925873 130.464554 17.117243 449.391815 482.265472 268.197693 112.720894 222.182358 404.645538 376.144928 361.912964 
300.000000 2 3.000000 352.000000 72.000000 a 158.776566 366.742432 356.855713 216.448608 177.025421 313.087860 193.932983 299.883301 361.962708 142.888062 121.396049 400.404785 394.655548 328.402191 425.067047 
300.000000 1 1.000000 140.000000 413.000000 a 443.207611 112.361023 47.634022 225.488358 339.807312 333.917664 396.046722 329.686218 280.702698 283.978882 324.006165 334.522034 49.517673 122.723267 92.956978 
300.000000 12 1.000000 480.000000 245.000000 a 100.841461 406.606689 332.945953 158.660019 349.177612 117.426575 30.149628 452.580383 483.174927 271.860260 117.183617 209.153061 399.164124 373.230499 352.625854 
300.000000 4 5.000000 497.000000 471.000000 a 326.024536 444.182404 331.879486 250.511475 510.391998 112.294258 256.382538 581.817871 579.521362 424.199249 305.026215 30.232433 403.624817 425.556122 286.006989 
300.000000 8 3.000000 413.000000 218.000000 a 108.300507 347.690948 287.960052 110.258789 277.656250 154.870911 70.064255 380.432648 413.037537 199.624649 45.803928 243.263229 348.427887 312.385986 325.313690 
300.000000 6 5.000000 195.000000 302.000000 a 336.827850 116.107712 82.975899 132.849533 227.879349 281.469360 300.853790 251.023911 234.136719 162.388428 212.325226 315.963593 119.205704 85.375641 171.746902 
300.000000 10 1.000000 451.000000 76.000000 a 80.777473 442.950348 411.491180 244.738632 276.001801 286.630432 142.635895 398.453247 457.348877 232.847595 137.295303 378.582886 460.671234 404.728302 463.906250 
300.000000 11 4.000000 146.000000 191.000000 a 350.035706 143.125824 194.486496 204.882889 119.570061 366.356384 337.853516 133.660019 144.837845 95.015785 230.000000 418.861542 192.634369 109.110039 289.394196 
300.000000 9 4.000000 210.000000 358.000000 a 354.200500 136.014709 41.400482 136.857590 285.156097 260.030762 308.184998 306.297241 280.978638 215.752167 235.467621 279.034058 108.060165 118.726578 115.004349 
300.000000 5 4.000000 359.000000 447.000000 a 330.393707 307.379242 192.924850 163.168625 415.018066 139.807007 263.058929 466.411835 452.301880 331.024170 256.563843 113.216606 263.910980 292.249878 150.266434 
300.000000 5 5.000000 223.000000 363.000000 a 347.021606 149.913315 50.159744 128.809937 291.972595 247.002029 299.172180 317.370453 293.981293 220.056808 230.202087 265.107513 120.070816 132.400909 110.652611 
300.000000 1 5.000000 385.000000 269.000000 a 164.438431 308.910980 237.191910 60.728905 285.895081 125.992065 111.892807 374.833282 395.126556 201.308228 78.517517 204.435806 301.763153 276.134033 268.126831 
300.000000 2 2.000000 434.000000 456.000000 a 316.546997 379.947357 267.166626 200.024994 460.697296 100.657837 245.930878 524.863770 518.367615 374.706543 271.272919 38.052597 338.864288 362.243011 223.647049 
300.000000 5 4.000000 333.000000 149.000000 a 160.049988 304.253174 281.233002 138.130371 174.470627 253.254807 163.878006 285.159607 330.546509 105.171288 60.108234 335.180542 324.562775 265.996246 346.208038 
300.000000 7 2.000000 17.000000 447.000000 a 563.719788 143.561829 172.325272 348.855286 404.163330 460.905640 520.557373 353.836121 279.351044 370.049988 440.927429 455.053833 110.421921 179.047485 195.734512 
300.000000 8 1.000000 351.000000 405.000000 a 296.249908 284.622559 175.385284 120.415947 374.000000 126.530632 231.352539 430.004639 421.037994 289.435669 215.455338 130.545013 248.364655 265.333740 155.640610 
300.000000 8 4.000000 161.000000 166.000000 a 332.663483 172.235306 217.589066 205.419083 92.070625 365.919403 325.706909 129.247818 158.012665 70.837845 216.448608 423.869080 220.494904 137.786072 311.045013 
300.000000 2 5.000000 336.000000 332.000000 a 244.167969 256.382538 166.979034 45.891174 303.265564 137.317154 187.877625 369.131409 371.194031 217.680954 146.563980 182.701950 236.712906 229.172424 188.430359 
300.000000 12 1.000000 70.000000 355.000000 a 472.259460 38.327538 110.602890 265.843933 299.040131 400.061249 436.083710 260.555176 198.640381 264.401215 347.177185 414.010864 41.617306 72.945183 183.861359 
300.000000 10 2.000000 126.000000 434.000000 a 467.129547 124.787819 72.124893 249.018066 362.328583 351.454132 418.819763 346.770813 293.061432 308.358551 348.638794 346.577545 59.236813 140.911316 93.520050 
300.000000 11 5.000000 273.000000 322.000000 a 282.363251 193.041443 113.740936 64.350601 265.731079 201.019897 235.688354 316.115479 310.831146 184.569763 166.643326 238.799072 178.353577 165.387421 163.232956 
300.000000 12 4.000000 331.000000 378.000000 a 283.783356 258.071686 154.081146 91.087868 340.800537 139.917831 222.874405 396.702667 389.466309 256.581360 192.338242 160.178024 227.002197 236.425461 153.052277 
300.000000 5 3.000000 18.000000 429.000000 a 553.426575 127.141655 165.520386 340.066162 387.253143 456.938721 511.879883 335.828827 261.430664 354.818268 429.893005 454.687805 99.478638 163.367691 197.952011 
300.000000 12 1.000000 361.000000 370.000000 a 260.862030 285.770874 184.458664 89.693924 348.742035 109.293182 197.253647 412.903137 411.057159 263.093140 179.627396 139.201294 257.157532 262.253693 181.958786 
300.000000 4 3.000000 264.000000 389.000000 a 334.629639 197.223221 87.206650 119.887444 326.369415 207.761887 279.708771 361.879822 341.997070 248.620193 227.481873 217.919708 160.312195 180.944748 99.322708 
Type de surveillance de chaque endroit(target):tab[nombre de target]
a a a a a a a a a a a a a a a 