Nombre des capteurs:
30
Nombre des targets:
30
Nombre de type de surveillance:
1

Caracteristiques:
300.000000 6 4.000000 24.000000 98.000000 a 263.229950 328.469177 325.508820 429.196930 263.821899 507.666229 458.577148 295.243958 214.767319 371.651733 457.839478 303.817383 389.354584 266.084564 429.131683 269.066895 449.227112 337.083069 320.057800 373.535797 147.851273 284.838562 396.729126 164.906036 476.765137 49.010204 44.911022 436.354218 346.394287 175.570496 
300.000000 8 4.000000 147.000000 45.000000 a 321.123016 383.262299 335.764801 313.036743 230.633911 435.744202 334.336670 345.897369 274.322815 301.955292 421.740448 209.678329 444.865143 144.931015 362.049713 203.403534 448.977722 227.528015 211.322037 260.440002 111.758667 292.104431 286.503052 87.658424 373.846222 91.607857 114.354713 310.001617 219.009125 49.244289 
300.000000 9 1.000000 15.000000 288.000000 a 88.865067 148.070923 196.786682 472.411896 219.920441 461.200592 518.787048 122.800652 57.584721 344.061035 365.603607 330.925964 204.978043 347.666504 386.291351 267.555603 312.233887 381.567810 366.715149 418.119598 196.084167 173.487747 432.001160 238.346390 487.165283 197.699265 234.691284 504.876221 428.049072 325.779053 
300.000000 4 5.000000 351.000000 251.000000 a 299.392731 322.133514 205.060974 173.216629 118.270874 147.827606 231.043289 294.735474 287.702972 12.206555 158.256119 93.920181 361.199402 187.544662 72.138756 92.179176 244.754974 126.321022 127.251717 140.730240 213.321350 188.724670 134.461884 208.038452 154.029221 316.840668 374.076202 232.561813 208.540161 307.247467 
300.000000 2 1.000000 108.000000 84.000000 a 275.495911 339.328735 305.221222 346.054901 215.058136 442.670319 373.771332 302.597107 227.369736 306.315186 411.252960 226.832535 401.358948 181.276031 365.800507 203.403534 423.958710 255.313538 238.379944 290.993134 88.814415 261.681091 315.153931 88.102211 398.096710 38.078865 80.777473 351.284790 261.237427 103.406960 
300.000000 12 5.000000 204.000000 116.000000 a 275.263519 330.925964 262.373779 249.050201 145.910934 346.394287 282.603973 293.470612 234.710464 211.520691 331.941254 125.717941 389.955139 94.810333 271.621063 112.414413 367.604401 156.259399 139.230026 193.010361 59.464275 220.102249 215.837906 18.384777 297.107727 132.098450 181.892822 263.045624 177.687927 118.680244 
300.000000 3 2.000000 11.000000 76.000000 a 287.334290 352.427307 351.062683 443.383575 287.702972 529.545105 470.272247 319.662323 239.140121 393.235291 482.379517 321.707947 412.989105 278.007202 451.252716 290.244720 474.773621 352.423035 335.451935 388.278259 169.118301 310.357849 412.243866 182.167511 494.095123 66.128662 31.112698 447.146515 356.530518 176.283859 
300.000000 11 5.000000 289.000000 199.000000 a 269.235962 307.001617 204.553177 186.118240 82.073135 228.431610 237.033752 273.804688 245.521896 92.763138 221.677689 48.918301 356.400055 125.000000 152.839783 20.615528 281.298767 102.552429 92.417534 135.000000 135.977936 173.046234 144.899963 127.200630 203.246155 238.025208 294.212494 228.580399 173.968384 229.636673 
300.000000 10 4.000000 431.000000 12.000000 a 498.623108 541.025879 438.220276 101.414986 316.564362 323.867249 69.310890 506.793854 467.610962 259.480255 403.298889 186.010757 591.202148 154.945145 292.542297 252.875458 496.638702 133.454117 142.435944 111.319359 306.882721 407.835754 123.583977 268.061554 187.216446 368.419586 400.209930 41.231056 72.013885 260.192230 
300.000000 5 5.000000 244.000000 359.000000 a 173.011566 177.552811 57.245087 324.322357 100.603180 231.464905 381.536377 157.334045 182.279999 150.332962 126.317062 211.513596 210.204666 288.530762 166.688339 154.207657 121.342491 261.174286 255.001968 285.464539 219.692963 66.483078 284.255157 242.785919 300.672577 311.192871 370.871948 380.255188 338.732941 364.387146 
300.000000 5 4.000000 227.000000 399.000000 a 161.554947 150.764725 42.544094 366.087433 140.128510 255.665802 423.600037 138.610962 182.332108 190.276108 133.375412 254.960785 174.152237 330.860992 198.725937 196.756195 87.321243 304.573486 298.464417 328.421997 252.067444 78.236816 326.435303 278.883484 338.119812 337.218018 395.804230 422.995270 382.174042 400.930176 
300.000000 3 2.000000 82.000000 91.000000 a 266.227356 331.024170 306.648010 371.538696 225.887146 460.682098 400.202454 295.083038 217.389053 324.154297 422.383698 249.323090 393.062347 207.696899 383.020874 220.907227 427.719543 280.071411 263.077942 316.155029 101.533249 263.696808 339.860260 109.767937 421.549530 12.041595 61.400326 377.933868 288.027771 125.865005 
300.000000 7 5.000000 249.000000 365.000000 a 178.179688 180.249832 60.415230 325.779053 107.200745 227.264160 383.208832 161.372238 188.809433 150.655243 119.402679 215.390350 210.800858 293.736267 164.158463 159.389465 114.738831 264.425781 258.683197 287.946167 227.160736 73.409805 286.006989 249.815933 300.041656 318.954529 378.651550 382.498352 342.597443 371.285614 
300.000000 7 5.000000 135.000000 449.000000 a 112.071404 63.071388 89.810913 464.077576 213.784943 358.297363 520.612122 78.006409 155.682373 291.672760 228.527893 342.001465 69.462219 405.389923 303.433685 277.108276 130.495209 394.462921 385.861389 422.143341 294.064606 123.308556 423.381622 330.121185 441.643524 355.449005 407.957092 517.406006 467.115631 448.447327 
300.000000 10 1.000000 468.000000 448.000000 a 407.295959 390.865692 286.677521 337.333649 301.572540 115.156418 388.217712 384.037750 422.848663 216.953918 114.825958 321.566467 394.645416 414.628754 159.731018 311.905426 208.319473 340.577454 347.276550 337.551483 424.414886 307.514221 316.812256 429.634735 260.109589 527.092041 586.908020 404.149719 417.646973 535.840454 
300.000000 2 1.000000 224.000000 116.000000 a 285.464539 339.045715 264.196899 229.054581 143.282944 331.042297 263.030426 301.869171 246.756958 197.436066 323.024780 107.354553 397.020142 77.388626 257.483978 101.965683 364.983551 136.297470 119.268608 173.011566 75.471848 222.991028 195.923462 37.656342 277.764282 151.953934 200.810852 243.870865 159.665268 125.717941 
300.000000 10 3.000000 432.000000 104.000000 a 440.828766 475.857117 365.568054 22.135944 252.241943 232.819672 65.855904 444.041656 416.395233 173.565552 313.383148 125.239769 521.391418 146.112976 201.400101 191.971359 411.734131 75.000000 91.219513 37.696156 276.925995 340.383606 33.615471 245.735626 104.043259 359.034821 402.120636 65.000000 89.872131 280.223114 
300.000000 10 5.000000 280.000000 131.000000 a 307.826263 354.238617 262.885895 174.152237 136.356155 280.071411 213.171295 318.600067 275.408783 151.604752 289.281860 51.400391 408.208282 57.706154 210.297409 76.655075 348.465210 80.224686 63.387695 117.720009 122.576508 226.318359 139.057541 93.343452 219.790817 209.458832 258.723785 197.225754 123.044708 168.884583 
300.000000 6 3.000000 389.000000 446.000000 a 330.219635 311.924683 210.297409 341.058655 243.526184 141.400146 396.812286 305.941162 348.488159 187.579315 47.010635 292.027405 316.291016 385.206451 143.502609 266.986877 131.217377 322.307312 325.269135 328.097534 369.514557 234.882950 312.443604 380.963257 276.871826 469.323975 529.528076 407.710693 403.655792 494.631165 
300.000000 5 4.000000 96.000000 474.000000 a 119.641129 55.027267 134.357727 509.134552 254.939209 403.441437 565.350342 88.277969 168.181442 337.658112 271.884155 384.667389 23.259407 444.127228 349.665558 318.692627 166.075287 437.603699 428.379517 466.194153 324.376312 163.453354 468.241394 362.604462 487.894470 375.704681 424.698730 561.445435 508.587250 477.921539 
300.000000 7 3.000000 22.000000 454.000000 a 108.673820 64.498062 184.390884 550.826660 287.308197 467.915588 604.910767 95.462036 153.378616 387.485474 340.982391 417.929413 60.901562 464.423309 407.973053 350.018585 241.298569 471.683167 460.370514 503.508698 328.402191 199.401611 509.283813 369.845917 539.559998 358.644684 400.151215 597.766663 535.963623 475.925415 
300.000000 7 2.000000 377.000000 229.000000 a 331.692627 355.879181 239.102493 140.356689 147.091812 142.214630 198.436386 328.013733 317.970123 37.215588 180.800995 87.321243 395.258148 178.238602 77.794601 109.238274 275.181763 105.380264 110.367569 112.787407 228.949783 221.948196 102.956299 217.568375 121.757957 330.629700 385.954651 201.556442 186.324982 306.537109 
300.000000 11 1.000000 297.000000 296.000000 a 234.087585 252.659851 134.807266 241.993805 73.925636 180.825882 299.252411 226.636276 228.315567 70.327805 129.375427 136.132294 290.908936 222.144104 104.235313 93.005379 186.316940 182.236115 178.044937 204.166595 195.880066 121.433105 202.002472 205.009750 222.427521 298.303528 358.134064 298.502930 262.240356 319.862457 
300.000000 11 5.000000 0.000000 223.000000 a 151.647614 213.740494 245.203995 466.640106 235.764709 486.596344 507.868103 185.714828 109.480591 360.011108 405.211060 326.744537 271.562134 325.149200 408.902191 270.473663 366.305878 373.100525 357.001404 410.650696 173.461807 213.700729 428.141327 212.058960 493.173401 143.892319 172.191757 490.805450 407.867615 279.431580 
300.000000 1 3.000000 32.000000 120.000000 a 240.187424 305.483215 302.535950 421.096191 244.380844 490.645508 452.991180 272.038605 191.606369 355.185852 437.155579 292.035950 366.531036 261.084290 411.885895 253.402847 426.357819 328.038116 311.025726 365.005493 132.966156 262.154541 387.290588 155.029022 465.146210 46.065170 66.007576 431.741821 342.760864 182.332108 
300.000000 2 4.000000 308.000000 62.000000 a 378.409821 427.200195 337.312897 153.055542 210.793732 317.800262 173.011566 391.071594 342.982513 205.185287 350.874634 100.841461 482.050842 22.472204 258.321503 149.896637 419.529510 81.688431 71.196907 105.152267 175.328262 300.674255 132.853302 135.506454 223.573257 237.894928 275.116333 150.083313 61.032780 149.562698 
300.000000 4 2.000000 446.000000 362.000000 a 375.033325 372.859222 256.499512 251.097595 236.596710 40.311287 304.021393 357.805817 380.847748 133.958954 98.005104 235.849533 390.544495 328.013733 74.202423 234.522919 218.048157 252.121002 259.331848 248.871460 352.465607 265.377075 228.600082 352.423035 179.011169 456.396759 515.201904 318.190186 328.878387 453.017670 
300.000000 10 3.000000 167.000000 139.000000 a 238.201599 296.664795 240.104141 287.367371 136.952545 363.159760 323.785431 259.023163 195.358643 226.638474 331.887024 155.708054 357.056030 138.235306 285.748138 123.422043 353.022675 193.507111 176.638046 230.956711 18.384777 196.573135 252.031738 25.612497 328.823669 102.156746 158.685226 305.163879 220.945694 137.058380 
300.000000 12 2.000000 256.000000 436.000000 a 201.161621 178.549713 87.863533 380.044739 178.488098 241.107864 438.179199 174.324417 226.612000 202.556168 107.447662 281.604340 187.256516 363.501038 196.758728 229.427551 43.416588 327.928345 323.902771 347.857727 296.000000 125.207825 342.301025 320.515198 341.621124 383.481415 442.326813 440.528107 408.104156 442.245392 
300.000000 6 5.000000 194.000000 170.000000 a 223.825821 277.416656 208.038452 265.635101 97.169952 323.989197 307.358093 240.168686 186.196136 187.555328 290.993134 127.251717 335.793091 135.059250 246.044708 84.528099 316.393738 171.991272 155.939087 209.554291 36.769554 165.435791 227.705948 47.518417 298.605103 140.292557 198.436386 291.624756 213.805984 169.567093 
Type de surveillance de chaque endroit(target):tab[nombre de target]
a a a a a a a a a a a a a a a a a a a a a a a a a a a a a a 
Matrix of neighbour
1 0 1 0 0 1 0 1 0 0 0 1 0 0 0 1 0 0 0 0 0 0 0 1 1 0 0 1 0 1  
1 1 1 1 1 1 1 1 0 0 0 1 0 0 0 1 0 1 0 0 0 1 1 1 1 0 0 1 0 1  
0 0 1 0 0 0 0 0 0 0 1 0 0 1 0 0 0 0 0 1 1 0 0 0 0 0 0 0 0 0  
0 0 0 1 0 0 0 1 0 1 1 0 1 1 0 0 0 0 0 0 0 0 1 0 0 0 0 1 1 1  
1 0 1 1 1 1 0 1 0 0 0 1 0 0 0 1 0 0 0 0 0 0 1 1 1 0 0 1 0 1  
0 0 1 1 0 1 0 1 0 1 1 0 1 0 0 0 0 0 0 0 0 0 1 1 1 0 0 1 0 1  
1 0 1 0 1 1 1 0 0 0 0 1 0 0 0 1 0 1 0 0 0 0 0 1 1 0 0 1 0 1  
0 0 1 0 0 0 0 1 0 1 1 0 1 1 0 0 0 0 0 0 0 0 1 1 0 0 0 1 1 1  
0 1 0 1 0 1 0 1 1 0 0 0 0 0 0 1 1 1 0 0 0 1 0 0 0 1 0 1 0 1  
0 0 1 0 0 0 0 0 0 1 1 0 0 1 0 0 0 0 0 1 1 0 0 0 0 0 0 0 0 0  
0 0 0 0 0 0 0 0 0 0 1 0 0 1 0 0 0 0 0 1 1 0 0 0 0 0 0 0 0 0  
0 0 1 0 0 1 0 1 0 0 0 1 0 0 0 0 0 0 0 0 0 0 1 1 1 0 0 1 0 1  
0 0 1 0 0 0 0 0 0 1 1 0 1 1 0 0 0 0 0 1 1 0 0 0 0 0 0 0 0 0  
0 0 0 0 0 0 0 0 0 0 0 0 0 1 0 0 0 0 0 0 0 0 0 0 0 0 0 0 0 0  
0 0 0 1 0 0 0 0 0 1 1 0 1 0 1 0 0 0 1 0 0 1 1 0 0 0 1 0 1 0  
0 0 1 1 0 1 0 1 0 1 1 1 1 0 0 1 0 0 0 0 0 0 1 1 1 0 0 1 0 1  
0 1 0 1 0 1 0 1 0 0 0 0 0 0 0 1 1 1 0 0 0 1 1 0 0 1 1 1 0 1  
1 0 0 1 1 1 0 1 0 1 1 1 1 0 0 1 0 1 0 0 0 0 1 1 1 0 0 1 0 1  
0 0 0 1 0 0 0 1 0 1 1 0 1 1 0 0 0 0 1 1 0 0 1 0 0 0 0 0 1 0  
0 0 0 0 0 0 0 0 0 0 0 0 0 1 0 0 0 0 0 1 0 0 0 0 0 0 0 0 0 0  
0 0 0 0 0 0 0 0 0 0 0 0 0 1 0 0 0 0 0 1 1 0 0 0 0 0 0 0 0 0  
0 0 0 1 0 1 0 1 0 1 1 0 1 0 0 1 0 1 1 0 0 1 1 0 0 0 0 1 1 1  
0 0 1 0 0 0 0 0 0 1 1 0 1 1 0 0 0 0 0 1 0 0 1 0 0 0 0 0 1 0  
0 0 1 0 0 0 0 0 0 1 1 0 1 1 0 0 0 0 0 1 1 0 0 1 0 0 0 0 0 0  
0 0 1 0 0 0 0 1 0 0 0 0 0 0 0 0 0 0 0 0 0 0 0 1 1 0 0 1 0 1  
1 1 0 1 1 1 1 1 0 0 0 1 0 0 0 1 0 1 0 0 0 1 1 0 1 1 0 1 0 1  
0 0 0 1 0 0 0 1 0 1 1 0 1 0 0 0 0 1 1 0 0 1 1 0 0 0 1 0 1 0  
0 0 1 0 0 0 0 0 0 1 1 0 1 0 0 0 0 0 0 0 0 0 1 1 0 0 0 1 0 1  
0 0 1 0 0 0 0 0 0 1 1 0 1 1 0 0 0 0 0 1 1 0 0 0 0 0 0 0 1 0  
0 0 1 0 0 0 0 0 0 1 1 0 1 1 0 0 0 0 0 0 0 0 1 1 0 0 0 0 1 1  
Connect directly to BS 
0 0 1 1 0 0 0 1 0 1 1 0 1 1 0 0 0 0 1 1 1 0 1 1 1 0 0 1 1 1 
Cordinaates of sensors 
1 24.000000 98.000000
2 147.000000 45.000000
3 15.000000 288.000000
4 351.000000 251.000000
5 108.000000 84.000000
6 204.000000 116.000000
7 11.000000 76.000000
8 289.000000 199.000000
9 431.000000 12.000000
10 244.000000 359.000000
11 227.000000 399.000000
12 82.000000 91.000000
13 249.000000 365.000000
14 135.000000 449.000000
15 468.000000 448.000000
16 224.000000 116.000000
17 432.000000 104.000000
18 280.000000 131.000000
19 389.000000 446.000000
20 96.000000 474.000000
21 22.000000 454.000000
22 377.000000 229.000000
23 297.000000 296.000000
24 0.000000 223.000000
25 32.000000 120.000000
26 308.000000 62.000000
27 446.000000 362.000000
28 167.000000 139.000000
29 256.000000 436.000000
30 194.000000 170.000000
