Nombre des capteurs:
30
Nombre des targets:
30
Nombre de type de surveillance:
1

Caracteristiques:
300.000000 1 1.000000 30.000000 211.000000 a 504.479919 339.330231 81.123360 181.730576 173.002884 144.544113 156.156967 156.041656 462.649963 238.882813 248.847336 331.440796 372.711670 129.468140 177.507751 375.406433 136.058807 188.151535 302.100983 442.232971 417.268494 308.967621 128.035156 345.052185 375.449066 363.077118 213.215851 164.368484 324.755280 392.073975 
300.000000 12 3.000000 107.000000 20.000000 a 387.063293 200.062485 232.105576 259.237335 107.647575 330.752167 320.188995 223.080704 388.310455 428.869446 421.384613 479.634247 386.828125 90.553848 40.162170 396.232269 196.086716 38.013157 359.562225 471.291840 459.108917 359.005585 309.012939 332.615387 484.990723 236.103790 363.880463 92.048897 359.922211 383.400574 
300.000000 7 4.000000 260.000000 258.000000 a 338.793457 247.503540 160.112457 55.036350 175.445145 207.966339 163.975601 80.411446 263.837067 270.129608 227.407120 234.955322 138.177429 280.957306 244.131119 140.687592 106.943909 244.969391 77.794601 209.697403 188.308258 80.000000 191.269440 122.090134 208.338669 245.458755 157.746628 320.315460 90.824005 162.003082 
300.000000 4 5.000000 76.000000 397.000000 a 567.609009 446.413483 146.972794 188.175446 303.595123 48.093658 70.802544 200.262329 494.013153 50.803543 65.855904 163.636795 343.048096 316.938477 341.843536 338.363708 210.237961 350.035706 252.057526 381.284668 348.661713 264.168518 69.260376 349.000000 243.298172 456.277313 85.702972 354.611053 289.499573 379.043518 
300.000000 3 5.000000 363.000000 172.000000 a 206.014557 166.688339 274.898163 180.853531 204.284119 339.748444 297.067322 186.903717 132.003784 404.030945 359.172668 350.224213 109.416634 334.341156 268.411987 122.800652 200.084976 263.433105 150.216507 190.588562 191.324326 139.560028 321.398499 46.572525 292.656799 146.372818 290.642395 366.006836 119.364990 89.375610 
300.000000 3 3.000000 409.000000 204.000000 a 209.059799 214.767319 312.705933 211.546692 258.487915 365.952179 321.211761 225.390778 114.214706 419.539032 369.898621 345.637085 72.993149 387.695770 323.785431 86.833176 243.018524 319.075226 145.344421 142.940552 150.562286 132.774246 349.721313 36.400551 274.116760 188.904739 304.921295 420.415283 107.200745 37.947330 
300.000000 7 4.000000 21.000000 400.000000 a 611.144836 479.605042 167.764709 231.205536 327.365234 72.835434 114.057007 236.932480 541.786865 65.764732 111.789978 210.297409 395.919189 318.628296 356.040741 391.760132 241.400085 365.328613 305.360443 436.146759 403.629791 317.245972 94.366310 398.503448 296.141846 492.760590 140.431473 353.005676 342.163696 430.813171 
300.000000 7 5.000000 21.000000 107.000000 a 482.249939 300.433014 165.124191 239.301071 148.003372 247.523743 252.384628 204.401566 462.108215 343.097656 349.817108 426.194794 412.234161 32.015621 110.462662 418.168640 176.139145 121.655251 358.745026 490.828888 470.967102 362.505157 229.264038 370.696655 456.846802 331.789093 306.349487 60.033325 372.108856 421.531738 
300.000000 12 5.000000 31.000000 94.000000 a 470.031921 287.083618 172.409393 240.482849 138.708328 258.435669 260.931030 204.795013 452.584808 354.830933 359.506592 433.586212 408.754211 15.620500 96.005211 415.177063 176.051132 107.018692 358.453613 488.466980 469.554047 361.653137 239.493210 365.328613 460.821014 319.112823 313.746704 48.507732 370.151306 416.432465 
300.000000 11 1.000000 406.000000 256.000000 a 258.443420 260.541748 306.026154 201.039795 279.415466 345.742676 300.000000 222.643219 158.902481 389.104095 336.431274 302.423553 21.931713 404.352570 347.850555 35.171009 244.951019 344.607025 108.756607 96.254868 99.297531 96.041656 331.903595 49.819675 225.035553 237.507889 275.485016 439.829498 69.835518 21.931713 
300.000000 3 5.000000 290.000000 92.000000 a 218.762421 78.854294 248.394852 188.279053 122.053268 336.359924 301.807892 172.609390 194.612442 419.230255 386.038849 403.608734 212.849716 249.200729 173.366669 225.062210 169.118301 166.138504 223.293533 296.770966 293.373474 216.684097 314.579071 151.162170 368.598694 83.868942 315.981018 274.710754 205.496964 197.648682 
300.000000 10 2.000000 227.000000 236.000000 a 347.876404 235.034042 128.003906 32.557640 140.527573 191.010468 150.655243 42.579338 282.306580 264.803711 228.973801 252.446030 174.642487 241.478775 207.684860 178.370407 67.542580 209.353775 116.846054 248.781021 227.923233 119.620232 171.723618 149.214615 239.232101 239.033478 158.823807 281.042694 129.769028 194.041229 
300.000000 8 5.000000 187.000000 99.000000 a 318.818115 146.478668 176.005676 162.003082 20.124611 274.765350 250.683060 130.015381 296.546783 368.108673 347.574463 389.802521 274.643402 146.986389 78.549347 283.867920 110.022728 75.286118 249.707825 358.938721 346.770813 248.229736 251.924591 221.963959 381.702759 171.813858 282.294159 175.863586 247.881027 273.197723 
300.000000 6 2.000000 100.000000 133.000000 a 411.868896 238.270859 119.000000 164.784714 73.389374 217.680954 207.781128 128.222458 383.334045 315.729309 309.012939 372.248566 329.633118 77.987175 77.620872 335.943451 99.156441 86.977005 280.280212 409.216339 390.544495 283.028259 195.829010 287.543030 389.165771 265.113190 254.182999 118.139748 290.987976 338.363708 
300.000000 6 3.000000 70.000000 66.000000 a 427.299652 242.425247 188.403824 236.349319 107.540688 283.015900 278.172607 199.484329 416.136993 381.011810 379.011871 445.250488 388.624512 33.120991 50.635956 396.364746 170.578430 60.876926 347.908020 470.919312 454.805450 349.450989 262.274658 340.332184 461.862549 275.771637 326.643524 54.424259 354.684357 391.761414 
300.000000 10 3.000000 226.000000 237.000000 a 349.284973 236.315460 126.889717 31.144823 141.031906 189.612762 149.241409 41.773197 283.635315 263.402740 227.633484 251.390137 175.390991 241.350372 208.031250 179.025131 67.082039 209.773682 116.931602 249.274948 228.265198 119.854080 170.343765 150.336288 238.650375 240.393433 157.496033 280.978638 130.268951 195.023071 
300.000000 1 4.000000 27.000000 6.000000 a 467.052460 280.144592 256.602814 310.161255 174.837067 346.070801 346.174805 273.300201 469.315460 442.810333 445.902466 516.283813 458.039307 77.278717 106.550461 466.428986 244.380844 111.485428 420.990509 541.324280 526.430420 422.148071 326.663422 406.970520 535.510986 316.697021 396.944580 41.773197 426.356659 458.248840 
300.000000 9 2.000000 472.000000 483.000000 a 470.514618 496.234833 437.886963 347.876404 482.114105 420.900238 381.791840 383.255798 366.165253 406.596863 349.532532 260.048065 220.168121 588.695190 551.841492 207.060379 412.082520 551.609436 231.354706 144.256714 138.350998 230.722778 419.672485 283.134247 162.634567 473.895569 328.562012 628.732849 231.036789 248.294174 
300.000000 4 1.000000 117.000000 41.000000 a 378.038361 191.770691 211.683731 236.019073 84.811554 311.126984 299.001678 199.919983 373.807434 409.067230 400.079987 456.983582 365.547546 86.353920 17.262676 374.701202 173.080902 15.620500 336.657104 449.774384 437.028595 336.264771 289.126282 312.313934 461.732605 226.433212 341.716248 98.183502 337.616638 363.341431 
300.000000 2 1.000000 370.000000 144.000000 a 180.380157 143.561829 290.798889 201.695313 204.198425 360.879486 319.249115 203.592728 116.180893 428.506714 385.011688 378.549866 134.733063 334.790985 264.378510 148.475586 213.506439 258.321503 178.986038 212.849716 216.342316 168.404282 341.760162 73.171036 321.460724 120.074974 315.905060 364.156555 148.124954 108.706024 
300.000000 8 1.000000 363.000000 51.000000 a 136.400146 66.573265 331.013580 262.001923 202.200394 415.817261 378.874664 251.730011 136.952545 494.400635 456.885101 462.352692 227.554382 323.488800 243.100800 241.406296 251.286682 234.000000 267.525696 302.689606 308.690796 257.965118 394.575714 166.433167 412.292358 31.240999 386.587646 344.023254 239.676865 197.699265 
300.000000 11 3.000000 76.000000 355.000000 a 540.081482 411.048645 105.759163 160.206116 263.928009 6.708204 44.598206 166.604324 471.479584 92.439171 98.979797 190.223557 330.578278 275.234436 300.241577 327.514893 173.216629 308.585480 241.505692 377.298279 346.001434 252.794388 27.658634 329.309875 257.390747 422.933807 87.641312 313.229950 276.741760 363.661926 
300.000000 2 2.000000 217.000000 223.000000 a 347.604675 226.636276 120.540451 38.897301 124.615410 191.342621 153.264481 32.557640 286.342438 269.584869 236.617828 265.047180 187.640610 225.514969 191.400101 192.065094 53.450912 193.204559 133.003754 263.410339 243.281723 135.417877 171.026306 158.113876 254.960785 233.006439 167.026947 264.915070 144.474915 204.707108 
300.000000 6 1.000000 359.000000 75.000000 a 148.556381 79.397736 313.703674 240.709366 192.844498 396.070709 358.198273 232.361786 130.919830 472.914368 434.409943 438.381104 204.560501 318.077026 239.603836 218.332321 233.822586 231.248779 243.199509 281.177887 286.024475 233.636475 375.150635 142.898560 387.980682 50.596443 364.178528 341.151001 215.455338 176.264008 
300.000000 7 3.000000 113.000000 108.000000 a 392.665253 215.139496 144.585617 177.673859 56.000000 244.296951 232.053879 140.801285 370.109436 342.106720 333.216156 392.684357 329.969696 76.550636 50.487621 337.312897 112.294258 59.203041 287.814178 411.611481 394.964569 289.352722 222.173355 283.769287 403.866302 243.846268 276.030792 112.058022 294.869476 335.094025 
300.000000 12 4.000000 492.000000 42.000000 a 29.068884 186.959885 444.706635 360.406708 329.674072 519.432373 478.204987 359.469055 75.538071 587.068970 542.116211 526.608032 252.549011 452.770355 372.343933 265.572968 365.377899 363.111542 325.066162 300.541168 319.756165 312.921722 499.895996 210.508911 455.505219 149.753128 473.780548 473.026428 288.293243 210.344955 
300.000000 12 1.000000 445.000000 97.000000 a 97.247108 160.524139 378.219513 290.118927 276.219116 449.319489 407.403961 291.588745 42.941822 515.154358 469.825500 455.159302 185.324036 404.278381 327.331635 198.879364 299.901642 319.330536 253.475830 243.131653 258.027130 241.499481 430.267365 138.924438 386.943146 123.709335 401.639130 428.924225 217.368347 145.000000 
300.000000 2 1.000000 349.000000 59.000000 a 152.121658 60.827625 315.039673 247.258972 186.550262 400.344849 363.760925 236.211777 146.013702 479.654053 442.831787 450.344299 222.245361 308.857574 229.002182 235.934311 235.357178 220.145401 257.390747 299.628113 303.898010 248.261963 379.011871 160.124954 402.796478 32.557640 372.507721 330.218109 231.034622 194.794769 
300.000000 11 2.000000 429.000000 67.000000 a 84.504440 132.619751 377.446686 295.677185 263.212830 454.158569 413.823639 292.882233 73.593475 524.827576 481.966797 473.634888 211.435562 388.289825 309.131042 225.284271 297.941284 300.426361 272.459167 274.052917 287.085358 261.047882 434.200409 159.423965 410.332794 94.847244 412.710541 410.487518 238.296036 173.184875 
300.000000 11 2.000000 438.000000 466.000000 a 456.448242 469.640289 400.049988 311.006439 447.800171 383.293610 343.912781 346.666992 351.889191 371.486206 313.996826 227.068268 194.373352 552.326904 517.289063 180.712479 375.586212 517.403137 196.163193 126.889717 113.137085 196.458649 381.811462 256.846252 127.141655 449.161438 290.998291 592.555481 199.060287 226.638474 
Type de surveillance de chaque endroit(target):tab[nombre de target]
a a a a a a a a a a a a a a a a a a a a a a a a a a a a a a 
Matrix of neighbour
1 0 0 1 0 0 1 0 0 0 0 0 0 0 0 0 0 0 0 0 0 1 0 0 0 0 0 0 0 0  
1 1 1 0 1 0 0 1 1 0 1 1 1 1 1 1 0 0 1 1 0 0 1 0 1 0 0 0 0 0  
1 0 1 1 0 0 1 0 0 0 0 1 0 0 0 1 0 0 0 0 0 1 1 0 0 0 0 0 0 0  
0 0 0 1 0 0 0 0 0 0 0 0 0 0 0 0 0 0 0 0 0 0 0 0 0 0 0 0 0 0  
0 0 1 0 1 0 0 0 0 1 0 1 1 1 0 1 0 0 0 0 0 0 1 0 1 0 0 0 0 0  
0 0 1 0 1 1 0 0 0 1 1 1 1 0 0 1 0 0 0 0 0 0 1 0 0 0 0 0 0 1  
0 0 0 1 0 0 1 0 0 0 0 0 0 0 0 0 0 0 0 0 0 1 0 0 0 0 0 0 0 0  
1 0 1 1 0 0 1 1 0 0 0 1 0 1 0 1 0 0 0 0 0 1 1 0 1 0 0 0 0 0  
1 0 1 0 0 0 0 1 1 0 0 1 1 1 0 1 0 0 0 0 0 1 1 0 1 0 0 0 0 0  
0 0 1 0 0 0 0 0 0 1 0 1 1 0 0 1 0 0 0 0 0 0 1 0 0 0 0 0 0 0  
1 0 1 0 1 0 0 1 1 1 1 1 1 1 1 1 0 0 1 0 0 0 1 0 1 0 0 0 0 0  
1 0 0 1 0 0 1 0 0 0 0 1 0 0 0 1 0 0 0 0 0 1 0 0 0 0 0 0 0 0  
1 0 1 0 0 0 0 1 0 0 0 1 1 1 0 1 0 0 0 0 0 1 1 0 1 0 0 0 0 0  
1 0 1 1 0 0 1 0 0 0 0 1 0 1 0 1 0 0 0 0 0 1 1 0 0 0 0 0 0 0  
1 0 1 0 0 0 0 1 1 0 0 1 1 1 1 1 0 0 0 0 0 1 1 0 1 0 0 0 0 0  
1 0 0 1 0 0 1 0 0 0 0 0 0 0 0 1 0 0 0 0 0 1 0 0 0 0 0 0 0 0  
1 1 0 0 0 0 0 1 1 0 1 0 1 1 1 0 1 0 1 0 0 0 1 0 1 0 0 0 0 0  
0 0 0 0 0 1 0 0 0 1 0 0 0 0 0 0 0 1 0 0 0 0 0 0 0 0 0 0 0 1  
1 0 1 0 1 0 0 1 1 0 0 1 1 1 1 1 0 0 1 0 0 0 1 0 1 0 0 0 0 0  
0 0 1 0 1 1 0 0 0 1 1 1 1 1 0 1 0 0 1 1 0 0 1 0 1 0 0 0 0 0  
0 1 1 0 1 1 0 0 0 1 1 1 1 1 1 1 0 0 1 1 1 0 1 1 1 0 0 1 0 0  
0 0 0 1 0 0 0 0 0 0 0 0 0 0 0 0 0 0 0 0 0 1 0 0 0 0 0 0 0 0  
1 0 0 1 0 0 1 0 0 0 0 1 0 0 0 1 0 0 0 0 0 1 1 0 0 0 0 0 0 0  
0 1 1 0 1 1 0 0 0 1 1 1 1 1 1 1 0 0 1 1 0 0 1 1 1 0 0 0 0 0  
1 0 1 1 0 0 0 0 0 0 0 1 0 1 0 1 0 0 0 0 0 1 1 0 1 0 0 0 0 0  
0 0 0 0 1 1 0 0 0 1 1 0 0 0 0 0 0 0 0 1 1 0 0 1 0 1 1 1 1 0  
0 0 1 0 1 1 0 0 0 1 1 1 1 0 0 1 0 0 0 1 1 0 1 1 0 0 1 1 0 0  
0 1 1 0 1 1 0 0 0 1 1 1 1 1 1 1 0 0 1 1 0 0 1 1 1 0 0 1 0 0  
0 0 1 0 1 1 0 0 0 1 1 1 1 0 0 1 0 0 0 1 1 0 1 1 0 0 1 1 1 0  
0 0 1 0 0 0 0 0 0 1 0 0 0 0 0 0 0 0 0 0 0 0 0 0 0 0 0 0 0 1  
Connect directly to BS 
1 0 1 1 0 0 1 0 0 0 0 1 0 1 0 1 0 0 0 0 0 1 1 0 1 0 0 0 0 0 
Cordinaates of sensors 
1 30.000000 211.000000
2 107.000000 20.000000
3 260.000000 258.000000
4 76.000000 397.000000
5 363.000000 172.000000
6 409.000000 204.000000
7 21.000000 400.000000
8 21.000000 107.000000
9 31.000000 94.000000
10 406.000000 256.000000
11 290.000000 92.000000
12 227.000000 236.000000
13 187.000000 99.000000
14 100.000000 133.000000
15 70.000000 66.000000
16 226.000000 237.000000
17 27.000000 6.000000
18 472.000000 483.000000
19 117.000000 41.000000
20 370.000000 144.000000
21 363.000000 51.000000
22 76.000000 355.000000
23 217.000000 223.000000
24 359.000000 75.000000
25 113.000000 108.000000
26 492.000000 42.000000
27 445.000000 97.000000
28 349.000000 59.000000
29 429.000000 67.000000
30 438.000000 466.000000
