Nombre des capteurs:
30
Nombre des targets:
30
Nombre de type de surveillance:
1

Caracteristiques:
300.000000 6 3.000000 35.000000 449.000000 a 367.869537 512.659729 413.456177 355.195709 309.724060 456.211578 401.931580 270.024078 232.432785 382.635590 228.354980 455.798187 328.671570 208.504196 407.835754 361.535614 279.401154 389.452179 375.532959 200.039993 329.028870 456.694641 199.090439 324.887665 462.550537 113.600174 400.026245 452.823364 157.622971 380.663879 
300.000000 6 4.000000 136.000000 347.000000 a 224.474945 369.855377 343.087463 211.766388 199.449249 313.292206 273.788239 151.082764 123.693169 261.765167 137.742508 344.071228 219.544983 164.015244 266.257385 246.018295 172.191757 271.223145 286.006989 143.627991 191.313873 342.118408 145.835526 236.247757 322.074524 134.238586 285.015778 311.852539 128.809937 273.239807 
300.000000 4 4.000000 348.000000 148.000000 a 66.528191 94.201912 359.610901 81.987801 236.002121 50.328918 170.578430 212.924866 246.789383 201.762238 284.344849 262.651855 238.757202 350.827606 52.952808 220.077255 246.829895 213.506439 287.758575 332.701080 138.917236 230.217285 327.482819 277.218323 72.006943 390.518890 209.153061 61.587337 351.512451 232.862625 
300.000000 6 1.000000 361.000000 6.000000 a 199.612122 49.040798 495.347351 201.357895 287.141083 99.929977 184.092361 353.824829 385.572296 220.056808 360.406708 232.019394 279.517456 422.962158 194.023193 247.000000 310.077423 225.157730 425.828613 409.815826 222.991028 352.012787 466.615479 419.004761 182.279999 522.220276 343.284149 179.293060 487.247375 369.997284 
300.000000 8 1.000000 363.000000 449.000000 a 259.044403 394.000000 94.413979 273.853973 391.153412 349.561157 407.603973 123.227432 128.968994 417.873199 366.259460 503.658600 407.932587 409.216339 249.050201 417.137878 375.554260 431.027832 51.078373 387.587402 316.840668 159.831161 129.139465 24.331051 272.442657 221.325546 119.954155 270.542053 171.572144 88.323273 
300.000000 10 1.000000 187.000000 270.000000 a 137.058380 277.850677 342.428101 121.082619 142.358704 221.382019 191.065430 129.321304 127.318497 186.593140 122.004097 273.227020 160.654907 179.201004 184.772827 177.417587 124.579292 198.080795 273.879547 157.407120 101.867561 298.839417 190.876923 231.536179 241.962814 215.336945 245.422089 230.846268 193.064758 243.823700 
300.000000 6 3.000000 461.000000 452.000000 a 299.981659 408.916870 44.598206 320.975067 462.179626 374.649170 459.880432 200.688812 218.288803 476.425232 449.169220 558.412903 477.001038 497.494720 272.237030 480.400879 450.821472 489.869385 55.946404 475.509186 376.113007 115.260574 227.019821 105.513031 275.394257 318.323730 115.169441 277.780487 269.224823 95.131485 
300.000000 7 4.000000 41.000000 231.000000 a 264.196899 366.960480 482.901642 239.708160 108.466583 316.892731 214.254517 274.147766 259.886505 185.067551 33.734257 244.393127 123.146255 32.893768 318.512177 159.260788 81.565926 187.779129 418.766052 20.591261 180.277557 449.908875 295.677185 372.505035 374.354095 270.386749 396.445465 362.465179 276.812225 393.513672 
300.000000 3 5.000000 490.000000 464.000000 a 325.972382 428.263947 53.254108 347.841919 492.045715 396.697632 486.856232 231.846939 249.649750 504.420471 480.266602 585.527100 506.581696 528.851563 295.160980 509.134552 481.212006 517.873535 87.321243 506.858948 404.586212 126.570137 256.158142 136.682114 293.552368 346.417389 138.423264 296.966339 298.001678 122.494896 
300.000000 7 1.000000 152.000000 275.000000 a 169.955872 304.829468 366.601959 151.726730 132.196823 248.917664 200.039993 155.415573 145.670868 189.042328 93.193344 272.970703 151.921036 145.784088 219.228195 175.034286 108.673820 199.062805 300.466309 123.761871 119.570061 332.031616 197.797882 255.634506 276.470612 206.155289 277.708466 265.216888 192.208221 274.116760 
300.000000 7 3.000000 29.000000 430.000000 a 359.673462 502.176270 421.882690 345.810638 293.001709 445.917023 387.001282 269.532928 233.105133 366.694702 210.857773 438.553314 311.708191 188.957672 401.423706 345.046387 262.640442 373.148773 381.001312 181.011047 316.551727 458.328491 206.518768 330.037872 456.826019 125.801430 401.322815 446.813171 166.306946 383.262299 
300.000000 10 3.000000 481.000000 258.000000 a 188.162170 234.804169 238.581223 215.353195 384.762268 217.830215 339.944122 215.573654 254.530945 367.707764 408.417664 434.659637 392.787476 471.271698 135.988968 381.776123 386.372864 380.368256 185.153992 450.089996 283.670593 80.056229 315.939880 206.816345 103.392456 404.101471 104.861816 111.758667 354.324707 136.213074 
300.000000 6 2.000000 323.000000 303.000000 a 107.870293 251.205093 227.178345 122.930878 261.222137 202.121246 259.493744 60.802959 99.824844 273.821106 261.231689 357.261810 275.036346 318.888702 108.784187 277.315704 253.031616 287.236847 153.117599 296.951172 173.112686 158.902481 176.139145 127.200630 151.013245 252.438110 106.230881 144.267120 206.787323 110.113579 
300.000000 4 2.000000 295.000000 78.000000 a 119.268608 71.784401 442.557343 112.449989 196.290604 41.880783 103.004852 274.116760 301.532745 139.230026 264.871674 182.156525 191.901016 328.817566 137.306229 163.624573 216.480942 148.013519 369.358917 314.542511 125.319588 317.944977 381.903137 352.852661 155.878159 430.360321 294.333130 147.085007 398.539825 315.901886 
300.000000 1 5.000000 175.000000 376.000000 a 220.056808 372.001343 295.575714 213.009384 235.580139 315.673889 297.486145 114.542572 81.006172 290.621735 182.496582 375.825745 255.409470 212.558228 253.899582 278.188782 210.684601 301.303833 240.902466 192.002609 208.136978 305.373535 98.600204 190.412704 306.910400 109.480591 248.072571 297.741486 88.645363 233.019318 
300.000000 1 3.000000 227.000000 174.000000 a 79.404030 180.712479 387.764099 52.201534 117.686020 126.245789 101.242287 187.840363 205.060974 113.070778 160.962723 197.091354 125.355492 227.404922 133.555237 119.016808 124.064499 126.506920 313.869385 209.859482 16.278820 299.828278 281.087189 283.593018 185.132385 318.022003 257.945740 173.141556 291.111664 269.001862 
300.000000 1 3.000000 39.000000 317.000000 a 289.993103 416.677338 443.822021 270.236938 183.174774 362.404480 282.936401 250.457581 225.142181 258.940155 99.368004 326.643524 200.960190 80.411446 339.779327 235.567398 153.026138 264.092773 387.537109 68.468971 225.610291 439.501984 238.891190 337.733612 397.020142 194.733154 382.953003 385.768066 211.482864 373.225128 
300.000000 11 4.000000 184.000000 496.000000 a 321.810516 475.943268 262.007629 320.777191 354.391022 421.118744 417.076721 177.045197 139.086304 410.954987 293.400757 496.058472 374.386169 307.883087 343.354034 398.278809 328.153931 421.626617 235.722290 290.547760 326.119598 333.766388 64.660652 188.854446 388.856018 42.720020 281.554626 381.943726 33.955853 255.548431 
300.000000 11 3.000000 200.000000 178.000000 a 104.737770 204.200882 400.464722 77.781746 92.655273 151.092682 99.322708 194.537918 206.729294 101.980392 134.134262 188.854446 102.474388 200.489395 159.524292 102.068604 97.000000 114.947815 327.262878 183.308487 13.038404 320.755371 279.078827 293.751587 212.021225 308.131470 276.400085 200.022491 285.112244 285.112244 
300.000000 7 5.000000 239.000000 300.000000 a 121.264175 274.592438 283.698792 117.324333 197.306870 218.819565 225.942474 70.767227 78.854294 229.532135 181.661774 316.715973 214.200836 236.230820 155.438095 225.470612 182.701950 242.156967 214.200836 214.161148 132.003784 242.002060 155.080627 173.277237 209.976196 204.416245 187.243164 200.204895 169.640793 184.092361 
300.000000 6 4.000000 119.000000 182.000000 a 184.610397 275.072723 451.965698 158.154984 33.734257 226.013275 126.245789 239.006271 238.314911 102.883430 61.554855 179.279114 53.758720 124.422668 239.676865 82.200974 16.492422 109.635757 381.693604 110.602890 92.655273 391.429443 296.233002 341.539154 293.001709 300.043335 342.706879 281.001770 290.327393 346.413055 
300.000000 4 1.000000 226.000000 141.000000 a 95.210297 161.755981 415.943512 70.035706 114.280357 111.427109 70.710678 219.640610 237.899139 89.022469 173.184875 168.680176 116.619041 238.447052 144.585617 101.237343 128.444534 102.303467 341.760162 222.910294 33.541019 319.864044 314.101898 313.600067 190.252457 349.748474 281.485352 178.538513 323.790070 294.869476 
300.000000 5 4.000000 216.000000 111.000000 a 122.331520 157.305435 446.753845 99.020203 110.724884 114.437759 40.000000 251.240921 268.990692 65.000000 181.474518 138.683090 107.517441 244.124969 167.585800 83.600243 131.369705 77.369247 372.505035 230.800781 60.207973 346.659790 344.470612 345.028992 208.124969 376.940308 310.344971 196.865433 352.817230 324.819946 
300.000000 10 3.000000 369.000000 243.000000 a 80.448738 188.095718 262.545227 106.677086 273.651245 147.258270 241.298569 136.400146 175.285477 264.609131 295.611237 339.411255 282.978790 359.001404 44.384682 275.426941 273.826599 277.800293 190.465225 338.053253 173.631790 144.589066 251.334442 182.274521 75.451973 327.519470 113.600174 69.318108 282.363251 135.723984 
300.000000 7 5.000000 357.000000 195.000000 a 54.037025 140.128510 311.964752 80.224686 249.280960 97.800819 201.695313 171.898224 208.146576 228.652573 284.481995 298.073822 255.665802 350.168518 5.099020 242.923859 254.568268 241.373154 239.927078 330.442139 147.959457 187.323257 287.626495 230.008698 56.753853 356.602020 162.163498 45.221676 314.720520 185.162094 
300.000000 3 4.000000 486.000000 402.000000 a 274.798096 368.154846 100.319489 298.412476 451.536255 339.023590 436.766541 205.185287 231.354706 456.898224 448.807312 535.397034 464.655792 502.171295 239.140121 463.907318 443.694702 470.315857 80.653580 480.035400 359.146210 64.498062 257.513092 129.065872 233.060074 351.005707 87.114868 237.143417 300.261566 83.216583 
300.000000 6 3.000000 252.000000 206.000000 a 51.788029 187.408646 347.246307 30.232433 151.158859 130.801376 140.459961 150.136612 171.046783 153.674988 178.907791 237.356277 161.533279 244.663040 106.169678 158.700974 151.608047 167.107742 273.300201 225.144394 53.907330 261.725037 249.649750 243.741669 161.941345 295.447113 218.185699 150.096634 263.910980 228.527893 
300.000000 12 5.000000 323.000000 375.000000 a 179.120071 322.490295 171.143219 191.603760 309.187653 274.089417 323.692749 42.720020 67.029846 333.781372 291.207825 419.547363 325.399750 340.085297 178.465683 333.430664 295.311707 346.953888 102.396286 318.025146 232.723007 159.354950 119.670380 61.611687 213.440857 208.031250 102.786186 208.722305 157.813187 85.023529 
300.000000 10 2.000000 22.000000 32.000000 a 325.861938 341.774780 627.072571 299.456177 147.610977 315.634277 176.377441 415.481659 416.870483 144.471451 198.917068 110.860275 130.969467 210.342575 375.659424 130.698120 166.964066 132.517929 555.115295 217.186554 234.610321 549.155701 473.152191 517.704529 417.493713 465.279480 506.502716 406.306549 463.315216 515.050476 
300.000000 3 1.000000 467.000000 4.000000 a 253.268631 115.831772 490.449799 265.188599 383.470978 167.863037 285.043854 391.795868 428.544037 321.628662 450.387604 338.001465 378.251251 515.260132 224.269928 347.800232 403.450134 328.000000 428.805328 500.120972 305.655029 334.181091 507.631744 434.632019 185.348328 576.071167 343.097656 189.256439 535.075684 373.687042 
Type de surveillance de chaque endroit(target):tab[nombre de target]
a a a a a a a a a a a a a a a a a a a a a a a a a a a a a a 
Matrix of neighbour
1 1 0 0 0 0 0 0 0 0 1 0 0 0 1 0 0 0 0 0 0 0 0 0 0 0 0 0 0 0  
0 1 0 0 0 0 0 0 0 0 0 0 0 0 0 0 0 0 0 0 0 0 0 0 0 0 0 0 0 0  
0 1 1 0 0 1 0 0 0 1 0 0 1 0 1 1 0 0 1 1 1 1 1 1 1 0 1 1 0 0  
0 0 1 1 0 0 0 0 0 0 0 1 1 1 0 1 0 0 1 0 1 1 1 1 1 0 1 0 0 0  
0 1 0 0 1 1 0 0 0 1 0 0 1 0 1 0 0 1 0 1 0 0 0 0 0 0 1 1 0 0  
1 1 0 0 0 1 0 0 0 1 1 0 0 0 1 0 1 1 0 0 0 0 0 0 0 0 0 0 0 0  
0 0 0 0 1 0 1 0 0 0 0 0 1 0 1 0 0 1 0 1 0 0 0 1 1 0 0 1 0 0  
1 1 0 0 0 1 0 1 0 1 1 0 0 0 1 0 1 0 0 1 0 0 0 0 0 0 0 0 0 0  
0 0 0 0 1 0 1 0 1 0 0 0 1 0 0 0 0 0 0 1 0 0 0 1 0 1 0 1 0 0  
1 1 0 0 0 0 0 0 0 1 1 0 0 0 1 0 1 1 0 0 0 0 0 0 0 0 0 0 0 0  
0 1 0 0 0 0 0 0 0 0 1 0 0 0 0 0 0 0 0 0 0 0 0 0 0 0 0 0 0 0  
0 0 1 0 1 1 1 0 1 0 0 1 1 1 0 1 0 0 1 1 0 1 0 1 1 1 1 1 0 0  
0 1 0 0 0 1 0 1 0 1 0 0 1 0 1 0 1 1 0 1 1 0 0 0 0 0 0 1 0 0  
0 0 1 0 0 1 0 1 0 1 0 0 1 1 0 1 0 0 1 1 1 1 1 1 1 0 1 1 1 0  
0 1 0 0 0 0 0 0 0 0 1 0 0 0 1 0 0 0 0 0 0 0 0 0 0 0 0 0 0 0  
0 1 0 0 0 1 0 1 0 1 0 0 1 0 1 1 1 0 1 1 1 0 0 0 0 0 1 1 0 0  
1 1 0 0 0 0 0 0 0 0 1 0 0 0 1 0 1 0 0 0 0 0 0 0 0 0 0 0 0 0  
1 1 0 0 0 0 0 0 0 0 1 0 0 0 1 0 1 1 0 0 0 0 0 0 0 0 0 0 0 0  
0 1 0 0 0 1 0 1 0 1 0 0 1 0 1 0 1 0 1 1 1 0 0 0 0 0 0 1 0 0  
1 1 0 0 0 1 0 0 0 1 1 0 0 0 1 0 1 1 0 1 0 0 0 0 0 0 0 0 0 0  
1 1 0 0 0 1 0 1 0 1 1 0 0 0 1 0 1 0 0 1 1 0 0 0 0 0 0 0 0 0  
0 1 0 0 0 1 0 1 0 1 0 0 1 0 1 1 1 0 1 1 1 1 0 0 0 0 1 1 0 0  
0 1 0 0 0 1 0 1 0 1 0 0 1 0 1 1 1 0 1 1 1 1 1 0 0 0 1 1 0 0  
0 1 0 0 1 1 0 0 0 1 0 0 1 0 1 1 0 0 1 1 1 1 1 1 0 0 1 1 0 0  
0 1 0 0 1 1 0 0 0 1 0 0 1 0 1 1 0 0 1 1 1 1 1 1 1 0 1 1 0 0  
0 0 1 0 1 0 1 0 0 0 0 0 1 0 0 0 0 0 0 1 0 0 0 1 1 1 0 1 0 0  
0 1 0 0 0 1 0 1 0 1 0 0 1 0 1 0 1 1 1 1 1 0 0 0 0 0 1 1 0 0  
1 1 0 0 0 1 0 0 0 1 1 0 0 0 1 0 1 1 0 1 1 0 0 0 0 0 0 1 0 0  
0 0 0 0 0 1 0 1 0 1 0 0 0 0 0 1 1 0 1 0 1 1 1 0 0 0 1 0 1 0  
0 0 1 1 0 0 0 0 0 0 0 1 0 1 0 1 0 0 0 0 0 1 1 1 1 0 1 0 0 1  
Connect directly to BS 
1 1 0 0 1 1 0 1 0 1 1 0 1 0 1 1 1 1 1 1 1 1 0 0 0 0 1 1 0 0 
Cordinaates of sensors 
1 35.000000 449.000000
2 136.000000 347.000000
3 348.000000 148.000000
4 361.000000 6.000000
5 363.000000 449.000000
6 187.000000 270.000000
7 461.000000 452.000000
8 41.000000 231.000000
9 490.000000 464.000000
10 152.000000 275.000000
11 29.000000 430.000000
12 481.000000 258.000000
13 323.000000 303.000000
14 295.000000 78.000000
15 175.000000 376.000000
16 227.000000 174.000000
17 39.000000 317.000000
18 184.000000 496.000000
19 200.000000 178.000000
20 239.000000 300.000000
21 119.000000 182.000000
22 226.000000 141.000000
23 216.000000 111.000000
24 369.000000 243.000000
25 357.000000 195.000000
26 486.000000 402.000000
27 252.000000 206.000000
28 323.000000 375.000000
29 22.000000 32.000000
30 467.000000 4.000000
