Nombre des capteurs:
30
Nombre des targets:
15
Nombre de type de surveillance:
1

Caracteristiques:
300.000000 8 2.000000 22.000000 108.000000 a 228.589157 286.127594 106.512909 464.233765 247.951614 363.064728 89.677200 459.548706 326.070557 241.049789 169.434357 327.184967 179.334885 120.353645 297.121185 
300.000000 10 4.000000 99.000000 397.000000 a 415.260162 46.615448 267.366791 291.061859 67.779053 65.863495 383.718658 513.183228 252.958496 229.008728 132.913513 373.876984 121.198181 194.743423 409.386139 
300.000000 7 3.000000 242.000000 325.000000 a 324.499603 114.236595 226.035400 162.049377 118.342720 169.531708 370.563080 361.624115 95.482986 110.072701 203.973038 232.131424 167.044907 257.386871 285.954529 
300.000000 8 1.000000 295.000000 215.000000 a 225.470612 221.334595 188.724670 200.002502 208.331467 289.292236 327.200256 245.733597 46.818798 57.000000 258.306030 110.145355 221.840027 291.247314 167.967255 
300.000000 9 5.000000 352.000000 158.000000 a 202.566040 301.942047 227.607117 236.078384 288.027771 368.803467 347.968384 165.302750 109.004585 127.455872 329.830261 39.115215 295.061005 354.774567 116.709038 
300.000000 3 1.000000 278.000000 94.000000 a 107.540688 309.930634 156.438492 317.416138 285.159607 388.479095 256.222565 204.570282 168.267639 127.440186 296.445618 75.272835 268.151062 304.573486 57.801384 
300.000000 8 4.000000 326.000000 303.000000 a 318.760101 200.524307 263.787781 108.811768 204.364868 245.839386 408.050232 294.292358 46.486557 124.450790 283.289612 185.431931 245.381332 330.847382 255.331161 
300.000000 10 5.000000 76.000000 414.000000 a 438.717438 75.213028 287.383026 314.841217 93.295227 68.818604 397.333618 541.639160 281.513763 256.602814 141.661575 401.937805 137.131317 200.382141 436.033264 
300.000000 4 2.000000 406.000000 183.000000 a 257.386871 327.612579 284.787628 208.614471 319.882782 385.379028 407.461639 150.359573 121.659363 171.020462 373.755280 85.702972 337.360352 404.400787 163.932907 
300.000000 8 2.000000 329.000000 480.000000 a 490.373322 221.278107 403.744965 107.898102 251.676376 198.708328 547.847595 454.138733 221.731827 280.189209 350.486816 361.553589 319.715485 411.866486 432.296204 
300.000000 3 2.000000 19.000000 42.000000 a 209.059799 348.579987 139.176147 509.354492 310.304688 427.215393 26.925823 459.088226 363.803528 279.087799 235.331680 338.864288 243.298172 185.607117 294.061218 
300.000000 9 2.000000 458.000000 83.000000 a 247.951614 430.592621 335.451935 315.417175 417.800201 493.879547 429.791809 37.735924 229.314194 256.561890 456.776764 114.791115 423.098083 476.289825 149.164337 
300.000000 3 4.000000 447.000000 220.000000 a 312.553986 344.383514 333.109589 180.249832 342.527374 392.404114 460.214081 171.819672 141.481445 209.059799 406.872223 140.730240 369.423889 443.055298 218.036697 
300.000000 8 5.000000 481.000000 212.000000 a 332.520691 378.549866 364.123596 200.803391 377.270447 424.694000 487.804260 161.027954 176.377441 243.018524 441.661621 161.471359 404.259827 477.235779 234.776489 
300.000000 10 4.000000 355.000000 256.000000 a 286.681000 246.008133 260.894623 139.463257 243.813446 298.216370 399.816193 239.069031 44.102154 123.975807 311.642426 137.131317 273.806488 352.195953 212.198013 
300.000000 10 5.000000 224.000000 47.000000 a 46.000000 334.511597 129.073624 381.958099 303.922699 417.268494 193.041443 254.031494 229.157150 168.582321 291.274780 144.253250 270.303528 284.253418 89.005615 
300.000000 5 2.000000 351.000000 244.000000 a 274.186066 248.338486 251.781647 152.085495 244.190506 303.415558 389.549744 231.036789 42.720020 116.661903 308.663239 125.015999 271.016602 347.416168 199.649689 
300.000000 3 1.000000 299.000000 294.000000 a 302.446686 178.941330 237.693085 133.003754 179.513229 231.276886 382.597687 301.811188 37.000000 99.809822 255.634506 182.002747 217.664886 302.512817 246.398056 
300.000000 12 4.000000 361.000000 106.000000 a 172.609390 346.225372 236.326050 286.471649 328.866241 416.587311 339.342010 129.282639 160.962723 164.347198 359.706818 17.691807 327.233856 376.948273 75.286118 
300.000000 11 5.000000 307.000000 460.000000 a 466.444000 192.353836 375.502319 107.935165 222.182358 175.102829 519.188782 443.308014 201.039795 254.530945 320.975067 343.576782 290.024139 382.227692 412.043701 
300.000000 8 2.000000 437.000000 488.000000 a 531.543030 322.372467 473.465942 107.786827 348.833771 306.889221 619.012939 438.919128 261.375214 337.831329 446.534424 379.348114 412.972168 505.578888 457.138916 
300.000000 3 4.000000 327.000000 6.000000 a 103.121284 410.604431 236.698120 390.120483 385.736969 488.599030 294.287262 157.562683 253.505417 227.160736 391.138092 115.121674 365.329987 391.369385 44.271889 
300.000000 8 3.000000 374.000000 256.000000 a 295.846252 262.992401 277.721069 135.944839 261.885468 312.678741 415.270996 229.871704 63.071388 142.045761 330.605499 139.262344 292.754150 371.134735 216.760239 
300.000000 7 5.000000 35.000000 39.000000 a 192.782257 346.359650 129.402466 499.928986 308.133087 426.185394 20.099751 443.162506 352.953247 268.672668 237.170822 324.030853 242.596375 190.538712 278.145660 
300.000000 8 3.000000 79.000000 219.000000 a 261.818634 161.755981 99.764725 355.394135 123.490891 240.902466 205.221832 432.926086 235.423019 159.050308 66.887962 287.923615 58.077534 75.425461 289.822357 
300.000000 7 4.000000 349.000000 442.000000 a 458.373199 223.892838 382.687866 65.436989 249.577637 217.331543 528.000977 411.730499 186.903717 252.685577 347.247742 323.000000 313.869385 406.509521 395.641266 
300.000000 4 3.000000 138.000000 120.000000 a 146.823029 250.001999 16.278820 370.060791 214.457458 334.053894 145.691452 346.930817 221.923416 137.931137 182.131821 211.002365 166.688339 171.478867 189.232666 
300.000000 8 3.000000 343.000000 34.000000 a 123.490891 394.121796 237.693085 360.080536 371.431030 470.022339 310.362701 136.066162 227.264160 209.251053 384.662201 85.211502 356.609039 390.089722 33.105892 
300.000000 11 4.000000 59.000000 153.000000 a 224.341263 230.592712 70.519501 407.682465 192.317444 309.725677 136.499084 431.236603 273.386169 189.433365 123.911255 291.986298 126.115028 92.200867 274.847229 
300.000000 8 1.000000 479.000000 29.000000 a 256.532654 482.954437 367.441162 372.780090 468.027771 548.665649 446.112091 22.022715 284.822754 304.428986 500.233948 158.113876 468.095062 514.615417 167.083817 
Type de surveillance de chaque endroit(target):tab[nombre de target]
a a a a a a a a a a a a a a a 
Matrix of neighbour
1 1 0 1 0 0 0 0 0 0 0 0 0 0 0 0 0 0 0 0 0 0 0 0 1 0 1 0 1 0  
0 1 0 0 0 0 0 0 0 0 0 0 0 0 0 0 0 0 0 0 0 0 0 0 0 0 0 0 0 0  
0 1 1 0 0 0 0 1 0 0 0 0 0 0 0 0 0 0 0 0 0 0 0 0 0 0 0 0 0 0  
0 1 1 1 0 0 1 1 0 1 0 0 0 0 0 0 0 1 0 1 0 0 0 0 1 1 0 0 1 0  
0 0 1 1 1 0 1 0 0 0 0 0 0 0 1 0 1 1 0 0 0 0 1 0 1 1 1 0 1 0  
1 0 1 1 1 1 1 0 0 0 0 0 0 0 1 0 1 1 0 0 0 0 1 0 1 0 1 0 1 0  
0 1 1 0 0 0 1 1 0 1 0 0 0 0 0 0 0 1 0 1 0 0 0 0 1 0 0 0 0 0  
0 1 0 0 0 0 0 1 0 0 0 0 0 0 0 0 0 0 0 0 0 0 0 0 0 0 0 0 0 0  
0 0 1 1 1 1 1 0 1 0 0 0 0 0 1 1 1 1 0 1 0 0 1 0 0 1 1 0 0 0  
0 1 1 0 0 0 0 1 0 1 0 0 0 0 0 0 0 1 0 1 0 0 0 0 0 0 0 0 0 0  
1 0 0 0 0 1 0 0 0 0 1 0 0 0 0 0 0 0 0 0 0 0 0 1 1 0 1 0 1 0  
0 0 0 1 1 1 1 0 1 0 0 1 1 1 1 1 1 1 1 0 0 1 1 0 0 0 0 1 0 0  
0 0 1 1 1 1 1 0 1 1 0 0 1 0 1 1 1 1 0 1 1 0 1 0 0 1 0 0 0 0  
0 0 1 1 1 1 1 0 1 0 0 0 1 1 1 0 1 1 1 0 1 0 1 0 0 1 0 0 0 0  
0 1 1 1 0 0 1 0 0 1 0 0 0 0 1 0 0 1 0 1 0 0 0 0 1 1 1 0 0 0  
1 0 1 1 1 1 1 0 0 0 1 0 0 0 1 1 1 1 0 0 0 0 1 1 1 0 1 0 1 0  
0 1 1 1 0 0 1 0 0 1 0 0 0 0 1 0 1 1 0 1 0 0 0 0 1 1 1 0 0 0  
0 1 1 0 0 0 0 1 0 0 0 0 0 0 0 0 0 1 0 1 0 0 0 0 1 0 0 0 0 0  
0 0 1 1 1 1 1 0 1 0 0 0 1 0 1 1 1 1 1 0 0 0 1 0 0 0 1 0 0 0  
0 1 1 0 0 0 0 1 0 0 0 0 0 0 0 0 0 0 0 1 0 0 0 0 0 0 0 0 0 0  
0 0 1 0 0 0 1 0 0 1 0 0 0 0 1 0 1 1 0 1 1 0 1 0 0 1 0 0 0 0  
0 0 0 1 1 1 1 0 1 0 0 0 1 1 1 1 1 1 1 0 0 1 1 1 0 0 1 1 0 0  
0 0 1 1 0 0 1 0 0 1 0 0 0 0 1 0 1 1 0 1 0 0 1 0 1 1 1 0 0 0  
1 0 0 0 0 1 0 0 0 0 0 0 0 0 0 0 0 0 0 0 0 0 0 1 1 0 1 0 1 0  
0 1 1 0 0 0 0 1 0 0 0 0 0 0 0 0 0 0 0 0 0 0 0 0 1 0 0 0 0 0  
0 1 1 0 0 0 1 1 0 1 0 0 0 0 0 0 0 1 0 1 0 0 0 0 0 1 0 0 0 0  
0 1 1 1 0 0 1 0 0 0 0 0 0 0 0 0 0 1 0 0 0 0 0 0 1 0 1 0 1 0  
0 0 0 1 1 1 1 0 1 0 0 0 1 1 1 1 1 1 1 0 0 0 1 0 0 0 1 1 0 0  
0 1 1 0 0 0 0 1 0 0 0 0 0 0 0 0 0 1 0 0 0 0 0 0 1 0 0 0 1 0  
0 0 0 1 1 1 0 0 1 0 0 1 1 1 1 1 1 0 1 0 0 1 1 0 0 0 0 1 0 1  
Connect directly to BS 
0 1 1 1 0 0 1 1 0 1 0 0 0 0 1 0 1 1 0 1 0 0 0 0 1 1 1 0 1 0 
Cordinaates of sensors 
1 22.000000 108.000000
2 99.000000 397.000000
3 242.000000 325.000000
4 295.000000 215.000000
5 352.000000 158.000000
6 278.000000 94.000000
7 326.000000 303.000000
8 76.000000 414.000000
9 406.000000 183.000000
10 329.000000 480.000000
11 19.000000 42.000000
12 458.000000 83.000000
13 447.000000 220.000000
14 481.000000 212.000000
15 355.000000 256.000000
16 224.000000 47.000000
17 351.000000 244.000000
18 299.000000 294.000000
19 361.000000 106.000000
20 307.000000 460.000000
21 437.000000 488.000000
22 327.000000 6.000000
23 374.000000 256.000000
24 35.000000 39.000000
25 79.000000 219.000000
26 349.000000 442.000000
27 138.000000 120.000000
28 343.000000 34.000000
29 59.000000 153.000000
30 479.000000 29.000000
