Nombre des capteurs:
30
Nombre des targets:
15
Nombre de type de surveillance:
1

Caracteristiques:
300.000000 7 1.000000 187.000000 10.000000 a 275.829651 472.458466 253.001984 138.679489 193.889145 345.013031 281.584808 306.373962 395.885071 413.881622 331.698669 478.628235 327.391205 10.440307 160.962723 
300.000000 8 3.000000 37.000000 272.000000 a 464.717133 211.009476 59.008472 324.579742 190.339172 317.657043 378.663452 13.453624 97.862144 138.974823 482.012451 349.194794 383.255798 299.708191 159.477264 
300.000000 12 4.000000 356.000000 273.000000 a 225.397430 327.055054 325.576416 194.365631 158.760834 40.199501 99.478638 310.130615 351.096863 315.835388 202.252319 197.294189 70.661163 320.619720 331.126862 
300.000000 1 1.000000 339.000000 384.000000 a 334.152649 257.256683 347.922394 300.166626 220.791763 72.180328 208.081711 310.246674 321.398499 269.981476 300.832184 85.000000 163.856644 410.332794 383.975250 
300.000000 7 2.000000 26.000000 175.000000 a 442.398010 307.546753 39.293766 290.946716 189.928940 354.005646 380.189423 108.853111 193.165726 236.135559 473.339203 419.343536 398.503448 225.887146 71.561165 
300.000000 1 1.000000 131.000000 259.000000 a 375.458374 217.517822 105.550934 243.952866 100.687637 227.501648 284.269226 88.056801 157.003189 160.078110 388.737701 285.842621 288.561951 256.164001 158.404541 
300.000000 7 1.000000 104.000000 379.000000 a 467.726410 95.189285 179.387848 354.189209 208.396255 256.632019 357.865906 113.017700 86.700638 44.045429 466.315338 239.175674 343.902588 379.094971 266.865143 
300.000000 5 5.000000 492.000000 144.000000 a 81.394104 513.941650 461.190857 197.699265 283.985901 219.456146 96.150925 466.861877 524.263306 497.245422 16.763054 364.049438 121.400162 343.502533 427.983643 
300.000000 2 4.000000 425.000000 199.000000 a 131.700424 427.263397 389.251862 166.291916 211.021332 135.369858 22.472204 387.981964 440.692627 411.447449 101.118744 286.639160 42.426407 313.636719 369.670135 
300.000000 12 2.000000 472.000000 432.000000 a 361.354401 376.350891 487.910858 385.067535 345.635651 169.000000 253.734116 451.637024 458.488831 402.776611 305.026215 150.372864 198.217056 517.348999 515.885620 
300.000000 8 4.000000 270.000000 122.000000 a 192.865234 391.775452 251.071701 48.836460 97.652443 207.858124 150.734863 275.274414 352.164734 348.173798 227.079285 350.502502 190.688232 147.898621 205.119476 
300.000000 5 5.000000 3.000000 50.000000 a 453.486481 434.512360 166.306946 302.152283 260.048065 437.001129 425.650085 235.951263 318.353577 363.232697 500.119995 528.254700 457.752106 179.234482 89.827614 
300.000000 6 2.000000 254.000000 159.000000 a 220.336105 351.512451 224.588516 87.920418 58.728188 182.537674 154.557434 241.646439 315.241180 308.804138 244.969391 317.277496 184.252548 170.390732 194.054123 
300.000000 1 2.000000 329.000000 151.000000 a 150.096634 397.101990 299.487885 70.007141 125.801430 163.624573 85.000000 311.849335 379.222900 364.166168 169.567093 317.014191 127.279221 209.380035 266.443237 
300.000000 9 4.000000 435.000000 300.000000 a 229.960861 379.269043 408.374817 251.435883 241.754013 84.011902 116.661903 389.416229 422.507996 380.360352 182.833252 200.262329 61.131008 390.401062 413.672577 
300.000000 8 5.000000 161.000000 66.000000 a 295.042358 412.835327 192.961136 143.401535 145.962326 312.233887 273.250793 244.705948 334.145172 352.933411 341.672363 434.544586 311.751495 61.131008 107.782188 
300.000000 5 5.000000 236.000000 76.000000 a 220.056808 421.245758 242.423187 67.742157 127.906212 263.865509 203.029556 280.242737 364.400879 370.293121 266.129669 402.198944 246.402115 90.785461 175.390991 
300.000000 8 2.000000 84.000000 450.000000 a 531.060242 27.784887 241.811905 424.802307 280.007141 300.986725 415.755951 172.244019 105.261581 45.221676 523.691711 242.668503 394.849335 452.656616 335.538361 
300.000000 1 4.000000 496.000000 412.000000 a 343.338013 402.800201 501.199554 378.846924 351.602051 174.748398 242.332413 468.401550 480.020844 426.029327 284.001770 178.986038 187.536667 515.544373 523.421448 
300.000000 3 3.000000 381.000000 470.000000 a 405.987671 283.028259 430.202271 391.841797 315.773651 159.655884 284.102081 384.147095 377.058350 317.316864 361.137085 55.036350 232.131424 505.949615 475.269409 
300.000000 10 1.000000 43.000000 285.000000 a 465.150513 196.840042 72.339478 327.415649 190.078934 310.266022 375.996002 4.242640 86.683334 124.951988 480.380066 337.013367 378.565704 308.609772 171.417618 
300.000000 12 2.000000 381.000000 450.000000 a 386.349579 284.015839 418.561829 372.263336 298.986633 140.035706 264.185547 374.765259 372.146484 313.958588 342.257202 57.870544 212.426453 487.714050 460.522522 
300.000000 11 1.000000 213.000000 308.000000 a 339.437775 201.943054 200.883057 239.549576 106.004715 139.089905 227.793762 169.011841 204.022064 173.925278 336.238007 195.880066 216.621796 303.145172 243.213898 
300.000000 2 3.000000 259.000000 278.000000 a 285.758636 253.647400 232.279999 196.977158 88.323273 99.368004 172.887253 213.037552 257.256683 228.827438 281.325439 201.467117 164.222412 283.134247 253.387054 
300.000000 9 3.000000 167.000000 437.000000 a 466.344299 78.294319 259.493744 376.426605 239.653915 222.712814 345.862701 196.636719 164.201096 101.533249 452.085175 161.993820 319.249115 430.116272 337.769165 
300.000000 12 3.000000 339.000000 296.000000 a 253.602051 299.608063 314.162384 213.063370 156.400131 21.400934 127.945297 293.334290 328.975677 291.001709 230.625244 172.490585 97.082436 331.308014 328.385437 
300.000000 11 3.000000 51.000000 211.000000 a 428.514862 267.166626 15.132746 281.298767 163.248276 317.812836 355.810333 71.175842 160.430664 196.918762 453.657349 376.396057 369.220795 239.774887 97.015465 
300.000000 6 5.000000 485.000000 432.000000 a 362.162933 389.272400 499.561798 390.947571 355.444794 178.465683 257.421844 463.919159 471.365051 415.752319 304.236755 163.024536 202.081665 524.870483 526.202454 
300.000000 8 2.000000 427.000000 26.000000 a 53.535034 555.828186 433.416656 137.753403 276.306000 296.637817 162.363785 459.017426 533.146301 522.120667 123.709335 453.392761 215.148788 250.720963 372.780090 
300.000000 9 1.000000 334.000000 96.000000 a 124.535133 445.623169 320.145294 32.572994 160.112457 217.745270 116.038788 342.841064 416.941254 407.942383 166.111404 372.085999 168.077362 180.471603 269.670166 
Type de surveillance de chaque endroit(target):tab[nombre de target]
a a a a a a a a a a a a a a a 
Matrix of neighbour
1 1 1 0 1 1 1 0 1 0 1 1 1 1 1 1 1 0 0 0 1 0 1 1 0 1 1 0 0 1  
0 1 0 0 0 0 1 0 0 0 0 0 0 0 0 0 0 1 0 0 1 0 0 0 1 0 0 0 0 0  
0 1 1 1 1 1 1 0 0 0 0 0 0 0 0 0 0 1 0 0 1 1 1 1 1 1 1 0 0 0  
0 1 0 1 1 1 1 0 0 0 0 0 0 0 0 0 0 1 0 0 1 0 1 1 1 0 1 0 0 0  
0 1 0 0 1 1 1 0 0 0 0 0 0 0 0 0 0 1 0 0 1 0 1 1 1 0 1 0 0 0  
0 1 0 0 0 1 1 0 0 0 0 0 0 0 0 0 0 1 0 0 1 0 0 0 1 0 0 0 0 0  
0 0 0 0 0 0 1 0 0 0 0 0 0 0 0 0 0 0 0 0 0 0 0 0 0 0 0 0 0 0  
1 0 1 1 0 1 0 1 1 1 1 0 1 1 1 1 1 0 1 1 0 1 1 1 0 1 0 1 0 1  
0 1 1 1 1 1 1 0 1 1 1 0 1 1 1 1 1 0 0 1 1 1 1 1 1 1 1 0 0 0  
0 0 1 1 0 1 1 0 0 1 1 0 1 1 1 0 0 1 0 1 0 1 1 1 1 1 0 0 0 0  
0 1 1 1 1 1 1 0 0 0 1 0 1 0 0 0 0 1 0 1 1 1 1 1 1 1 1 0 0 0  
0 1 0 0 1 1 1 0 0 0 1 1 1 1 0 1 1 0 0 0 1 0 1 1 0 0 1 0 0 0  
0 1 1 1 1 1 1 0 0 0 0 0 1 0 0 0 0 1 0 0 1 1 1 1 1 1 1 0 0 0  
0 1 1 1 1 1 1 0 0 0 1 0 1 1 0 0 0 1 0 1 1 1 1 1 1 1 1 0 0 0  
0 1 1 1 0 1 1 0 0 0 1 0 1 1 1 1 0 1 0 1 1 1 1 1 1 1 1 0 0 0  
0 1 1 1 1 1 1 0 0 0 1 0 1 1 0 1 0 1 0 0 1 0 1 1 1 1 1 0 0 0  
0 1 1 1 1 1 1 0 0 0 1 0 1 1 1 1 1 0 0 0 1 0 1 1 1 1 1 0 0 0  
0 0 0 0 0 0 1 0 0 0 0 0 0 0 0 0 0 1 0 0 0 0 0 0 0 0 0 0 0 0  
0 0 1 1 0 1 1 0 1 1 1 0 1 1 1 0 0 0 1 1 0 1 1 1 1 1 0 1 0 1  
0 1 1 1 0 1 1 0 0 0 0 0 1 0 0 0 0 1 0 1 1 1 1 1 1 1 0 0 0 0  
0 0 0 0 0 0 1 0 0 0 0 0 0 0 0 0 0 1 0 0 1 0 0 0 1 0 0 0 0 0  
0 1 0 1 0 1 1 0 0 0 0 0 0 0 0 0 0 1 0 0 1 1 1 1 1 1 0 0 0 0  
0 1 0 0 0 1 1 0 0 0 0 0 0 0 0 0 0 1 0 0 1 0 1 0 1 0 0 0 0 0  
0 1 0 0 0 1 1 0 0 0 0 0 0 0 0 0 0 1 0 0 1 0 1 1 1 0 1 0 0 0  
0 0 0 0 0 0 1 0 0 0 0 0 0 0 0 0 0 1 0 0 0 0 0 0 1 0 0 0 0 0  
0 1 0 1 1 1 1 0 0 0 0 0 0 0 0 0 0 1 0 0 1 0 1 1 1 1 1 0 0 0  
0 1 0 0 0 1 1 0 0 0 0 0 0 0 0 0 0 1 0 0 1 0 1 0 1 0 1 0 0 0  
0 0 1 1 0 1 1 0 1 1 1 0 1 1 1 0 0 0 0 1 0 1 1 1 1 1 0 1 0 1  
1 0 1 1 0 1 0 1 1 0 1 0 1 1 1 1 1 0 1 0 0 0 1 1 0 1 0 0 1 1  
0 1 1 1 1 1 1 0 1 1 1 1 1 1 1 1 1 0 0 1 1 1 1 1 1 1 1 0 0 1  
Connect directly to BS 
1 1 1 1 1 1 1 0 1 1 1 1 1 1 1 1 1 1 1 1 1 1 1 1 1 1 1 1 0 1 
Cordinaates of sensors 
1 187.000000 10.000000
2 37.000000 272.000000
3 356.000000 273.000000
4 339.000000 384.000000
5 26.000000 175.000000
6 131.000000 259.000000
7 104.000000 379.000000
8 492.000000 144.000000
9 425.000000 199.000000
10 472.000000 432.000000
11 270.000000 122.000000
12 3.000000 50.000000
13 254.000000 159.000000
14 329.000000 151.000000
15 435.000000 300.000000
16 161.000000 66.000000
17 236.000000 76.000000
18 84.000000 450.000000
19 496.000000 412.000000
20 381.000000 470.000000
21 43.000000 285.000000
22 381.000000 450.000000
23 213.000000 308.000000
24 259.000000 278.000000
25 167.000000 437.000000
26 339.000000 296.000000
27 51.000000 211.000000
28 485.000000 432.000000
29 427.000000 26.000000
30 334.000000 96.000000
