Nombre des capteurs:
30
Nombre des targets:
30
Nombre de type de surveillance:
1

Caracteristiques:
300.000000 3 5.000000 34.000000 75.000000 a 154.738495 280.401489 493.568634 296.168884 267.800293 368.982391 214.219513 264.439026 529.849976 388.579468 223.573257 403.218292 233.488754 372.323792 439.396179 339.425995 412.825623 334.252899 305.276917 297.417206 353.005676 346.382751 452.603577 564.428894 52.630791 214.410828 156.028839 443.527893 420.594818 149.110703 
300.000000 7 3.000000 87.000000 199.000000 a 30.016663 293.155243 412.685120 268.411987 164.984848 286.008728 225.577042 274.133179 432.023132 369.914856 201.405060 269.258240 137.905762 239.470245 307.200256 227.844238 323.706665 238.096619 192.657730 260.909943 235.669266 231.672180 382.001312 449.498596 85.375641 161.755981 163.517578 317.039429 292.138672 176.173218 
300.000000 1 5.000000 191.000000 184.000000 a 125.865005 213.908859 312.217865 170.651688 244.934692 185.153992 155.666306 195.166595 340.424744 271.359528 114.039467 277.093842 226.638474 212.896683 272.985352 149.933319 226.108383 144.003479 259.453278 160.377686 166.400116 158.256119 278.460052 374.125641 141.421356 63.702435 112.004463 263.706268 321.362732 134.372620 
300.000000 10 2.000000 304.000000 470.000000 a 337.415161 467.001068 295.677185 385.876923 327.478241 256.189392 436.010315 453.158905 240.636658 445.633270 381.903137 147.410995 345.415680 108.903625 41.400482 178.227386 238.872345 222.575836 296.966339 366.922333 153.551300 165.366257 316.425354 172.467392 426.010559 335.554779 414.004822 58.240879 209.057404 437.640259 
300.000000 12 5.000000 491.000000 23.000000 a 465.150513 187.072174 223.080704 172.525360 582.467163 232.725159 246.456894 199.090439 306.104553 72.034714 243.680115 549.228577 566.718628 455.923248 475.903351 332.831787 246.142242 282.605743 590.210999 180.227631 355.578400 344.569305 178.361984 408.442169 434.079498 279.164825 304.962280 426.757538 612.412415 311.173584 
300.000000 2 4.000000 261.000000 248.000000 a 190.394333 248.919662 236.008469 177.002823 274.249878 113.780487 210.608643 233.070801 251.406052 262.419525 157.050949 235.238174 267.366791 150.136612 197.253647 55.605755 145.124084 59.000000 273.905090 159.677795 75.239616 65.368187 213.466629 279.302704 234.648666 109.444046 189.781448 176.173218 293.724365 213.550934 
300.000000 9 1.000000 392.000000 63.000000 a 358.669769 105.683487 210.983414 65.787537 478.126556 161.245148 149.110703 110.072701 286.714142 37.013512 137.873123 460.479095 461.208191 370.293121 400.705627 248.696609 191.512405 198.516998 487.985657 74.330345 273.344116 261.467010 157.155975 376.595276 329.293182 172.626770 202.200394 358.308533 520.384460 211.400101 
300.000000 6 4.000000 329.000000 62.000000 a 304.332062 63.694584 249.158585 23.021729 429.088562 166.643326 87.361320 58.258045 316.526459 94.593872 77.620872 432.658051 409.605896 347.610413 387.366760 232.499466 206.864685 186.217621 442.705322 42.011902 257.815826 245.652191 196.580765 395.739807 267.507019 120.507263 139.359253 352.115051 488.190552 148.485687 
300.000000 4 3.000000 465.000000 136.000000 a 402.951599 208.060089 114.560028 144.312164 505.439423 127.349915 240.840195 209.976196 195.971939 105.603027 212.812119 446.310425 495.101013 351.688782 364.852020 230.729279 131.928009 183.218445 506.628082 138.740768 251.071701 241.132736 64.124878 295.083038 398.502197 227.055054 282.349060 313.542664 512.041016 296.735565 
300.000000 8 3.000000 236.000000 397.000000 a 237.655212 399.996246 301.532745 325.852722 239.635132 220.843842 359.112793 384.104156 271.648682 402.087067 306.719727 100.424103 252.936752 10.440307 59.405388 120.440857 222.146347 171.046783 215.671051 307.709290 97.082436 108.226616 305.119659 238.436569 327.905487 256.007813 328.239227 85.702972 168.629776 351.331757 
300.000000 2 1.000000 205.000000 189.000000 a 137.786072 211.177643 297.511353 162.606888 252.800323 170.425934 156.208191 192.751129 325.631683 262.406189 110.941429 274.233490 236.038132 206.072800 264.370941 136.780853 211.248672 129.251694 265.211243 151.162170 154.207657 145.602203 264.229065 360.351227 156.118546 58.249462 117.957619 252.685577 321.068542 141.056732 
300.000000 3 2.000000 358.000000 251.000000 a 287.179382 253.600082 139.089905 168.344879 366.230804 31.304953 241.118225 243.129593 161.136581 220.204453 189.211517 289.249023 362.200226 194.609863 212.614670 75.166481 48.093658 38.118237 360.846222 149.642914 94.047859 84.504440 122.155640 213.063370 320.789642 162.788208 245.489304 167.370850 355.308319 267.824554 
300.000000 3 1.000000 406.000000 274.000000 a 337.575165 289.209259 95.210297 203.708130 408.531525 61.294373 285.686890 281.149414 108.046288 234.480270 235.987289 310.203156 407.259125 216.333084 217.866928 112.449989 20.000000 89.844307 399.325684 186.214935 122.776222 117.175079 97.185387 170.308548 374.012024 214.273193 295.736359 164.304596 378.403229 317.491730 
300.000000 3 2.000000 25.000000 225.000000 a 47.000000 357.328979 472.466919 335.596497 118.067780 347.005768 288.736908 338.456787 485.275177 437.082367 267.917908 268.663361 84.770279 262.606171 330.024231 278.188782 382.102081 295.895264 155.051605 328.124969 281.460480 279.685547 444.703278 492.183899 116.811813 228.965057 225.020004 350.351257 275.312561 234.437622 
300.000000 9 5.000000 179.000000 68.000000 a 189.994736 141.778000 364.428314 151.953934 324.815338 247.535858 72.498276 123.975807 412.941895 243.614456 81.320351 391.618439 297.800262 329.370605 388.063141 252.253845 293.470612 228.650391 349.725616 155.232086 273.029297 262.992401 318.628296 466.495453 121.852371 93.861603 11.704700 373.626831 431.066132 18.110771 
300.000000 8 4.000000 227.000000 490.000000 a 307.001617 493.206848 363.917572 417.892334 269.029724 303.832184 452.358276 477.445282 316.077515 490.036743 400.126221 76.557167 292.207123 96.005211 62.936478 209.351379 296.204315 259.254700 233.529434 399.505951 184.458664 196.420471 377.708893 252.003967 406.787415 349.173309 419.634369 120.104118 131.003815 442.398010 
300.000000 10 1.000000 458.000000 341.000000 a 403.053345 371.016174 102.693718 286.216705 455.000000 146.013702 370.375488 364.049438 42.720020 303.265564 320.781860 323.303253 459.335388 237.976883 213.974304 170.205765 101.355812 166.412140 438.736816 269.356628 168.715744 168.881622 141.428421 91.082382 451.116394 297.321381 379.717010 156.118546 391.846924 401.758636 
300.000000 2 4.000000 318.000000 158.000000 a 254.960785 155.544205 199.461777 73.979729 364.299316 84.504440 140.459961 143.377121 249.002014 156.630142 90.609047 341.353180 350.753479 253.298248 290.822968 135.959549 130.230560 90.022217 370.800476 55.317268 161.276154 149.110703 156.732254 313.440582 254.489685 81.786308 154.207657 256.007813 400.216187 174.450562 
300.000000 5 5.000000 172.000000 338.000000 a 150.893997 360.435852 337.770630 298.283417 169.026627 230.705444 308.753937 342.696655 327.123840 388.336182 261.216400 121.926208 174.951416 77.794601 145.773804 131.320221 248.620193 173.216629 156.732254 282.347290 120.838737 125.419296 327.495026 314.084381 245.578903 207.761887 266.608337 166.373077 170.836182 288.140594 
300.000000 12 2.000000 449.000000 287.000000 a 382.064117 318.421112 63.126858 234.446152 449.257172 100.124924 321.895935 312.328339 65.299309 248.581985 274.372009 338.892303 449.401825 247.341873 238.008408 154.081146 54.203320 134.766464 437.987457 218.288803 160.822891 157.035034 89.269257 145.825241 418.527191 256.587219 336.609558 181.024857 407.707001 357.761108 
300.000000 7 3.000000 34.000000 100.000000 a 130.648376 287.836761 485.473999 296.379822 242.985596 359.684570 219.920441 271.022125 518.330017 391.623535 223.181534 379.486481 208.786972 351.140991 418.561829 324.013885 402.616455 322.024841 280.301636 296.027039 336.359924 330.311981 446.346283 549.003662 36.674240 208.079315 158.492905 424.725800 395.885071 155.270737 
300.000000 11 1.000000 176.000000 302.000000 a 129.402466 325.640900 325.848114 266.092102 177.341476 211.322037 272.868103 307.702789 324.126526 358.704620 226.013275 158.145508 176.045456 104.709122 171.679932 119.419426 234.955322 153.792068 173.519455 250.838593 115.974136 117.038452 310.246674 322.888519 215.585251 172.525360 230.425690 182.428070 205.234009 252.049591 
300.000000 11 1.000000 294.000000 187.000000 a 225.228775 184.328506 211.400101 108.166542 329.237000 85.906929 156.850250 170.011765 249.377228 194.262711 102.883430 304.553772 317.170288 217.882996 259.023163 105.004761 130.510529 66.309875 334.332184 90.470993 130.034607 118.004234 175.482193 302.026489 237.844482 72.470680 155.051605 228.484131 362.794708 177.589417 
300.000000 4 5.000000 405.000000 59.000000 a 372.081970 114.612389 208.405853 79.378838 491.047852 167.287186 161.372238 120.552895 285.895081 24.839485 151.419952 470.642120 474.377472 379.823639 408.597595 257.660645 195.002563 207.234161 500.496765 87.464279 282.063812 270.296143 154.845078 377.985443 342.772522 186.045700 215.392670 365.034241 531.135559 224.180725 
300.000000 1 4.000000 404.000000 294.000000 a 339.094391 307.379242 104.656578 221.713776 403.744965 77.878113 301.358582 298.785889 101.242287 254.568268 250.635193 297.042084 404.178192 204.166595 201.221268 109.018349 40.049969 95.770561 392.536621 203.901932 115.316956 111.543716 114.284729 152.947708 381.120728 225.754288 308.350464 146.478668 365.613190 330.552582 
300.000000 7 4.000000 26.000000 282.000000 a 73.246162 394.565582 472.373779 362.249908 63.324562 350.994293 327.867340 375.474365 475.329346 463.237518 299.736542 220.204453 35.383614 229.224777 294.268585 269.185822 381.030182 295.959442 98.127472 352.278290 267.301331 267.988800 450.525238 470.230804 170.988297 254.607544 266.450745 322.273163 220.410980 279.014343 
300.000000 4 3.000000 444.000000 464.000000 a 442.159485 481.499725 224.350174 395.773926 457.831848 251.525345 470.188263 472.136627 145.773804 424.623352 417.250519 287.043549 471.274872 228.962875 174.040222 227.563171 213.410400 249.062241 431.259796 377.618866 212.174454 219.276077 265.181061 43.278172 513.062378 383.099213 467.097412 133.701157 349.045837 490.474274 
300.000000 7 5.000000 498.000000 270.000000 a 428.370178 329.451050 24.020824 249.897980 500.066010 134.480484 343.268127 326.259094 59.008472 242.546906 300.203278 389.874329 499.299500 298.931427 286.625183 204.188644 93.380943 179.354401 489.519165 236.177902 212.268692 207.966339 75.769386 163.085861 457.686584 290.243011 366.152985 228.954147 458.742859 385.861389 
300.000000 11 3.000000 324.000000 133.000000 a 268.268524 131.381119 206.634949 48.373547 382.498352 102.000000 123.555656 120.332870 262.756531 134.380051 79.075912 366.285400 367.294159 278.792023 316.469574 161.623016 146.167709 115.069542 390.919434 29.614185 186.935822 174.771286 159.731018 332.728119 257.561646 86.371292 147.231110 281.028473 424.438446 165.342072 
300.000000 1 3.000000 252.000000 363.000000 a 226.812698 363.880463 271.503235 288.735168 249.970001 184.390884 325.075378 348.304474 249.329102 364.540802 272.045959 135.059250 258.366028 40.459858 84.172440 83.006027 188.671677 133.600143 231.624695 270.490295 60.307545 71.028160 271.400085 230.269409 308.600067 222.441010 297.531525 85.000000 201.791977 320.951721 
Type de surveillance de chaque endroit(target):tab[nombre de target]
a a a a a a a a a a a a a a a a a a a a a a a a a a a a a a 
Matrix of neighbour
1 1 1 0 0 1 0 0 0 0 1 0 0 1 0 0 0 1 1 0 1 1 1 0 0 1 0 0 0 0  
0 1 0 0 0 0 0 0 0 1 0 0 0 1 0 0 0 0 1 0 0 1 0 0 0 1 0 0 0 1  
0 1 1 0 0 1 0 0 0 1 0 0 0 1 0 0 0 0 1 0 0 1 0 0 0 1 0 0 0 1  
0 0 0 1 0 0 0 0 0 1 0 0 0 0 0 1 0 0 1 0 0 1 0 0 0 0 0 0 0 1  
0 0 0 0 1 0 1 1 1 0 0 1 1 0 0 0 0 1 0 1 0 0 1 1 1 0 0 1 1 0  
0 1 0 1 0 1 0 0 0 1 0 0 0 1 0 1 0 0 1 0 0 1 0 0 0 1 0 0 0 1  
0 0 1 0 0 1 1 1 0 0 1 1 1 0 1 0 1 1 0 1 0 0 1 0 1 0 0 1 1 0  
1 1 1 0 0 1 0 1 0 0 1 1 1 0 1 0 0 1 0 1 1 1 1 0 1 0 0 0 1 0  
0 0 1 0 0 1 1 1 1 0 1 1 1 0 1 0 1 1 0 1 0 0 1 0 1 0 0 1 1 0  
0 0 0 0 0 0 0 0 0 1 0 0 0 0 0 0 0 0 1 0 0 1 0 0 0 0 0 0 0 0  
0 1 1 1 0 1 0 0 0 1 1 0 0 1 0 0 0 0 1 0 0 1 0 0 0 1 0 0 0 1  
0 1 1 1 0 1 0 0 0 1 1 1 0 0 0 1 0 0 1 0 0 1 1 0 0 0 0 0 0 1  
0 0 1 1 0 1 0 0 0 1 1 1 1 0 0 1 0 1 1 0 0 1 1 0 1 0 0 0 0 1  
0 0 0 0 0 0 0 0 0 1 0 0 0 1 0 0 0 0 1 0 0 1 0 0 0 1 0 0 0 1  
1 1 1 0 0 1 0 0 0 0 1 1 0 1 1 0 0 1 1 0 1 1 1 0 0 1 0 0 0 0  
0 0 0 0 0 0 0 0 0 1 0 0 0 0 0 1 0 0 1 0 0 1 0 0 0 1 0 0 0 0  
0 0 0 1 0 1 0 0 0 1 1 1 1 0 0 1 1 1 1 0 0 1 1 0 1 0 1 0 1 1  
0 1 1 0 0 1 0 0 0 1 1 1 0 0 0 0 0 1 1 0 1 1 1 0 1 0 0 0 0 1  
0 0 0 0 0 0 0 0 0 0 0 0 0 0 0 0 0 0 1 0 0 0 0 0 0 0 0 0 0 0  
0 0 1 1 0 1 0 0 0 1 1 1 1 0 0 0 1 1 1 1 0 1 1 0 1 0 1 0 1 1  
0 1 1 0 0 1 0 0 0 0 1 0 0 1 0 0 0 0 1 0 1 1 1 0 0 1 0 0 0 0  
0 0 0 0 0 0 0 0 0 0 0 0 0 0 0 0 0 0 1 0 0 1 0 0 0 0 0 0 0 0  
0 1 1 1 0 1 0 0 0 1 1 0 0 1 0 0 0 0 1 0 0 1 1 0 0 1 0 0 0 1  
0 0 1 0 0 1 1 1 1 0 1 1 1 0 1 0 1 1 0 1 0 0 1 1 1 0 0 1 1 0  
0 0 1 1 0 1 0 0 0 1 1 1 0 0 0 1 0 0 1 0 0 1 1 0 1 0 0 0 0 1  
0 0 0 0 0 0 0 0 0 1 0 0 0 0 0 0 0 0 1 0 0 1 0 0 0 1 0 0 0 0  
0 0 0 1 0 1 0 0 0 1 0 1 1 0 0 1 0 0 1 0 0 0 0 0 1 0 1 0 0 1  
0 0 0 1 0 1 0 1 0 1 0 1 1 0 0 0 1 1 0 1 0 0 1 0 1 0 1 1 1 1  
1 1 1 0 0 1 0 0 0 1 1 1 1 0 1 0 0 1 1 0 1 1 1 0 1 0 0 0 1 1  
0 0 0 0 0 0 0 0 0 1 0 0 0 0 0 1 0 0 1 0 0 1 0 0 0 1 0 0 0 1  
Connect directly to BS 
0 1 1 1 0 1 0 0 0 1 1 1 0 1 0 1 0 0 1 0 0 1 1 0 0 1 0 0 0 1 
Cordinaates of sensors 
1 34.000000 75.000000
2 87.000000 199.000000
3 191.000000 184.000000
4 304.000000 470.000000
5 491.000000 23.000000
6 261.000000 248.000000
7 392.000000 63.000000
8 329.000000 62.000000
9 465.000000 136.000000
10 236.000000 397.000000
11 205.000000 189.000000
12 358.000000 251.000000
13 406.000000 274.000000
14 25.000000 225.000000
15 179.000000 68.000000
16 227.000000 490.000000
17 458.000000 341.000000
18 318.000000 158.000000
19 172.000000 338.000000
20 449.000000 287.000000
21 34.000000 100.000000
22 176.000000 302.000000
23 294.000000 187.000000
24 405.000000 59.000000
25 404.000000 294.000000
26 26.000000 282.000000
27 444.000000 464.000000
28 498.000000 270.000000
29 324.000000 133.000000
30 252.000000 363.000000
