Nombre des capteurs:
30
Nombre des targets:
30
Nombre de type de surveillance:
1

Caracteristiques:
300.000000 11 3.000000 27.000000 346.000000 a 161.111755 177.910095 65.795135 103.942291 424.990601 354.317657 119.603508 333.418671 330.945618 185.172897 496.383911 320.140594 343.431213 447.790131 167.487320 418.578552 244.738632 180.543625 209.153061 278.001801 481.087311 65.000000 319.037628 204.831635 212.362900 363.232697 430.834076 118.878090 439.245941 200.900467 
300.000000 2 1.000000 127.000000 224.000000 a 101.769348 197.362610 154.275726 217.366043 357.459076 197.496841 38.948685 179.387848 208.482620 155.322250 369.265472 166.138504 191.637680 382.047119 108.811768 333.352661 177.045197 127.906212 157.724442 251.191162 371.775482 97.308784 205.234009 66.030296 60.745369 262.819336 282.194977 269.295380 411.126495 142.284927 
300.000000 3 2.000000 330.000000 215.000000 a 298.511292 238.314911 289.849976 334.427856 200.601593 136.473434 226.126068 207.060379 313.912415 182.332108 167.836227 104.019226 92.309265 222.912537 169.499268 158.448730 126.589890 320.764709 154.806335 195.634857 171.210403 286.923340 325.399750 137.440903 146.492325 83.737686 126.317062 411.400055 294.538635 329.309875 
300.000000 10 2.000000 463.000000 324.000000 a 451.908173 283.365479 379.179382 400.000000 52.392746 300.647644 361.083099 377.597656 485.856964 252.786469 151.990128 274.390228 257.287781 62.801273 272.264587 18.000000 192.023438 476.931854 227.431305 185.151291 83.671982 412.752960 497.016083 287.235107 304.108521 90.917542 239.820770 482.170105 164.222412 488.578552 
300.000000 2 1.000000 236.000000 320.000000 a 243.790894 99.744675 158.145508 195.205017 221.923416 231.969818 142.225174 265.188599 336.309387 41.617306 295.083038 189.391129 198.655487 246.018295 45.705578 209.038269 35.693138 271.007385 18.000000 107.647575 271.713074 187.114944 338.540985 103.368271 128.035156 153.574081 263.774536 274.570587 265.966156 286.810028 
300.000000 8 1.000000 57.000000 160.000000 a 34.655445 284.597961 215.102295 276.875427 448.844086 226.753174 110.476242 171.604202 142.579803 248.316330 436.257965 210.736801 238.891190 473.425812 202.632675 421.236267 271.449799 44.407207 252.438110 345.810638 449.694336 126.099167 131.137329 151.168777 134.082062 347.979889 328.709595 307.148163 505.890289 50.960770 
300.000000 5 3.000000 266.000000 238.000000 a 238.951874 186.850204 224.200806 272.347198 230.204254 147.166565 159.260788 193.496765 283.985901 127.953117 235.580139 105.000000 111.570602 254.466110 105.361282 198.587509 89.140335 263.045624 104.403069 172.985550 232.215424 219.317123 291.358887 73.979729 89.157166 124.919975 179.769302 346.988464 305.499603 273.912384 
300.000000 8 5.000000 213.000000 153.000000 a 182.822311 257.777039 253.527115 313.121368 325.465820 86.278618 148.492432 96.690224 185.283569 201.002487 280.862946 56.648037 84.202141 349.126038 160.514801 288.209991 183.412109 200.422058 186.424240 268.793610 300.416382 208.830078 194.617569 75.690155 57.801384 212.407623 175.513535 374.733246 405.531738 205.119476 
300.000000 5 2.000000 481.000000 53.000000 a 467.041748 458.686157 507.578552 555.241394 323.394501 211.442657 425.621887 286.043701 398.369171 403.685516 122.588745 229.401398 202.232544 333.096069 388.820007 273.380676 345.218781 481.448853 375.832397 399.392029 195.739624 488.190552 418.688416 335.965759 332.729614 245.936981 110.981979 630.619507 435.660431 482.056000 
300.000000 2 2.000000 75.000000 115.000000 a 81.633324 317.724731 258.278931 321.024933 457.138916 199.449249 146.758301 132.849533 95.425362 275.481384 422.284271 191.846298 219.513092 481.502869 228.615402 424.948242 288.721313 80.280754 275.045441 368.209167 443.416290 172.539856 86.833176 162.003082 140.089264 349.824249 305.419373 354.802765 523.266663 73.824112 
300.000000 4 5.000000 258.000000 496.000000 a 383.856750 107.800743 210.641876 188.788239 227.793762 405.277679 281.325439 442.507629 506.805695 149.264862 397.826599 363.088135 367.766235 241.505692 195.818787 254.072830 169.499268 411.004852 159.524292 96.664368 345.114471 294.170013 506.077057 277.713867 302.200256 250.928284 415.322754 259.239258 185.218796 430.116272 
300.000000 8 2.000000 96.000000 105.000000 a 101.828285 320.053131 268.151062 331.436279 446.010101 177.552811 153.469864 109.590149 85.842880 274.694366 403.124054 172.290451 199.572037 470.202087 227.758652 412.021851 282.681793 103.004852 271.825317 364.160675 426.676697 186.271301 82.855293 155.080627 131.711807 336.481812 284.063385 369.423889 516.074585 97.082436 
300.000000 12 2.000000 468.000000 424.000000 a 496.332550 275.356140 384.398224 389.185059 51.865211 385.893768 396.429047 456.601563 557.379578 265.397827 250.251877 354.238617 341.631378 38.327538 298.785889 102.610916 219.585968 523.057373 247.426758 170.751282 178.538513 438.292145 565.729614 338.864288 359.856903 167.573868 336.703125 468.543488 67.779053 537.479309 
300.000000 5 5.000000 176.000000 41.000000 a 202.940872 369.391388 343.722260 406.735779 432.644196 109.128365 227.404922 25.495098 94.366310 315.063477 344.158386 128.701202 147.800537 455.229614 271.414825 390.448456 301.365234 205.411789 303.000000 386.746674 382.796295 274.592438 113.635384 185.779434 162.197418 316.082275 212.084885 455.923248 519.812439 198.113602 
300.000000 1 2.000000 461.000000 65.000000 a 444.504211 436.862671 484.499756 532.508240 310.161255 189.789352 402.315796 266.092102 379.676178 381.473450 114.560028 206.516342 179.203796 321.224213 365.935791 259.493744 323.641785 459.243958 353.771118 379.760437 186.702972 464.889221 399.624817 312.641968 309.472137 227.431305 87.846458 607.625732 422.383698 460.184753 
300.000000 12 2.000000 225.000000 484.000000 a 355.337860 80.622574 177.101669 153.687988 250.912338 395.920441 254.489685 427.055023 484.950500 130.648376 409.029327 353.386475 360.661896 266.660828 175.328262 272.029419 163.600128 382.188446 146.413803 105.380264 360.867004 262.931549 482.979309 259.976929 283.975342 259.433990 415.030121 225.077759 218.020645 401.662781 
300.000000 4 1.000000 479.000000 55.000000 a 464.559998 455.873871 504.765289 552.413818 321.222656 209.121979 422.906616 284.015839 396.547607 400.861572 120.813904 226.832535 199.624649 331.054382 385.996124 271.140198 342.414948 479.037567 373.012054 396.698883 193.932983 485.479156 416.811707 333.222137 330.043945 243.312561 108.337433 627.800110 433.497406 479.710327 
300.000000 3 3.000000 126.000000 307.000000 a 153.404694 122.873917 76.661591 137.295303 332.037659 261.275726 52.201534 258.383423 290.056885 98.005104 390.016663 223.329346 244.034836 355.879181 65.192024 319.452667 146.372818 180.693115 114.284729 199.461777 376.649719 76.922035 285.049133 105.118980 119.079803 259.514923 328.298645 199.123077 364.539429 199.612122 
300.000000 6 2.000000 61.000000 243.000000 a 64.404968 212.868500 132.574509 193.837555 411.732910 260.860107 49.335587 228.431610 224.182968 187.408646 437.319092 232.647797 258.955597 436.111237 147.176758 392.449982 226.176926 90.735878 199.123077 288.780182 437.028595 43.931767 214.009338 133.090195 129.340637 325.000000 349.995728 227.070480 453.276947 110.535065 
300.000000 4 5.000000 291.000000 117.000000 a 266.810791 308.954681 327.340790 383.020874 303.585236 31.622776 231.019485 112.680969 228.600082 249.819931 210.161850 29.681644 13.341664 324.784546 219.146072 258.001953 210.950226 282.285309 227.741074 291.084167 244.969391 292.714874 244.393127 146.577621 137.277100 186.796677 90.801979 450.693909 400.005005 284.481995 
300.000000 6 4.000000 193.000000 3.000000 a 242.330353 407.000000 384.884399 447.755524 452.711823 118.928551 268.793610 55.036350 110.317726 351.513855 345.809204 149.093933 162.265213 474.435455 309.006470 408.099243 333.256653 242.835342 337.748413 418.389771 391.216064 316.180328 132.574509 223.000000 200.202393 335.644165 210.202286 497.538940 544.753174 233.824722 
300.000000 9 5.000000 477.000000 292.000000 a 456.711060 307.538605 398.322723 423.249329 86.977005 286.386108 370.563080 366.442352 477.946655 272.156219 118.088951 264.200684 244.403351 94.085068 286.698456 45.254833 208.952148 480.803497 245.350769 213.300262 48.754486 425.042358 490.474274 291.568176 306.218872 93.904205 216.004623 505.446350 197.941910 491.199554 
300.000000 8 1.000000 257.000000 259.000000 a 235.906769 164.003052 204.685120 251.023911 226.035400 168.760178 149.003357 210.344955 295.042358 105.118980 250.503494 126.321022 134.201340 250.569351 84.646324 198.919586 69.426216 261.122589 81.743500 154.538025 241.250900 206.770401 300.891998 72.006943 92.005432 128.565155 201.814270 326.718536 294.244781 273.441040 
300.000000 10 2.000000 430.000000 207.000000 a 397.609100 312.054474 381.057739 419.096649 169.307419 195.205017 326.013794 278.255280 393.300140 262.931549 70.661163 179.922211 156.285004 184.092361 261.047882 117.957619 199.200897 419.010742 234.087585 240.468292 79.404030 386.167053 407.888458 237.760376 246.032516 85.440041 119.012604 499.065125 280.301636 426.385986 
300.000000 4 5.000000 323.000000 306.000000 a 314.230804 166.481232 245.326309 276.470612 145.413208 220.737396 220.292984 279.084229 372.715698 120.933868 214.618271 182.148285 178.373199 170.000000 132.136292 123.320717 56.080299 340.147034 92.698433 105.019043 184.361053 271.737000 379.906555 152.643372 173.002884 66.708321 214.704453 357.798828 217.165833 353.305817 
300.000000 9 4.000000 342.000000 302.000000 a 330.408844 184.024460 264.699829 295.169434 131.186890 221.995499 238.100815 284.859619 382.214600 140.014282 197.306870 185.302460 178.572113 155.618118 151.330765 105.323311 75.272835 356.001404 111.946419 114.769333 165.081802 290.441040 390.346008 167.263260 186.453751 47.885281 206.526031 376.670929 210.774765 368.635315 
300.000000 8 4.000000 445.000000 229.000000 a 414.342865 310.266022 385.875641 420.481873 146.123230 220.517578 338.245483 302.887756 417.135468 264.412567 72.249565 203.118195 180.560242 159.477264 267.217133 95.000000 199.699768 436.569580 235.715927 231.624695 56.302753 397.112061 431.189056 252.017853 262.291809 78.873314 145.344421 501.422974 258.007751 444.812317 
300.000000 6 1.000000 316.000000 349.000000 a 327.085602 137.295303 230.254211 252.463852 137.480911 261.558777 227.035233 315.153931 402.572968 104.120125 248.203552 221.711517 220.102249 161.300964 130.361038 131.400146 50.089920 353.974579 80.752708 61.684681 208.146576 271.412964 407.932587 173.948273 196.824799 97.590981 258.062012 334.655060 187.544662 368.880737 
300.000000 10 4.000000 35.000000 2.000000 a 183.010925 437.524841 374.626495 436.224701 558.735168 254.096436 266.204803 169.516968 52.201534 393.996185 489.584503 265.559784 288.903107 582.494629 347.038910 521.329041 401.647858 165.469025 391.531616 483.740631 524.294739 284.508362 38.897301 274.116760 250.203918 445.567047 358.376892 461.254822 633.789368 146.509384 
300.000000 8 5.000000 8.000000 68.000000 a 119.641129 388.830292 315.065063 374.786621 538.978638 265.996246 214.709106 187.267181 89.888817 351.300446 496.662872 266.062012 292.643127 563.337402 305.000000 506.463226 369.120575 98.127472 353.389313 446.878052 522.015320 222.396042 67.424034 243.287903 221.812988 431.157745 373.289429 394.062164 603.975159 78.000000 
Type de surveillance de chaque endroit(target):tab[nombre de target]
a a a a a a a a a a a a a a a a a a a a a a a a a a a a a a 
Matrix of neighbour
1 0 0 0 0 0 0 0 0 0 0 0 0 0 0 0 0 0 0 0 0 0 0 0 0 0 0 0 0 0  
1 1 0 0 1 0 0 0 0 0 0 0 0 0 0 1 0 1 1 0 0 0 0 0 0 0 0 0 0 0  
0 1 1 0 1 1 1 1 0 1 1 1 0 0 0 1 0 1 1 0 0 0 1 0 1 1 0 1 0 0  
0 0 1 1 1 0 1 0 0 0 1 0 1 0 0 1 0 0 0 1 0 0 1 0 1 1 0 1 0 0  
1 0 0 0 1 0 0 0 0 0 0 0 0 0 0 1 0 1 0 0 0 0 0 0 0 0 0 0 0 0  
1 1 0 0 1 1 1 0 0 0 0 0 0 0 0 0 0 1 1 0 0 0 1 0 0 0 0 0 0 0  
1 1 0 0 1 0 1 0 0 0 1 0 0 0 0 1 0 1 1 0 0 0 1 0 0 0 0 1 0 0  
1 1 0 0 1 1 1 1 0 0 0 0 0 0 0 0 0 1 1 0 0 0 1 0 1 1 0 1 0 0  
0 0 1 1 0 0 1 1 1 0 0 0 0 0 1 0 1 0 0 1 1 1 0 1 1 1 1 0 0 0  
1 1 0 0 1 1 1 1 0 1 0 0 0 0 0 0 0 1 1 0 0 0 1 0 0 0 0 0 0 0  
1 0 0 0 1 0 0 0 0 0 1 0 0 0 0 1 0 1 0 0 0 0 0 0 0 0 0 0 0 0  
1 1 0 0 1 1 1 1 0 1 0 1 0 0 0 0 0 1 1 0 0 0 1 0 0 0 0 0 0 0  
0 0 1 0 1 0 1 0 0 0 1 0 1 0 0 1 0 0 0 0 0 0 1 0 1 1 0 1 0 0  
0 1 1 0 1 1 1 1 0 1 0 1 0 1 0 0 0 1 1 1 0 0 1 0 0 0 0 0 0 1  
0 0 1 1 0 0 1 1 0 0 0 0 0 1 1 0 0 0 0 1 1 1 1 1 1 1 1 0 0 0  
1 0 0 0 0 0 0 0 0 0 0 0 0 0 0 1 0 1 0 0 0 0 0 0 0 0 0 0 0 0  
0 0 1 1 0 0 1 1 0 0 0 0 0 0 1 0 1 0 0 1 1 1 0 1 1 1 1 0 0 0  
1 0 0 0 0 0 0 0 0 0 0 0 0 0 0 0 0 1 0 0 0 0 0 0 0 0 0 0 0 0  
1 0 0 0 1 0 0 0 0 0 0 0 0 0 0 1 0 1 1 0 0 0 0 0 0 0 0 0 0 0  
0 1 1 0 1 1 1 1 0 1 0 1 0 0 0 0 0 1 1 1 0 0 1 0 1 1 0 1 0 0  
0 1 1 0 0 1 1 1 0 1 0 1 0 1 0 0 0 0 1 1 1 0 1 0 0 0 0 0 1 1  
0 0 1 1 1 0 1 1 0 0 1 0 1 0 0 0 0 0 0 1 0 1 1 1 1 1 1 1 0 0  
1 1 0 0 1 0 0 0 0 0 1 0 0 0 0 1 0 1 1 0 0 0 1 0 0 0 0 0 0 0  
0 0 1 1 1 0 1 1 0 0 0 0 1 0 0 0 0 0 0 1 0 0 1 1 1 1 0 1 0 0  
1 1 0 0 1 0 1 0 0 0 1 0 0 0 0 1 0 1 1 0 0 0 1 0 1 0 0 1 0 0  
0 1 0 0 1 0 1 0 0 0 1 0 0 0 0 1 0 1 1 0 0 0 1 0 1 1 0 1 0 0  
0 0 1 1 1 0 1 1 0 0 0 0 1 0 0 0 0 0 0 1 0 0 1 1 1 1 1 1 0 0  
1 1 0 0 1 0 0 0 0 0 1 0 0 0 0 1 0 1 1 0 0 0 1 0 0 0 0 1 0 0  
0 1 0 0 0 1 0 1 0 1 0 1 0 1 0 0 0 0 1 1 0 0 0 0 0 0 0 0 1 1  
1 1 0 0 0 1 0 1 0 1 0 1 0 0 0 0 0 1 1 1 0 0 0 0 0 0 0 0 0 1  
Connect directly to BS 
1 1 1 0 1 1 1 1 0 1 1 1 0 0 0 1 0 1 1 0 0 0 1 0 1 1 0 1 0 0 
Cordinaates of sensors 
1 27.000000 346.000000
2 127.000000 224.000000
3 330.000000 215.000000
4 463.000000 324.000000
5 236.000000 320.000000
6 57.000000 160.000000
7 266.000000 238.000000
8 213.000000 153.000000
9 481.000000 53.000000
10 75.000000 115.000000
11 258.000000 496.000000
12 96.000000 105.000000
13 468.000000 424.000000
14 176.000000 41.000000
15 461.000000 65.000000
16 225.000000 484.000000
17 479.000000 55.000000
18 126.000000 307.000000
19 61.000000 243.000000
20 291.000000 117.000000
21 193.000000 3.000000
22 477.000000 292.000000
23 257.000000 259.000000
24 430.000000 207.000000
25 323.000000 306.000000
26 342.000000 302.000000
27 445.000000 229.000000
28 316.000000 349.000000
29 35.000000 2.000000
30 8.000000 68.000000
