Nombre des capteurs:
30
Nombre des targets:
15
Nombre de type de surveillance:
1

Caracteristiques:
300.000000 6 4.000000 24.000000 98.000000 a 263.229950 328.469177 325.508820 429.196930 263.821899 507.666229 458.577148 295.243958 214.767319 371.651733 457.839478 303.817383 389.354584 266.084564 429.131683 
300.000000 8 4.000000 147.000000 45.000000 a 321.123016 383.262299 335.764801 313.036743 230.633911 435.744202 334.336670 345.897369 274.322815 301.955292 421.740448 209.678329 444.865143 144.931015 362.049713 
300.000000 9 1.000000 15.000000 288.000000 a 88.865067 148.070923 196.786682 472.411896 219.920441 461.200592 518.787048 122.800652 57.584721 344.061035 365.603607 330.925964 204.978043 347.666504 386.291351 
300.000000 4 5.000000 351.000000 251.000000 a 299.392731 322.133514 205.060974 173.216629 118.270874 147.827606 231.043289 294.735474 287.702972 12.206555 158.256119 93.920181 361.199402 187.544662 72.138756 
300.000000 2 1.000000 108.000000 84.000000 a 275.495911 339.328735 305.221222 346.054901 215.058136 442.670319 373.771332 302.597107 227.369736 306.315186 411.252960 226.832535 401.358948 181.276031 365.800507 
300.000000 12 5.000000 204.000000 116.000000 a 275.263519 330.925964 262.373779 249.050201 145.910934 346.394287 282.603973 293.470612 234.710464 211.520691 331.941254 125.717941 389.955139 94.810333 271.621063 
300.000000 3 2.000000 11.000000 76.000000 a 287.334290 352.427307 351.062683 443.383575 287.702972 529.545105 470.272247 319.662323 239.140121 393.235291 482.379517 321.707947 412.989105 278.007202 451.252716 
300.000000 11 5.000000 289.000000 199.000000 a 269.235962 307.001617 204.553177 186.118240 82.073135 228.431610 237.033752 273.804688 245.521896 92.763138 221.677689 48.918301 356.400055 125.000000 152.839783 
300.000000 10 4.000000 431.000000 12.000000 a 498.623108 541.025879 438.220276 101.414986 316.564362 323.867249 69.310890 506.793854 467.610962 259.480255 403.298889 186.010757 591.202148 154.945145 292.542297 
300.000000 5 5.000000 244.000000 359.000000 a 173.011566 177.552811 57.245087 324.322357 100.603180 231.464905 381.536377 157.334045 182.279999 150.332962 126.317062 211.513596 210.204666 288.530762 166.688339 
300.000000 5 4.000000 227.000000 399.000000 a 161.554947 150.764725 42.544094 366.087433 140.128510 255.665802 423.600037 138.610962 182.332108 190.276108 133.375412 254.960785 174.152237 330.860992 198.725937 
300.000000 3 2.000000 82.000000 91.000000 a 266.227356 331.024170 306.648010 371.538696 225.887146 460.682098 400.202454 295.083038 217.389053 324.154297 422.383698 249.323090 393.062347 207.696899 383.020874 
300.000000 7 5.000000 249.000000 365.000000 a 178.179688 180.249832 60.415230 325.779053 107.200745 227.264160 383.208832 161.372238 188.809433 150.655243 119.402679 215.390350 210.800858 293.736267 164.158463 
300.000000 7 5.000000 135.000000 449.000000 a 112.071404 63.071388 89.810913 464.077576 213.784943 358.297363 520.612122 78.006409 155.682373 291.672760 228.527893 342.001465 69.462219 405.389923 303.433685 
300.000000 10 1.000000 468.000000 448.000000 a 407.295959 390.865692 286.677521 337.333649 301.572540 115.156418 388.217712 384.037750 422.848663 216.953918 114.825958 321.566467 394.645416 414.628754 159.731018 
300.000000 2 1.000000 224.000000 116.000000 a 285.464539 339.045715 264.196899 229.054581 143.282944 331.042297 263.030426 301.869171 246.756958 197.436066 323.024780 107.354553 397.020142 77.388626 257.483978 
300.000000 10 3.000000 432.000000 104.000000 a 440.828766 475.857117 365.568054 22.135944 252.241943 232.819672 65.855904 444.041656 416.395233 173.565552 313.383148 125.239769 521.391418 146.112976 201.400101 
300.000000 10 5.000000 280.000000 131.000000 a 307.826263 354.238617 262.885895 174.152237 136.356155 280.071411 213.171295 318.600067 275.408783 151.604752 289.281860 51.400391 408.208282 57.706154 210.297409 
300.000000 6 3.000000 389.000000 446.000000 a 330.219635 311.924683 210.297409 341.058655 243.526184 141.400146 396.812286 305.941162 348.488159 187.579315 47.010635 292.027405 316.291016 385.206451 143.502609 
300.000000 5 4.000000 96.000000 474.000000 a 119.641129 55.027267 134.357727 509.134552 254.939209 403.441437 565.350342 88.277969 168.181442 337.658112 271.884155 384.667389 23.259407 444.127228 349.665558 
300.000000 7 3.000000 22.000000 454.000000 a 108.673820 64.498062 184.390884 550.826660 287.308197 467.915588 604.910767 95.462036 153.378616 387.485474 340.982391 417.929413 60.901562 464.423309 407.973053 
300.000000 7 2.000000 377.000000 229.000000 a 331.692627 355.879181 239.102493 140.356689 147.091812 142.214630 198.436386 328.013733 317.970123 37.215588 180.800995 87.321243 395.258148 178.238602 77.794601 
300.000000 11 1.000000 297.000000 296.000000 a 234.087585 252.659851 134.807266 241.993805 73.925636 180.825882 299.252411 226.636276 228.315567 70.327805 129.375427 136.132294 290.908936 222.144104 104.235313 
300.000000 11 5.000000 0.000000 223.000000 a 151.647614 213.740494 245.203995 466.640106 235.764709 486.596344 507.868103 185.714828 109.480591 360.011108 405.211060 326.744537 271.562134 325.149200 408.902191 
300.000000 1 3.000000 32.000000 120.000000 a 240.187424 305.483215 302.535950 421.096191 244.380844 490.645508 452.991180 272.038605 191.606369 355.185852 437.155579 292.035950 366.531036 261.084290 411.885895 
300.000000 2 4.000000 308.000000 62.000000 a 378.409821 427.200195 337.312897 153.055542 210.793732 317.800262 173.011566 391.071594 342.982513 205.185287 350.874634 100.841461 482.050842 22.472204 258.321503 
300.000000 4 2.000000 446.000000 362.000000 a 375.033325 372.859222 256.499512 251.097595 236.596710 40.311287 304.021393 357.805817 380.847748 133.958954 98.005104 235.849533 390.544495 328.013733 74.202423 
300.000000 10 3.000000 167.000000 139.000000 a 238.201599 296.664795 240.104141 287.367371 136.952545 363.159760 323.785431 259.023163 195.358643 226.638474 331.887024 155.708054 357.056030 138.235306 285.748138 
300.000000 12 2.000000 256.000000 436.000000 a 201.161621 178.549713 87.863533 380.044739 178.488098 241.107864 438.179199 174.324417 226.612000 202.556168 107.447662 281.604340 187.256516 363.501038 196.758728 
300.000000 6 5.000000 194.000000 170.000000 a 223.825821 277.416656 208.038452 265.635101 97.169952 323.989197 307.358093 240.168686 186.196136 187.555328 290.993134 127.251717 335.793091 135.059250 246.044708 
Type de surveillance de chaque endroit(target):tab[nombre de target]
a a a a a a a a a a a a a a a 