Nombre des capteurs:
30
Nombre des targets:
15
Nombre de type de surveillance:
1

Caracteristiques:
300.000000 9 1.000000 25.000000 472.000000 a 311.733856 159.113174 365.246490 256.158142 514.309265 482.958588 371.486206 256.867676 322.578674 177.538727 456.074554 467.209808 229.836899 436.646301 422.452362 
300.000000 7 1.000000 79.000000 193.000000 a 261.199158 174.568039 90.686272 67.067131 291.624756 353.510956 98.432716 29.427877 295.935791 115.849037 180.013885 238.398819 155.666306 155.116089 138.278702 
300.000000 12 4.000000 172.000000 252.000000 a 151.092682 111.946419 131.217377 160.099976 251.246887 263.058929 197.952011 92.973114 185.827881 96.834908 210.059509 202.800400 56.515484 235.790161 206.516342 
300.000000 3 3.000000 407.000000 288.000000 a 112.720894 279.894623 313.676575 397.573883 230.360580 80.006248 408.335632 329.674072 105.759163 314.636292 336.772919 227.975876 222.811584 417.200195 381.011810 
300.000000 10 4.000000 480.000000 10.000000 a 365.301239 489.326080 359.869415 507.673126 149.308411 207.624664 445.395325 449.177032 378.724182 488.439362 304.685089 202.474686 418.609589 407.962006 378.926117 
300.000000 9 3.000000 130.000000 138.000000 a 257.031128 220.081802 15.811388 138.130371 223.573257 310.934082 93.621582 95.770561 293.155243 173.979889 106.887794 170.880081 177.724503 115.104301 85.070557 
300.000000 9 5.000000 81.000000 465.000000 a 259.493744 120.307938 344.911591 257.344116 475.946411 432.677704 365.875671 243.018524 268.152954 157.457932 433.756836 431.270203 189.156021 427.074921 408.647766 
300.000000 10 5.000000 1.000000 368.000000 a 303.516052 135.369858 279.451233 152.738342 454.842834 458.363403 270.440369 167.943436 325.221466 109.836243 370.475372 403.897278 193.847885 337.763245 327.612579 
300.000000 7 1.000000 456.000000 341.000000 a 154.466827 320.451233 383.594849 457.411194 296.769257 131.213562 476.806030 390.570099 130.862518 364.496918 408.952332 298.739014 273.124512 488.362579 452.283112 
300.000000 5 4.000000 159.000000 237.000000 a 170.038239 123.166557 113.771698 144.533737 249.777908 274.142303 178.103897 76.485291 205.060974 96.938126 195.829010 199.584564 74.672615 216.787918 188.215302 
300.000000 12 2.000000 51.000000 139.000000 a 314.803101 234.917007 89.106674 84.581322 299.774902 387.930420 38.639359 89.319649 350.305573 174.140747 159.012573 247.891098 214.895325 103.368271 97.637085 
300.000000 11 2.000000 89.000000 98.000000 a 314.213318 264.213928 56.824291 138.755173 254.892136 361.448486 45.099888 124.100769 350.332703 210.038086 104.307236 205.156036 229.993484 62.096699 43.657761 
300.000000 10 1.000000 166.000000 395.000000 a 151.168777 47.634022 271.346649 233.540146 372.236481 322.869934 318.308014 191.449738 164.684540 113.569359 353.171356 330.770325 90.027771 368.914612 343.639343 
300.000000 8 5.000000 405.000000 303.000000 a 106.230881 274.565125 320.062500 398.610077 244.264206 94.921021 413.672577 331.061920 95.131485 312.040070 346.561676 240.187424 220.036362 424.792877 388.737701 
300.000000 12 1.000000 464.000000 257.000000 a 177.279434 343.198181 350.783417 449.872192 225.796371 55.217751 448.035706 381.608429 169.838165 374.488983 358.600067 238.304428 283.444885 448.153992 411.825195 
300.000000 8 1.000000 225.000000 300.000000 a 82.280006 106.230881 194.989746 225.248749 260.725922 224.928879 269.001862 161.136581 115.485931 132.242203 262.427124 221.045242 40.607880 302.899323 271.459015 
300.000000 3 5.000000 398.000000 79.000000 a 267.798431 382.733582 263.053223 405.823853 57.271286 137.277100 354.682953 345.028992 286.204468 381.400055 224.075882 104.580116 312.014435 327.575958 294.821991 
300.000000 8 4.000000 145.000000 469.000000 a 210.354462 111.364265 344.052307 283.989441 447.675110 385.250580 381.608429 254.420914 213.377594 169.189240 428.197388 407.237030 166.865219 436.972534 414.035034 
300.000000 12 2.000000 417.000000 403.000000 a 136.751602 284.580383 393.151367 442.459045 344.268799 191.588104 479.930206 379.011871 102.420700 337.640350 433.498566 336.300476 251.077682 501.558563 466.567261 
300.000000 10 2.000000 386.000000 103.000000 a 241.105789 357.106415 247.977829 386.870789 56.850681 118.308914 342.005859 324.599762 260.017303 357.594757 217.720001 92.913940 286.386108 319.677948 285.727142 
300.000000 7 3.000000 107.000000 36.000000 a 351.957397 323.303253 94.578011 201.695313 237.035858 369.595734 90.520714 187.416641 387.764099 272.360046 70.256676 194.640701 282.001770 34.058773 21.213203 
300.000000 5 2.000000 427.000000 69.000000 a 288.487427 410.124359 293.393921 436.497437 85.023529 143.087387 384.334503 375.576904 304.253174 410.703064 251.453766 134.647690 339.423035 355.354767 323.222839 
300.000000 4 3.000000 335.000000 220.000000 a 113.885910 242.167297 217.809555 319.025085 153.160049 97.329338 314.391479 251.007965 136.297470 257.503387 238.008408 136.312149 173.404160 319.010986 282.718933 
300.000000 6 4.000000 465.000000 23.000000 a 346.705933 469.538086 341.584534 488.722839 130.633072 191.859329 428.164673 429.839508 360.846222 468.624573 288.626068 183.657288 398.818268 392.286896 362.597565 
300.000000 10 4.000000 370.000000 21.000000 a 315.417175 410.274292 253.331802 404.154663 53.851646 200.810852 335.672455 349.566864 337.877197 398.870911 194.139130 102.649887 340.618561 297.486145 268.425049 
300.000000 3 4.000000 383.000000 182.000000 a 167.839203 303.290283 250.569351 368.571564 122.090134 57.454330 348.542694 301.663727 183.098328 316.189819 249.070267 128.003906 234.155930 341.812805 305.722107 
300.000000 7 5.000000 138.000000 487.000000 a 227.727905 129.015503 362.001373 297.195221 466.921844 402.567993 397.280762 270.445923 229.139694 184.569763 446.705719 426.550110 186.034943 453.680511 431.342102 
300.000000 5 3.000000 492.000000 244.000000 a 208.146576 373.807434 372.518463 476.822815 232.010773 68.000000 470.269073 408.592712 200.249847 404.100250 374.204498 250.838593 313.397522 466.901489 430.712189 
300.000000 11 1.000000 337.000000 219.000000 a 115.433968 244.380844 219.180298 321.014008 152.082214 95.257545 315.868652 253.017792 137.440903 259.724854 238.597992 135.977936 175.635986 320.089050 283.783356 
300.000000 9 2.000000 409.000000 427.000000 a 145.096527 281.584808 405.097534 446.060547 366.181641 216.226730 489.388397 384.252533 109.224541 337.664032 449.498596 356.081451 254.118088 514.020447 479.504944 
Type de surveillance de chaque endroit(target):tab[nombre de target]
a a a a a a a a a a a a a a a 
Matrix of neighbour
1 0 0 0 0 0 1 0 0 0 0 0 1 0 0 0 0 1 0 0 0 0 0 0 0 0 1 0 0 0  
1 1 1 0 0 0 1 1 0 1 0 0 1 0 0 1 0 1 0 0 0 0 0 0 0 0 1 0 0 0  
1 0 1 0 0 0 1 1 0 0 0 0 1 0 0 1 0 1 0 0 0 0 0 0 0 0 1 0 0 0  
0 0 1 1 0 0 0 0 0 1 0 0 1 1 0 1 0 0 1 0 0 0 1 0 0 0 0 0 1 1  
0 0 0 1 1 0 0 0 0 0 0 0 0 0 1 0 1 0 0 1 0 1 1 1 1 1 0 1 1 0  
0 1 1 0 0 1 0 1 0 1 0 0 1 0 0 1 0 0 0 0 0 0 0 0 0 0 0 0 0 0  
0 0 0 0 0 0 1 0 0 0 0 0 1 0 0 0 0 0 0 0 0 0 0 0 0 0 0 0 0 0  
1 0 0 0 0 0 1 1 0 0 0 0 1 0 0 0 0 1 0 0 0 0 0 0 0 0 1 0 0 0  
0 0 1 1 0 0 0 0 1 0 0 0 1 1 0 1 0 0 1 0 0 0 1 0 0 1 0 0 1 1  
1 0 1 0 0 0 1 1 0 1 0 0 1 0 0 1 0 1 0 0 0 0 0 0 0 0 1 0 0 0  
0 1 1 0 0 1 0 1 0 1 1 0 1 0 0 1 0 0 0 0 0 0 0 0 0 0 0 0 0 0  
0 1 1 0 0 1 0 1 0 1 1 1 0 0 0 1 0 0 0 0 0 0 1 0 0 0 0 0 1 0  
0 0 0 0 0 0 0 0 0 0 0 0 1 0 0 0 0 0 0 0 0 0 0 0 0 0 0 0 0 0  
0 0 1 0 0 0 0 0 0 1 0 0 1 1 0 1 0 0 1 0 0 0 1 0 0 0 0 0 1 1  
0 0 1 1 0 0 0 0 1 0 0 0 0 1 1 1 0 0 1 0 0 0 1 0 0 1 0 0 1 1  
1 0 0 0 0 0 1 1 0 0 0 0 1 0 0 1 0 1 0 0 0 0 0 0 0 0 1 0 0 0  
0 0 1 1 0 1 0 0 1 1 0 0 0 1 1 1 1 0 0 1 1 0 1 0 0 1 0 1 1 0  
0 0 0 0 0 0 1 0 0 0 0 0 1 0 0 0 0 1 0 0 0 0 0 0 0 0 0 0 0 0  
0 0 1 0 0 0 0 0 0 0 0 0 1 0 0 1 0 1 1 0 0 0 1 0 0 0 1 0 1 1  
0 0 1 1 0 1 0 0 1 1 0 1 0 1 1 1 0 0 0 1 1 0 1 0 0 1 0 0 1 0  
0 1 1 0 0 1 0 0 0 1 1 1 0 0 0 1 0 0 0 0 1 0 1 0 0 0 0 0 1 0  
0 0 0 1 0 0 0 0 1 0 0 0 0 1 1 0 1 0 0 1 0 1 1 0 0 1 0 1 1 0  
0 1 1 0 0 1 0 0 0 1 1 0 1 0 0 1 0 0 0 0 0 0 1 0 0 0 0 0 0 0  
0 0 0 1 0 0 0 0 0 0 0 0 0 1 1 0 1 0 0 1 0 1 1 1 1 1 0 1 1 0  
0 0 0 1 0 1 0 0 0 0 0 1 0 1 1 0 1 0 0 1 1 1 1 0 1 1 0 1 1 0  
0 0 1 1 0 1 0 0 0 1 0 0 0 1 0 1 0 0 1 0 0 0 1 0 0 1 0 0 1 1  
0 0 0 0 0 0 1 0 0 0 0 0 1 0 0 0 0 1 0 0 0 0 0 0 0 0 1 0 0 0  
0 0 0 1 0 0 0 0 1 0 0 0 0 1 1 1 0 0 1 1 0 0 1 0 0 1 0 1 1 1  
0 1 1 0 0 1 0 0 0 1 1 0 1 0 0 1 0 0 0 0 0 0 1 0 0 0 0 0 1 0  
0 0 1 0 0 0 0 0 0 0 0 0 1 0 0 1 0 1 0 0 0 0 1 0 0 0 1 0 1 1  
Connect directly to BS 
1 1 1 0 0 1 1 1 0 1 1 0 1 0 0 1 0 1 0 0 0 0 1 0 0 0 1 0 1 0 
Cordinaates of sensors 
1 25.000000 472.000000
2 79.000000 193.000000
3 172.000000 252.000000
4 407.000000 288.000000
5 480.000000 10.000000
6 130.000000 138.000000
7 81.000000 465.000000
8 1.000000 368.000000
9 456.000000 341.000000
10 159.000000 237.000000
11 51.000000 139.000000
12 89.000000 98.000000
13 166.000000 395.000000
14 405.000000 303.000000
15 464.000000 257.000000
16 225.000000 300.000000
17 398.000000 79.000000
18 145.000000 469.000000
19 417.000000 403.000000
20 386.000000 103.000000
21 107.000000 36.000000
22 427.000000 69.000000
23 335.000000 220.000000
24 465.000000 23.000000
25 370.000000 21.000000
26 383.000000 182.000000
27 138.000000 487.000000
28 492.000000 244.000000
29 337.000000 219.000000
30 409.000000 427.000000
