Nombre des capteurs:
30
Nombre des targets:
30
Nombre de type de surveillance:
1

Caracteristiques:
300.000000 4 5.000000 20.000000 233.000000 a 481.116425 104.043259 217.138199 311.713013 221.334595 468.124969 463.349762 141.890808 67.186310 226.636276 358.468964 503.135162 168.439896 108.724419 306.726257 319.081482 238.321213 434.446777 373.037537 192.720001 294.090118 254.125946 349.425232 286.923340 223.271133 278.600067 356.388824 204.137207 314.128967 179.877731 
300.000000 1 3.000000 167.000000 250.000000 a 342.492340 110.421921 133.375412 164.222412 175.182755 323.037140 317.932373 192.408417 183.357574 123.166557 217.168137 366.934601 143.561829 72.006943 227.299362 250.241882 170.519791 286.555420 227.431305 80.529495 146.112976 107.377838 264.196899 153.561066 169.434357 240.831894 273.424591 151.162170 167.191513 120.074974 
300.000000 3 4.000000 84.000000 362.000000 a 463.001068 44.181442 95.341492 254.310837 301.081390 386.000000 425.217590 268.793610 210.230820 262.101135 338.385864 398.758087 26.248810 72.801102 168.671280 385.966309 303.591827 372.081970 299.055176 219.385498 246.617111 225.257629 402.905701 286.457672 82.807007 366.760132 411.946594 277.973022 277.308502 56.222771 
300.000000 11 2.000000 239.000000 179.000000 a 256.265472 211.191849 213.213501 139.312592 122.114700 294.703247 246.641434 204.088211 236.256210 37.643059 137.524536 360.435852 241.298569 172.817825 295.330322 164.596481 100.568382 240.784134 205.104858 34.000000 115.108643 71.196907 169.248337 62.128899 256.820953 176.819122 179.002792 103.077644 113.991226 212.473526 
300.000000 4 3.000000 481.000000 232.000000 a 87.823685 410.118286 339.436310 163.526749 343.925873 130.464554 17.117243 449.391815 482.265472 268.197693 112.720894 222.182358 404.645538 376.144928 361.912964 314.758636 312.296326 70.213959 137.931137 281.042694 172.791779 207.195557 280.713379 188.809433 384.046875 368.401947 287.702972 334.571381 147.339737 366.750610 
300.000000 2 3.000000 352.000000 72.000000 a 158.776566 366.742432 356.855713 216.448608 177.025421 313.087860 193.932983 299.883301 361.962708 142.888062 121.396049 400.404785 394.655548 328.402191 425.067047 114.236595 146.492325 243.583664 256.643707 181.818588 200.039993 186.131668 75.690155 114.934761 403.193512 176.264008 82.219215 180.036102 170.950287 363.275391 
300.000000 1 1.000000 140.000000 413.000000 a 443.207611 112.361023 47.634022 225.488358 339.807312 333.917664 396.046722 329.686218 280.702698 283.978882 324.006165 334.522034 49.517673 122.723267 92.956978 413.730591 335.554779 331.698669 255.884735 242.860046 224.964447 218.036697 423.199707 287.341248 7.071068 405.731445 432.866028 315.835388 258.605865 46.000000 
300.000000 12 1.000000 480.000000 245.000000 a 100.841461 406.606689 332.945953 158.660019 349.177612 117.426575 30.149628 452.580383 483.174927 271.860260 117.183617 209.153061 399.164124 373.230499 352.625854 323.154755 317.800262 58.309521 128.549606 282.809113 169.567093 206.038834 290.024139 192.200409 377.033142 375.598175 297.235596 339.045715 146.030823 361.225677 
300.000000 4 5.000000 497.000000 471.000000 a 326.024536 444.182404 331.879486 250.511475 510.391998 112.294258 256.382538 581.817871 579.521362 424.199249 305.026215 30.232433 403.624817 425.556122 286.006989 517.176941 484.200378 182.167511 184.910782 412.950348 274.652496 320.357605 493.356873 355.009857 355.967682 555.536682 502.117523 492.659119 281.087189 371.840027 
300.000000 8 3.000000 413.000000 218.000000 a 108.300507 347.690948 287.960052 110.258789 277.656250 154.870911 70.064255 380.432648 413.037537 199.624649 45.803928 243.263229 348.427887 312.385986 325.313690 258.474365 246.586700 85.428329 113.600174 211.624664 112.698715 140.890030 229.477661 119.970833 334.400970 307.148163 237.674149 266.986877 82.565125 311.014465 
300.000000 6 5.000000 195.000000 302.000000 a 336.827850 116.107712 82.975899 132.849533 227.879349 281.469360 300.853790 251.023911 234.136719 162.388428 212.325226 315.963593 119.205704 85.375641 171.746902 292.801971 218.277344 255.096054 187.672592 123.405838 121.840057 99.809822 299.879974 165.423691 126.317062 292.109558 309.633667 204.083313 151.396835 85.146935 
300.000000 10 1.000000 451.000000 76.000000 a 80.777473 442.950348 411.491180 244.738632 276.001801 286.630432 142.635895 398.453247 457.348877 232.847595 137.295303 378.582886 460.671234 404.728302 463.906250 207.183487 245.130585 219.002289 260.578217 266.692719 237.033752 241.979340 163.865799 179.724792 458.911743 272.124969 166.628326 277.953247 203.088654 425.913147 
300.000000 11 4.000000 146.000000 191.000000 a 350.035706 143.125824 194.486496 204.882889 119.570061 366.356384 337.853516 133.660019 144.837845 95.015785 230.000000 418.861542 192.634369 109.110039 289.394196 205.973297 122.674362 321.297363 271.516113 60.207973 182.989075 137.419067 228.127151 155.823624 227.002197 185.585556 236.357773 96.166519 194.794769 176.102249 
300.000000 9 4.000000 210.000000 358.000000 a 354.200500 136.014709 41.400482 136.857590 285.156097 260.030762 308.184998 306.297241 280.978638 215.752167 235.467621 279.034058 108.060165 118.726578 115.004349 345.684814 274.029205 248.131012 173.787231 179.069824 136.029404 133.360413 349.017181 204.377106 88.459030 348.759216 358.954041 261.489960 169.799881 70.576202 
300.000000 5 4.000000 359.000000 447.000000 a 330.393707 307.379242 192.924850 163.168625 415.018066 139.807007 263.058929 466.411835 452.301880 331.024170 256.563843 113.216606 263.910980 292.249878 150.266434 444.814575 393.926392 177.158127 122.000000 309.095459 185.067551 222.847488 431.477692 278.115082 215.956009 469.630707 441.236908 394.118011 206.518768 233.154449 
300.000000 5 5.000000 223.000000 363.000000 a 347.021606 149.913315 50.159744 128.809937 291.972595 247.002029 299.172180 317.370453 293.981293 220.056808 230.202087 265.107513 120.070816 132.400909 110.652611 349.290710 279.517456 236.966248 162.049377 184.878342 130.176804 132.230865 350.891724 203.538696 95.441078 354.830933 360.879486 268.508850 164.201096 83.096329 
300.000000 1 5.000000 385.000000 269.000000 a 164.438431 308.910980 237.191910 60.728905 285.895081 125.992065 111.892807 374.833282 395.126556 201.308228 78.517517 204.435806 301.763153 276.134033 268.126831 286.251648 257.421844 70.007141 58.137768 201.246124 73.006851 114.477074 264.092773 126.063477 282.490723 326.013794 273.221527 270.963104 57.706154 263.873077 
300.000000 2 2.000000 434.000000 456.000000 a 316.546997 379.947357 267.166626 200.024994 460.697296 100.657837 245.930878 524.863770 518.367615 374.706543 271.272919 38.052597 338.864288 362.243011 223.647049 476.699066 436.311829 161.793076 139.463257 359.402283 224.116043 268.001862 457.017517 310.885834 291.487549 509.828400 466.274597 441.643524 236.211777 307.175842 
300.000000 5 4.000000 333.000000 149.000000 a 160.049988 304.253174 281.233002 138.130371 174.470627 253.254807 163.878006 285.159607 330.546509 105.171288 60.108234 335.180542 324.562775 265.996246 346.208038 156.064087 142.667450 187.096237 184.358353 131.468628 120.838737 109.293182 133.929092 41.231056 328.184387 201.586212 143.338760 166.676331 93.005379 291.158020 
300.000000 7 2.000000 17.000000 447.000000 a 563.719788 143.561829 172.325272 348.855286 404.163330 460.905640 520.557373 353.836121 279.351044 370.049988 440.927429 455.053833 110.421921 179.047485 195.734512 492.260101 409.255432 458.904144 383.270142 327.365234 345.059418 329.370605 510.616302 393.242920 131.244049 468.901917 519.547852 381.776123 377.510254 146.727646 
300.000000 8 1.000000 351.000000 405.000000 a 296.249908 284.622559 175.385284 120.415947 374.000000 126.530632 231.352539 430.004639 421.037994 289.435669 215.455338 130.545013 248.364655 265.333740 155.640610 402.124359 352.230042 147.989868 83.570328 269.057617 142.442978 181.176712 388.768555 235.372040 206.409790 427.692657 398.539825 353.503876 163.884109 214.394501 
300.000000 8 4.000000 161.000000 166.000000 a 332.663483 172.235306 217.589066 205.419083 92.070625 365.919403 325.706909 129.247818 158.012665 70.837845 216.448608 423.869080 220.494904 137.786072 311.045013 176.819122 93.536087 316.483795 272.618774 45.880280 182.222397 135.624481 199.529449 140.288986 252.507431 158.151825 207.617432 68.249542 188.957672 202.094040 
300.000000 2 5.000000 336.000000 332.000000 a 244.167969 256.382538 166.979034 45.891174 303.265564 137.317154 187.877625 369.131409 371.194031 217.680954 146.563980 182.701950 236.712906 229.172424 188.430359 327.685822 280.007141 119.854080 45.276924 201.419952 68.352028 110.113579 314.428040 160.853973 209.468369 354.802765 324.234497 283.783356 90.022217 199.100479 
300.000000 12 1.000000 70.000000 355.000000 a 472.259460 38.327538 110.602890 265.843933 299.040131 400.061249 436.083710 260.555176 198.640381 264.401215 347.177185 414.010864 41.617306 72.945183 183.861359 386.120453 303.211151 384.707672 312.257904 221.812988 257.163361 233.692108 404.665283 292.849792 97.948967 364.299316 413.532349 276.318665 287.167206 71.021126 
300.000000 10 2.000000 126.000000 434.000000 a 467.129547 124.787819 72.124893 249.018066 362.328583 351.454132 418.819763 346.770813 293.061432 308.358551 348.638794 346.577545 59.236813 140.911316 93.520050 437.824158 359.026459 352.557800 276.539337 266.956940 249.303024 243.213898 447.925232 312.579590 24.839485 428.365509 457.558746 338.421326 283.068909 68.447060 
300.000000 11 5.000000 273.000000 322.000000 a 282.363251 193.041443 113.740936 64.350601 265.731079 201.019897 235.688354 316.115479 310.831146 184.569763 166.643326 238.799072 178.353577 165.387421 163.232956 307.650787 247.250885 179.047485 108.115677 158.344559 66.610809 81.006172 302.952148 149.642914 160.000000 323.635590 313.000000 243.987701 100.603180 140.406555 
300.000000 12 4.000000 331.000000 378.000000 a 283.783356 258.071686 154.081146 91.087868 340.800537 139.917831 222.874405 396.702667 389.466309 256.581360 192.338242 160.178024 227.002197 236.425461 153.052277 371.285614 319.469879 145.086182 71.421288 235.535553 111.628853 148.384628 359.610901 205.204773 190.252457 395.170837 369.476654 320.140594 136.033081 191.316498 
300.000000 5 3.000000 18.000000 429.000000 a 553.426575 127.141655 165.520386 340.066162 387.253143 456.938721 511.879883 335.828827 261.430664 354.818268 429.893005 454.687805 99.478638 163.367691 197.952011 476.047272 392.898193 452.305206 377.058350 312.200256 335.196960 317.616119 495.097961 380.269653 127.475487 451.798615 503.945435 365.015076 367.185242 136.850281 
300.000000 12 1.000000 361.000000 370.000000 a 260.862030 285.770874 184.458664 89.693924 348.742035 109.293182 197.253647 412.903137 411.057159 263.093140 179.627396 139.201294 257.157532 262.253693 181.958786 371.064697 325.301392 116.387283 47.423622 246.611023 113.159180 155.595627 355.803314 204.022064 221.269073 399.844971 365.470917 329.256744 130.816666 221.020355 
300.000000 4 3.000000 264.000000 389.000000 a 334.629639 197.223221 87.206650 119.887444 326.369415 207.761887 279.708771 361.879822 341.997070 248.620193 227.481873 217.919708 160.312195 180.944748 99.322708 374.161743 310.465790 208.403458 132.412231 218.130692 130.172958 148.337448 370.472656 217.175049 122.482651 386.742798 380.522003 303.644531 162.815842 125.936493 
Type de surveillance de chaque endroit(target):tab[nombre de target]
a a a a a a a a a a a a a a a a a a a a a a a a a a a a a a 
Matrix of neighbour
1 1 1 0 0 0 1 0 0 0 1 0 0 1 0 1 0 0 0 1 0 0 0 1 1 0 0 1 0 1  
0 1 1 0 0 0 1 0 0 0 1 0 0 1 0 1 0 0 0 1 0 0 0 1 1 0 0 1 0 0  
0 0 1 0 0 0 0 0 0 0 0 0 0 0 0 0 0 0 0 0 0 0 0 0 0 0 0 0 0 0  
1 1 1 1 0 0 1 0 0 0 1 0 1 1 0 1 0 0 0 0 1 1 1 1 1 1 1 0 0 1  
0 0 0 1 1 1 0 1 1 1 1 0 0 1 1 1 1 1 1 0 1 0 1 0 0 1 1 0 1 1  
0 1 0 1 0 1 0 1 0 1 1 0 1 0 0 0 1 0 1 0 0 1 1 0 0 1 0 0 1 0  
0 0 1 0 0 0 1 0 0 0 0 0 0 0 0 0 0 0 0 0 0 0 0 0 0 0 0 0 0 0  
0 0 0 1 0 0 0 1 1 1 1 0 0 1 1 1 1 1 1 0 1 0 1 0 0 1 1 0 1 1  
0 0 0 0 0 0 0 0 1 1 0 0 0 0 1 1 1 1 0 0 1 0 1 0 0 1 1 0 1 1  
0 1 0 1 0 0 0 0 0 1 1 0 1 1 1 1 1 1 1 0 1 1 1 0 0 1 1 0 1 1  
0 0 1 0 0 0 1 0 0 0 1 0 0 1 0 1 0 0 0 1 0 0 0 1 1 0 0 1 0 0  
0 0 0 1 1 1 0 1 0 1 0 1 0 0 0 0 1 0 1 0 0 0 1 0 0 0 0 0 0 0  
1 1 1 0 0 0 1 0 0 0 1 0 1 1 0 1 0 0 0 1 0 0 0 1 1 1 0 1 0 1  
0 0 1 0 0 0 1 0 0 0 0 0 0 1 0 0 0 0 0 1 0 0 0 1 1 0 0 1 0 0  
0 1 1 1 0 0 1 0 0 0 1 0 0 1 1 1 0 0 0 0 1 0 1 0 1 1 1 0 1 1  
0 0 1 0 0 0 1 0 0 0 0 0 0 1 0 1 0 0 0 1 0 0 0 1 1 0 0 1 0 0  
0 1 0 1 0 0 1 0 0 0 1 0 1 1 1 1 1 0 0 0 1 1 1 0 0 1 1 0 1 1  
0 0 0 0 0 0 1 0 0 0 1 0 0 1 1 1 1 1 0 0 1 0 1 0 0 1 1 0 1 1  
0 1 0 1 0 0 0 0 0 0 1 0 1 1 1 1 1 0 1 0 1 1 1 0 0 1 1 0 1 1  
0 0 1 0 0 0 1 0 0 0 0 0 0 0 0 0 0 0 0 1 0 0 0 1 1 0 0 1 0 0  
0 1 1 0 0 0 1 0 0 0 1 0 1 1 0 1 0 0 0 0 1 0 1 1 1 1 1 0 0 1  
1 1 1 0 0 0 1 0 0 0 1 0 1 1 0 1 0 0 0 0 0 1 0 1 1 1 1 1 0 1  
0 1 1 0 0 0 1 0 0 0 1 0 1 1 0 1 0 0 0 0 0 1 1 1 1 1 1 0 0 1  
0 0 1 0 0 0 1 0 0 0 0 0 0 0 0 0 0 0 0 0 0 0 0 1 1 0 0 0 0 0  
0 0 1 0 0 0 1 0 0 0 0 0 0 0 0 0 0 0 0 0 0 0 0 0 1 0 0 0 0 0  
1 1 1 0 0 0 1 0 0 0 1 0 0 1 0 1 0 0 0 1 0 0 0 1 1 1 0 1 0 1  
0 1 1 0 0 0 1 0 0 0 1 0 1 1 0 1 0 0 0 0 0 0 0 1 1 1 1 0 0 1  
0 0 1 0 0 0 1 0 0 0 0 0 0 0 0 0 0 0 0 0 0 0 0 1 1 0 0 1 0 0  
0 1 1 1 0 0 1 0 0 0 1 0 1 1 0 1 0 0 0 0 1 1 1 1 1 1 1 0 1 1  
0 1 1 0 0 0 1 0 0 0 1 0 0 1 0 1 0 0 0 1 0 0 0 1 1 0 0 1 0 1  
Connect directly to BS 
1 1 1 1 0 0 1 0 0 0 1 0 1 1 1 1 0 0 0 1 1 1 1 1 1 1 1 1 1 1 
Cordinaates of sensors 
1 20.000000 233.000000
2 167.000000 250.000000
3 84.000000 362.000000
4 239.000000 179.000000
5 481.000000 232.000000
6 352.000000 72.000000
7 140.000000 413.000000
8 480.000000 245.000000
9 497.000000 471.000000
10 413.000000 218.000000
11 195.000000 302.000000
12 451.000000 76.000000
13 146.000000 191.000000
14 210.000000 358.000000
15 359.000000 447.000000
16 223.000000 363.000000
17 385.000000 269.000000
18 434.000000 456.000000
19 333.000000 149.000000
20 17.000000 447.000000
21 351.000000 405.000000
22 161.000000 166.000000
23 336.000000 332.000000
24 70.000000 355.000000
25 126.000000 434.000000
26 273.000000 322.000000
27 331.000000 378.000000
28 18.000000 429.000000
29 361.000000 370.000000
30 264.000000 389.000000
