Nombre des capteurs:
30
Nombre des targets:
30
Nombre de type de surveillance:
1

Caracteristiques:
300.000000 9 1.000000 25.000000 472.000000 a 311.733856 159.113174 365.246490 256.158142 514.309265 482.958588 371.486206 256.867676 322.578674 177.538727 456.074554 467.209808 229.836899 436.646301 422.452362 463.314148 85.211502 162.117249 363.093658 221.054291 465.145142 406.109589 338.053253 392.378632 457.739014 454.200409 280.919922 483.264923 559.046509 400.359833 
300.000000 6 1.000000 79.000000 193.000000 a 261.199158 174.568039 90.686272 67.067131 291.624756 353.510956 98.432716 29.427877 295.935791 115.849037 180.013885 238.398819 155.666306 155.116089 138.278702 179.201004 210.038086 281.156555 153.310150 72.277245 183.000000 294.183624 234.437622 135.092560 264.775391 468.739807 228.659134 342.005859 321.726593 343.925873 
300.000000 12 4.000000 172.000000 252.000000 a 151.092682 111.946419 131.217377 160.099976 251.246887 263.058929 197.952011 92.973114 185.827881 96.834908 210.059509 202.800400 56.515484 235.790161 206.516342 244.787659 179.471451 201.486969 98.600204 75.802376 259.254700 195.002563 128.891434 137.186005 201.375275 358.615387 118.848640 255.440796 294.608215 236.239288 
300.000000 1 3.000000 407.000000 288.000000 a 112.720894 279.894623 313.676575 397.573883 230.360580 80.006248 408.335632 329.674072 105.759163 314.636292 336.772919 227.975876 222.811584 417.200195 381.011810 404.949371 351.353088 275.800659 210.240341 311.006439 429.962799 53.150730 108.903625 276.898895 165.109055 166.859222 146.996597 94.047859 279.515656 37.363083 
300.000000 9 4.000000 480.000000 10.000000 a 365.301239 489.326080 359.869415 507.673126 149.308411 207.624664 445.395325 449.177032 378.724182 488.439362 304.685089 202.474686 418.609589 407.962006 378.926117 373.048248 564.335022 531.681274 297.607117 459.018524 401.000000 267.988800 320.089050 308.765289 191.175308 429.004669 382.205444 194.180328 133.093948 324.784546 
300.000000 9 3.000000 130.000000 138.000000 a 257.031128 220.081802 15.811388 138.130371 223.573257 310.934082 93.621582 95.770561 293.155243 173.979889 106.887794 170.880081 177.724503 115.104301 85.070557 124.149101 270.647369 319.939056 106.892471 129.282639 137.786072 263.427399 216.926254 63.906181 208.000000 460.114105 231.449783 296.529938 249.435364 325.399750 
300.000000 9 5.000000 81.000000 465.000000 a 259.493744 120.307938 344.911591 257.344116 475.946411 432.677704 365.875671 243.018524 268.152954 157.457932 433.756836 431.270203 189.156021 427.074921 408.647766 449.752167 62.289646 105.683487 328.274261 202.632675 455.004395 356.005615 289.836151 365.625488 415.906250 397.850464 230.601395 434.165863 522.738953 346.030334 
300.000000 9 5.000000 1.000000 368.000000 a 303.516052 135.369858 279.451233 152.738342 454.842834 458.363403 270.440369 167.943436 325.221466 109.836243 370.475372 403.897278 193.847885 337.763245 327.612579 367.613922 81.859634 203.592728 301.537720 142.270874 366.398682 383.641754 312.473999 315.000000 408.006134 482.255127 267.320038 454.234528 494.292419 398.436951 
300.000000 6 1.000000 456.000000 341.000000 a 154.466827 320.451233 383.594849 457.411194 296.769257 131.213562 476.806030 390.570099 130.862518 364.496918 408.952332 298.739014 273.124512 488.362579 452.283112 476.892029 386.011658 292.308044 280.800629 367.375824 501.687164 125.159897 170.698563 348.397766 234.804169 100.439034 191.588104 150.136612 343.739716 61.400326 
300.000000 4 4.000000 159.000000 237.000000 a 170.038239 123.166557 113.771698 144.533737 249.777908 274.142303 178.103897 76.485291 205.060974 96.938126 195.829010 199.584564 74.672615 216.787918 188.215302 227.035233 186.042999 217.680954 96.332756 67.230942 240.684448 208.614471 144.806763 124.907967 204.553177 377.577820 138.408813 265.345062 290.908936 253.402847 
300.000000 12 2.000000 51.000000 139.000000 a 314.803101 234.917007 89.106674 84.581322 299.774902 387.930420 38.639359 89.319649 350.305573 174.140747 159.012573 247.891098 214.895325 103.368271 97.637085 135.148071 265.088654 341.790863 183.182968 132.257324 132.003784 335.934509 282.363251 140.890030 287.001740 521.851501 284.191833 374.213837 320.923676 392.353149 
300.000000 10 2.000000 89.000000 98.000000 a 314.213318 264.213928 56.824291 138.755173 254.892136 361.448486 45.099888 124.100769 350.332703 210.038086 104.307236 205.156036 229.993484 62.096699 43.657761 83.952370 305.321136 368.013580 160.589539 165.193832 88.566360 318.290741 274.000000 102.591423 252.192383 517.302612 288.027771 345.880035 271.022125 382.020935 
300.000000 9 1.000000 166.000000 395.000000 a 151.168777 47.634022 271.346649 233.540146 372.236481 322.869934 318.308014 191.449738 164.684540 113.569359 353.171356 330.770325 90.027771 368.914612 343.639343 383.564850 91.350975 61.351448 231.320129 148.946304 394.707489 246.099579 179.805450 280.030365 309.245850 315.087280 120.673111 324.075623 420.904968 241.665054 
300.000000 7 5.000000 405.000000 303.000000 a 106.230881 274.565125 320.062500 398.610077 244.264206 94.921021 413.672577 331.061920 95.131485 312.040070 346.561676 240.187424 220.036362 424.792877 388.737701 413.730591 344.818787 265.444916 217.200363 310.586548 438.320648 62.801273 109.895409 284.945618 178.084244 154.353485 141.876709 109.178749 293.782227 22.472204 
300.000000 12 1.000000 464.000000 257.000000 a 177.279434 343.198181 350.783417 449.872192 225.796371 55.217751 448.035706 381.608429 169.838165 374.488983 358.600067 238.304428 283.444885 448.153992 411.825195 430.731934 415.496094 340.147034 247.679230 367.049042 457.421021 97.082436 165.873444 308.150940 173.311859 182.537674 210.622879 75.451973 268.799194 94.752312 
300.000000 7 1.000000 225.000000 300.000000 a 82.280006 106.230881 194.989746 225.248749 260.725922 224.928879 269.001862 161.136581 115.485931 132.242203 262.427124 221.045242 40.607880 302.899323 271.459015 307.538605 181.958786 157.892365 127.141655 133.240387 324.678314 149.576065 78.434685 187.299225 197.517090 288.669373 47.707443 222.353317 310.014526 173.666351 
300.000000 1 5.000000 398.000000 79.000000 a 267.798431 382.733582 263.053223 405.823853 57.271286 137.277100 354.682953 345.028992 286.204468 381.400055 224.075882 104.580116 312.014435 327.575958 294.821991 297.741486 457.498627 429.906952 191.637680 352.784637 326.377075 176.739929 218.691559 211.265244 84.148682 368.781769 280.531647 118.258194 81.835197 245.002045 
300.000000 7 4.000000 145.000000 469.000000 a 210.354462 111.364265 344.052307 283.989441 447.675110 385.250580 381.608429 254.420914 213.377594 169.189240 428.197388 407.237030 166.865219 436.972534 414.035034 454.591034 96.208107 44.011364 308.240173 211.518326 463.720825 309.741821 248.477356 355.856720 383.157928 334.348633 186.678864 388.911316 496.910461 290.738708 
300.000000 12 2.000000 417.000000 403.000000 a 136.751602 284.580383 393.151367 442.459045 344.268799 191.588104 479.930206 379.011871 102.420700 337.640350 433.498566 336.300476 251.077682 501.558563 466.567261 495.851807 342.000000 236.349319 295.797241 349.284973 518.356079 158.113876 174.828491 365.920746 276.524872 70.830788 170.390732 208.038452 394.263885 81.492332 
300.000000 9 2.000000 386.000000 103.000000 a 241.105789 357.106415 247.977829 386.870789 56.850681 118.308914 342.005859 324.599762 260.017303 357.594757 217.720001 92.913940 286.386108 319.677948 285.727142 292.249878 432.112244 403.112885 170.073517 330.334686 320.777191 151.198547 191.859329 196.430649 59.405388 348.367615 253.712433 98.432716 96.254868 221.273590 
300.000000 6 3.000000 107.000000 36.000000 a 351.957397 323.303253 94.578011 201.695313 237.035858 369.595734 90.520714 187.416641 387.764099 272.360046 70.256676 194.640701 282.001770 34.058773 21.213203 20.000000 368.392456 424.417236 184.783661 227.220154 38.209946 338.657654 305.790771 115.277924 252.517319 547.768188 330.248383 351.961639 240.916992 408.710175 
300.000000 4 2.000000 427.000000 69.000000 a 288.487427 410.124359 293.393921 436.497437 85.023529 143.087387 384.334503 375.576904 304.253174 410.703064 251.453766 134.647690 339.423035 355.354767 323.222839 324.359375 485.242218 453.361877 221.882858 382.800201 352.966003 193.535522 241.679535 241.615402 112.614388 373.498322 303.797638 126.142776 96.519424 256.758636 
300.000000 2 3.000000 335.000000 220.000000 a 113.885910 242.167297 217.809555 319.025085 153.160049 97.329338 314.391479 251.007965 136.297470 257.503387 238.008408 136.312149 173.404160 319.010986 282.718933 305.941162 317.944977 276.568268 114.127121 241.853256 331.113281 45.967381 64.899925 178.440460 82.054863 261.553040 127.027557 89.560036 205.350922 121.078484 
300.000000 4 4.000000 465.000000 23.000000 a 346.705933 469.538086 341.584534 488.722839 130.633072 191.859329 428.164673 429.839508 360.846222 468.624573 288.626068 183.657288 398.818268 392.286896 362.597565 358.068420 544.518127 512.582703 277.949646 439.344971 386.218842 250.007996 300.926910 290.299835 171.330093 416.203064 363.055084 177.538727 118.270874 308.585480 
300.000000 10 4.000000 370.000000 21.000000 a 315.417175 410.274292 253.331802 404.154663 53.851646 200.810852 335.672455 349.566864 337.877197 398.870911 194.139130 102.649887 340.618561 297.486145 268.425049 263.047516 482.647919 469.552979 205.973297 364.819122 291.207825 232.019394 262.773682 203.531326 121.297157 431.726776 322.567810 181.320160 23.769728 304.200592 
300.000000 1 4.000000 383.000000 182.000000 a 167.839203 303.290283 250.569351 368.571564 122.090134 57.454330 348.542694 301.663727 183.098328 316.189819 249.070267 128.003906 234.155930 341.812805 305.722107 322.074524 379.084412 335.037323 152.266220 297.249054 349.284973 72.780495 124.579292 203.973038 62.936478 273.996338 186.171967 40.162170 170.836182 142.688477 
300.000000 6 5.000000 138.000000 487.000000 a 227.727905 129.015503 362.001373 297.195221 466.921844 402.567993 397.280762 270.445923 229.139694 184.569763 446.705719 426.550110 186.034943 453.680511 431.342102 472.019073 105.000000 58.821766 327.482819 227.721313 480.635010 327.409515 267.001862 374.626495 402.244965 343.371521 205.060974 406.636200 516.202454 306.022888 
300.000000 3 3.000000 492.000000 244.000000 a 208.146576 373.807434 372.518463 476.822815 232.010773 68.000000 470.269073 408.592712 200.249847 404.100250 374.204498 250.838593 313.397522 466.901489 430.712189 447.447205 446.284668 370.563080 270.484741 395.456696 474.684113 125.323578 195.317688 328.006104 186.954544 195.501923 241.356583 86.267029 271.046112 124.197426 
300.000000 11 1.000000 337.000000 219.000000 a 115.433968 244.380844 219.180298 321.014008 152.082214 95.257545 315.868652 253.017792 137.440903 259.724854 238.597992 135.977936 175.635986 320.089050 283.783356 306.771912 320.156219 278.490570 115.550858 244.000000 332.031616 45.343136 66.850578 179.493729 81.006172 261.306335 128.968994 87.361320 204.244949 120.933868 
300.000000 9 2.000000 409.000000 427.000000 a 145.096527 281.584808 405.097534 446.060547 366.181641 216.226730 489.388397 384.252533 109.224541 337.664032 449.498596 356.081451 254.118088 514.020447 479.504944 510.024506 334.861176 224.510574 310.161255 352.476959 531.779114 178.997208 188.438324 380.370880 297.593689 70.035706 175.889175 232.310135 416.638947 103.696671 
Type de surveillance de chaque endroit(target):tab[nombre de target]
a a a a a a a a a a a a a a a a a a a a a a a a a a a a a a 
Matrix of neighbour
1 0 0 0 0 0 1 0 0 0 0 0 1 0 0 0 0 1 0 0 0 0 0 0 0 0 1 0 0 0  
1 1 1 0 0 0 1 1 0 1 0 0 1 0 0 1 0 1 0 0 0 0 0 0 0 0 1 0 0 0  
1 0 1 0 0 0 1 1 0 0 0 0 1 0 0 1 0 1 0 0 0 0 0 0 0 0 1 0 0 0  
0 0 1 1 0 0 0 0 0 1 0 0 1 1 0 1 0 0 1 0 0 0 1 0 0 0 0 0 1 1  
0 0 0 1 1 0 0 0 0 0 0 0 0 0 1 0 1 0 0 1 0 1 1 1 1 1 0 1 1 0  
0 1 1 0 0 1 0 1 0 1 0 0 1 0 0 1 0 0 0 0 0 0 0 0 0 0 0 0 0 0  
0 0 0 0 0 0 1 0 0 0 0 0 1 0 0 0 0 0 0 0 0 0 0 0 0 0 0 0 0 0  
1 0 0 0 0 0 1 1 0 0 0 0 1 0 0 0 0 1 0 0 0 0 0 0 0 0 1 0 0 0  
0 0 1 1 0 0 0 0 1 0 0 0 1 1 0 1 0 0 1 0 0 0 1 0 0 1 0 0 1 1  
1 0 1 0 0 0 1 1 0 1 0 0 1 0 0 1 0 1 0 0 0 0 0 0 0 0 1 0 0 0  
0 1 1 0 0 1 0 1 0 1 1 0 1 0 0 1 0 0 0 0 0 0 0 0 0 0 0 0 0 0  
0 1 1 0 0 1 0 1 0 1 1 1 0 0 0 1 0 0 0 0 0 0 1 0 0 0 0 0 1 0  
0 0 0 0 0 0 0 0 0 0 0 0 1 0 0 0 0 0 0 0 0 0 0 0 0 0 0 0 0 0  
0 0 1 0 0 0 0 0 0 1 0 0 1 1 0 1 0 0 1 0 0 0 1 0 0 0 0 0 1 1  
0 0 1 1 0 0 0 0 1 0 0 0 0 1 1 1 0 0 1 0 0 0 1 0 0 1 0 0 1 1  
1 0 0 0 0 0 1 1 0 0 0 0 1 0 0 1 0 1 0 0 0 0 0 0 0 0 1 0 0 0  
0 0 1 1 0 1 0 0 1 1 0 0 0 1 1 1 1 0 0 1 1 0 1 0 0 1 0 1 1 0  
0 0 0 0 0 0 1 0 0 0 0 0 1 0 0 0 0 1 0 0 0 0 0 0 0 0 0 0 0 0  
0 0 1 0 0 0 0 0 0 0 0 0 1 0 0 1 0 1 1 0 0 0 1 0 0 0 1 0 1 1  
0 0 1 1 0 1 0 0 1 1 0 1 0 1 1 1 0 0 0 1 1 0 1 0 0 1 0 0 1 0  
0 1 1 0 0 1 0 0 0 1 1 1 0 0 0 1 0 0 0 0 1 0 1 0 0 0 0 0 1 0  
0 0 0 1 0 0 0 0 1 0 0 0 0 1 1 0 1 0 0 1 0 1 1 0 0 1 0 1 1 0  
0 1 1 0 0 1 0 0 0 1 1 0 1 0 0 1 0 0 0 0 0 0 1 0 0 0 0 0 0 0  
0 0 0 1 0 0 0 0 0 0 0 0 0 1 1 0 1 0 0 1 0 1 1 1 1 1 0 1 1 0  
0 0 0 1 0 1 0 0 0 0 0 1 0 1 1 0 1 0 0 1 1 1 1 0 1 1 0 1 1 0  
0 0 1 1 0 1 0 0 0 1 0 0 0 1 0 1 0 0 1 0 0 0 1 0 0 1 0 0 1 1  
0 0 0 0 0 0 1 0 0 0 0 0 1 0 0 0 0 1 0 0 0 0 0 0 0 0 1 0 0 0  
0 0 0 1 0 0 0 0 1 0 0 0 0 1 1 1 0 0 1 1 0 0 1 0 0 1 0 1 1 1  
0 1 1 0 0 1 0 0 0 1 1 0 1 0 0 1 0 0 0 0 0 0 1 0 0 0 0 0 1 0  
0 0 1 0 0 0 0 0 0 0 0 0 1 0 0 1 0 1 0 0 0 0 1 0 0 0 1 0 1 1  
Connect directly to BS 
1 1 1 0 0 1 1 1 0 1 1 0 1 0 0 1 0 1 0 0 0 0 1 0 0 0 1 0 1 0 
Cordinaates of sensors 
1 25.000000 472.000000
2 79.000000 193.000000
3 172.000000 252.000000
4 407.000000 288.000000
5 480.000000 10.000000
6 130.000000 138.000000
7 81.000000 465.000000
8 1.000000 368.000000
9 456.000000 341.000000
10 159.000000 237.000000
11 51.000000 139.000000
12 89.000000 98.000000
13 166.000000 395.000000
14 405.000000 303.000000
15 464.000000 257.000000
16 225.000000 300.000000
17 398.000000 79.000000
18 145.000000 469.000000
19 417.000000 403.000000
20 386.000000 103.000000
21 107.000000 36.000000
22 427.000000 69.000000
23 335.000000 220.000000
24 465.000000 23.000000
25 370.000000 21.000000
26 383.000000 182.000000
27 138.000000 487.000000
28 492.000000 244.000000
29 337.000000 219.000000
30 409.000000 427.000000
