Nombre des capteurs:
30
Nombre des targets:
15
Nombre de type de surveillance:
1

Caracteristiques:
300.000000 10 2.000000 38.000000 314.000000 a 246.465012 465.559875 473.102539 298.839417 101.518471 283.296661 458.393921 283.471344 33.015148 334.113739 423.293030 179.293060 264.047333 152.069061 180.944748 
300.000000 12 5.000000 116.000000 26.000000 a 411.894409 384.720673 287.294281 414.855408 333.253662 323.593872 277.007233 474.383820 288.766327 507.673126 477.360443 267.226501 46.615448 185.776749 207.424683 
300.000000 11 5.000000 279.000000 75.000000 a 335.292419 215.081375 138.636215 311.045013 321.179077 206.903366 124.887947 399.061401 346.733337 417.221771 335.393799 210.608643 202.200394 187.395309 168.240906 
300.000000 12 3.000000 473.000000 463.000000 a 214.646225 304.026306 455.411896 165.218033 359.377228 240.709366 446.229767 201.300766 491.597382 153.394913 105.929222 320.848877 569.319763 412.481506 372.151855 
300.000000 6 1.000000 490.000000 185.000000 a 318.198059 29.068884 192.751129 254.420914 400.745544 194.653534 187.962769 362.001373 491.468201 348.208282 175.755508 291.254181 432.629181 342.841064 299.933319 
300.000000 9 3.000000 39.000000 314.000000 a 245.544296 464.617035 472.331451 297.865753 100.623062 282.304810 457.619934 282.646423 33.837849 333.264160 422.298462 178.317139 263.897705 151.347290 180.094421 
300.000000 8 4.000000 332.000000 114.000000 a 303.488068 151.822266 123.458496 268.016785 318.172913 164.514435 108.724419 364.965759 368.513214 376.132965 275.072723 200.204895 261.222137 207.077286 175.000000 
300.000000 4 5.000000 349.000000 185.000000 a 240.168686 130.613937 180.277557 198.012619 280.492432 97.718987 166.904160 299.081940 355.449005 306.192749 205.009750 163.082794 301.438232 202.427765 160.639343 
300.000000 10 4.000000 40.000000 6.000000 a 462.429443 463.009705 363.067474 474.233063 364.046692 389.647278 353.458618 522.348572 290.451385 560.160706 547.233948 319.828064 60.440052 229.941299 261.673462 
300.000000 1 3.000000 482.000000 32.000000 a 435.858917 127.098389 81.252693 381.980377 481.183960 295.101685 89.358826 489.350586 539.453430 485.143280 326.810333 362.505157 404.545410 378.001312 345.063751 
300.000000 6 3.000000 445.000000 27.000000 a 423.189087 135.823410 44.271889 373.471558 458.344849 280.850494 52.086468 479.309906 510.078430 479.059509 331.295929 339.599762 367.919830 348.328857 317.605103 
300.000000 3 3.000000 112.000000 388.000000 a 154.573608 430.889771 474.664093 217.082932 33.615471 234.412033 459.844543 181.648010 137.295303 233.460922 348.294403 151.558563 336.720947 182.584229 186.978607 
300.000000 2 5.000000 426.000000 478.000000 a 174.771286 323.051086 465.568481 136.473434 319.953125 226.823715 455.197754 154.051941 453.557068 104.690018 124.454811 294.241394 549.298645 386.839752 349.051575 
300.000000 2 2.000000 219.000000 170.000000 a 244.368576 258.234375 241.878067 238.838852 209.334656 147.186951 227.138718 308.585480 242.670563 336.168121 304.867188 105.171288 183.221176 81.006172 55.946404 
300.000000 4 2.000000 168.000000 377.000000 a 102.459747 378.160034 433.267822 161.077621 42.953465 180.560242 418.609589 142.214630 177.124252 191.010468 291.619629 111.485428 336.267761 169.186295 159.812393 
300.000000 11 1.000000 344.000000 427.000000 a 80.808418 299.187225 418.182983 47.434166 225.497223 151.082764 405.967987 85.982559 358.208038 66.730804 134.111893 200.661407 458.946625 293.155243 257.619873 
300.000000 10 1.000000 86.000000 152.000000 a 314.014343 391.062653 346.135803 334.587799 211.419022 264.886780 332.615387 371.860199 161.474457 412.237793 426.104462 176.799316 99.322708 84.219948 125.399361 
300.000000 7 2.000000 146.000000 172.000000 a 266.092102 331.255188 302.208527 278.548035 187.771133 202.891602 287.946167 327.230804 182.630768 363.455627 364.094757 122.873917 137.058380 37.054016 65.764732 
300.000000 11 2.000000 256.000000 476.000000 a 66.610809 386.432404 485.775665 119.016808 172.678894 207.781128 472.306030 16.124516 304.607941 67.468513 234.804169 205.548050 458.925934 288.015625 264.848999 
300.000000 5 1.000000 434.000000 444.000000 a 172.386200 288.225616 432.113403 121.938507 316.622803 201.943054 421.996460 164.754364 448.475189 121.078484 89.560036 278.212158 528.788208 370.163483 330.437592 
300.000000 5 1.000000 290.000000 231.000000 a 180.737381 200.382141 245.546326 155.955124 205.681793 55.226807 231.209854 243.665756 286.246399 260.969360 211.400101 88.684837 276.817627 143.694122 98.731964 
300.000000 7 4.000000 326.000000 204.000000 a 214.841797 157.562683 205.936890 178.025284 250.667114 74.330345 192.065094 275.347046 327.881073 286.027985 203.482193 133.454117 290.353241 178.070206 134.836945 
300.000000 12 4.000000 176.000000 75.000000 a 346.620819 312.501190 235.314682 343.013123 287.862823 248.310287 222.912537 410.386414 275.000000 439.932953 400.222443 203.393707 100.439034 136.894119 144.886169 
300.000000 9 2.000000 299.000000 227.000000 a 186.131668 190.546585 237.932770 157.876541 215.230103 54.781384 223.707397 248.471329 295.918915 264.003784 206.787323 98.488579 281.277435 152.069061 107.298645 
300.000000 10 2.000000 147.000000 381.000000 a 121.511314 397.723511 448.285614 182.002747 28.425341 200.481918 433.549316 155.801163 160.909912 206.169830 312.846619 124.867928 335.179047 172.002914 168.133881 
300.000000 7 3.000000 20.000000 142.000000 a 363.110168 457.316071 404.141052 391.255676 242.837387 328.476776 391.219879 416.806915 153.264481 460.768921 489.261688 234.388565 106.230881 144.474915 188.448929 
300.000000 10 1.000000 251.000000 74.000000 a 336.291534 241.455994 163.783386 317.723145 310.014526 215.034882 150.545670 400.550873 326.252960 422.015411 352.022736 204.560501 174.269913 169.805771 156.543930 
300.000000 5 5.000000 472.000000 85.000000 a 385.323242 74.168724 99.724625 329.633118 439.004547 246.288452 99.809822 437.402557 506.577728 431.885406 273.309357 321.217987 395.297363 346.917847 310.412628 
300.000000 11 3.000000 416.000000 98.000000 a 346.619385 86.267029 85.988373 297.026947 387.930420 204.472488 77.491936 402.631348 450.370972 403.112885 263.531769 269.328796 340.982391 290.077576 254.591827 
300.000000 5 3.000000 397.000000 402.000000 a 132.242203 255.830017 389.046265 70.880180 271.427704 146.492325 378.021149 144.253250 400.555878 115.624390 76.026314 223.573257 472.823425 315.039673 274.798096 
Type de surveillance de chaque endroit(target):tab[nombre de target]
a a a a a a a a a a a a a a a 