Nombre des capteurs:
30
Nombre des targets:
30
Nombre de type de surveillance:
1

Caracteristiques:
300.000000 7 2.000000 22.000000 108.000000 a 228.589157 286.127594 106.512909 464.233765 247.951614 363.064728 89.677200 459.548706 326.070557 241.049789 169.434357 327.184967 179.334885 120.353645 297.121185 291.163177 333.781372 304.198944 473.032776 369.737732 325.399750 513.089661 302.337555 293.462097 181.107697 152.777618 329.660431 394.077393 250.744888 58.137768 
300.000000 9 4.000000 99.000000 397.000000 a 415.260162 46.615448 267.366791 291.061859 67.779053 65.863495 383.718658 513.183228 252.958496 229.008728 132.913513 373.876984 121.198181 194.743423 409.386139 51.009804 54.037025 67.683083 247.163910 78.102493 32.015621 409.180878 57.567352 432.539001 163.884109 147.054413 233.310959 303.712036 368.126343 335.276001 
300.000000 6 3.000000 242.000000 325.000000 a 324.499603 114.236595 226.035400 162.049377 118.342720 169.531708 370.563080 361.624115 95.482986 110.072701 203.973038 232.131424 167.044907 257.386871 285.954529 207.279999 210.535034 226.384628 165.653259 218.689270 149.626205 256.035156 103.773796 316.362122 128.222458 202.410477 73.817345 144.222046 255.538651 318.190186 
300.000000 7 1.000000 295.000000 215.000000 a 225.470612 221.334595 188.724670 200.002502 208.331467 289.292236 327.200256 245.733597 46.818798 57.000000 258.306030 110.145355 221.840027 291.247314 167.967255 307.405273 321.054504 327.800232 248.744843 335.201447 264.660156 219.938629 217.039169 201.062180 151.082764 247.759964 67.364677 103.600197 146.154022 279.331329 
300.000000 9 5.000000 352.000000 158.000000 a 202.566040 301.942047 227.607117 236.078384 288.027771 368.803467 347.968384 165.302750 109.004585 127.455872 329.830261 39.115215 295.061005 354.774567 116.709038 387.319000 401.659058 407.770782 302.324341 415.530975 345.057953 204.355087 297.469330 153.101273 221.720551 317.176605 133.701157 121.807228 119.553337 306.757233 
300.000000 1 1.000000 278.000000 94.000000 a 107.540688 309.930634 156.438492 317.416138 285.159607 388.479095 256.222565 204.570282 168.267639 127.440186 296.445618 75.272835 268.151062 304.573486 57.801384 381.203369 405.455292 401.433685 370.885437 427.141663 357.833771 302.034760 311.724243 82.969872 196.824799 280.044647 189.525726 208.540161 24.351591 220.054535 
300.000000 7 4.000000 326.000000 303.000000 a 318.760101 200.524307 263.787781 108.811768 204.364868 245.839386 408.050232 294.292358 46.486557 124.450790 283.289612 185.431931 245.381332 330.847382 255.331161 293.783936 294.307648 312.617981 157.457932 298.202942 231.948273 171.002930 188.448929 290.167206 190.706573 278.657501 31.890438 58.137768 238.662949 357.598938 
300.000000 10 5.000000 76.000000 414.000000 a 438.717438 75.213028 287.383026 314.841217 93.295227 68.818604 397.333618 541.639160 281.513763 256.602814 141.661575 401.937805 137.131317 200.382141 436.033264 32.249031 27.313000 43.046486 266.007507 59.211487 48.093658 435.643188 85.088188 458.449554 187.552658 157.990509 261.725037 331.621765 394.062164 350.365509 
300.000000 2 2.000000 406.000000 183.000000 a 257.386871 327.612579 284.787628 208.614471 319.882782 385.379028 407.461639 150.359573 121.659363 171.020462 373.755280 85.702972 337.360352 404.400787 163.932907 417.599091 426.400055 437.687103 285.224487 435.574341 366.442352 149.806549 319.864044 199.491852 266.174744 362.836060 143.586212 98.081596 176.181717 365.892059 
300.000000 7 2.000000 329.000000 480.000000 a 490.373322 221.278107 403.744965 107.898102 251.676376 198.708328 547.847595 454.138733 221.731827 280.189209 350.486816 361.553589 319.715485 411.866486 432.296204 292.720001 267.164734 303.710388 21.931713 248.098770 214.462112 244.761108 201.556442 466.901489 301.809540 355.763977 199.832428 208.830078 413.233582 495.395813 
300.000000 1 2.000000 19.000000 42.000000 a 209.059799 348.579987 139.176147 509.354492 310.304688 427.215393 26.925823 459.088226 363.803528 279.087799 235.331680 338.864288 243.298172 185.607117 294.061218 357.179230 399.656097 370.264771 525.818420 435.436554 389.422638 544.135986 363.962921 282.391571 235.229675 218.357498 371.064697 429.075745 252.669739 46.529560 
300.000000 8 2.000000 458.000000 83.000000 a 247.951614 430.592621 335.451935 315.417175 417.800201 493.879547 429.791809 37.735924 229.314194 256.561890 456.776764 114.791115 423.098083 476.289825 149.164337 517.034790 530.268799 537.462585 395.637451 542.428772 472.347321 222.445496 425.000000 172.409393 349.274963 443.028229 252.857666 209.847565 188.382584 398.453247 
300.000000 2 4.000000 447.000000 220.000000 a 312.553986 344.383514 333.109589 180.249832 342.527374 392.404114 460.214081 171.819672 141.481445 209.059799 406.872223 140.730240 369.423889 443.055298 218.036697 436.903870 440.323730 456.355133 263.592499 444.932587 378.335815 96.041656 333.839783 253.071136 301.663727 397.819061 157.699081 89.498604 231.365509 417.258911 
300.000000 7 5.000000 481.000000 212.000000 a 332.520691 378.549866 364.123596 200.803391 377.270447 424.694000 487.804260 161.027954 176.377441 243.018524 441.661621 161.471359 404.259827 477.235779 234.776489 471.258942 473.903992 490.615936 286.274353 477.620148 411.672211 91.411156 367.631622 268.262939 336.168121 432.453461 192.200409 121.794907 253.775497 446.256653 
300.000000 9 4.000000 355.000000 256.000000 a 286.681000 246.008133 260.894623 139.463257 243.813446 298.216370 399.816193 239.069031 44.102154 123.975807 311.642426 137.131317 273.806488 352.195953 212.198013 338.249908 342.912537 357.798828 204.707108 349.521088 281.570587 149.264862 236.171555 248.171310 209.611542 304.006592 59.033890 31.144823 203.592728 351.978699 
300.000000 10 5.000000 224.000000 47.000000 a 46.000000 334.511597 129.073624 381.958099 303.922699 417.268494 193.041443 254.031494 229.157150 168.582321 291.274780 144.253250 270.303528 284.253418 89.005615 392.653778 423.018921 411.953888 428.444855 449.360657 383.275360 373.569275 340.277832 82.855293 208.165802 272.855286 247.606537 276.795959 51.884487 164.878738 
300.000000 4 2.000000 351.000000 244.000000 a 274.186066 248.338486 251.781647 152.085495 244.190506 303.415558 389.549744 231.036789 42.720020 116.661903 308.663239 125.015999 271.016602 347.416168 199.649689 339.889679 346.151703 359.649841 216.390854 354.035309 285.408478 157.098694 239.384628 235.586502 205.039017 300.326477 62.008064 42.638012 191.023560 342.171021 
300.000000 1 1.000000 299.000000 294.000000 a 302.446686 178.941330 237.693085 133.003754 179.513229 231.276886 382.597687 301.811188 37.000000 99.809822 255.634506 182.002747 217.664886 302.512817 246.398056 271.692841 275.283478 290.998291 170.519791 282.072693 213.901840 198.161545 168.585297 280.001801 162.249802 250.599289 12.369317 80.808418 224.877747 331.694122 
300.000000 11 4.000000 361.000000 106.000000 a 172.609390 346.225372 236.326050 286.471649 328.866241 416.587311 339.342010 129.282639 160.962723 164.347198 359.706818 17.691807 327.233856 376.948273 75.286118 428.057251 445.539001 448.575531 354.746399 461.615631 391.011505 238.562363 343.402100 110.385689 253.339691 345.259308 185.625961 171.842957 97.498718 303.916107 
300.000000 11 5.000000 307.000000 460.000000 a 466.444000 192.353836 375.502319 107.935165 222.182358 175.102829 519.188782 443.308014 201.039795 254.530945 320.975067 343.576782 290.024139 382.227692 412.043701 266.317474 242.909454 278.172607 31.000000 226.373581 187.984039 247.111313 172.652832 446.054932 272.618774 326.098145 178.070206 196.290604 390.755676 466.717255 
300.000000 8 2.000000 437.000000 488.000000 a 531.543030 322.372467 473.465942 107.786827 348.833771 306.889221 619.012939 438.919128 261.375214 337.831329 446.534424 379.348114 412.972168 505.578888 457.138916 399.275604 375.213287 411.086365 102.883430 356.315857 320.951721 195.437973 302.907562 493.401459 382.341461 449.328400 246.294540 219.093582 449.197052 567.366699 
300.000000 2 4.000000 327.000000 6.000000 a 103.121284 410.604431 236.698120 390.120483 385.736969 488.599030 294.287262 157.562683 253.505417 227.160736 391.138092 115.121674 365.329987 391.369385 44.271889 481.149658 506.095856 501.270386 454.133240 527.830444 458.399384 341.344391 412.074036 28.160255 295.832733 373.737885 277.129944 275.757141 86.452301 273.227020 
300.000000 7 3.000000 374.000000 256.000000 a 295.846252 262.992401 277.721069 135.944839 261.885468 312.678741 415.270996 229.871704 63.071388 142.045761 330.605499 139.262344 292.754150 371.134735 216.760239 355.584015 359.123932 374.989319 207.152115 364.606628 297.356689 131.320221 252.539108 253.061264 228.560715 323.006195 76.550636 21.377558 212.228653 368.048920 
300.000000 5 5.000000 35.000000 39.000000 a 192.782257 346.359650 129.402466 499.928986 308.133087 426.185394 20.099751 443.162506 352.953247 268.672668 237.170822 324.030853 242.596375 190.538712 278.145660 359.235291 401.123413 373.005371 518.700317 436.430969 388.336182 531.613586 361.167542 266.176636 229.612717 219.583694 361.023560 417.484131 237.168716 35.355339 
300.000000 7 3.000000 79.000000 219.000000 a 261.818634 161.755981 99.764725 355.394135 123.490891 240.902466 205.221832 432.926086 235.423019 159.050308 66.887962 287.923615 58.077534 75.425461 289.822357 181.664520 220.445007 198.406143 353.782410 254.007874 203.049255 426.160767 177.611938 301.439880 70.213959 48.010414 231.728287 304.573486 241.629883 156.160172 
300.000000 6 4.000000 349.000000 442.000000 a 458.373199 223.892838 382.687866 65.436989 249.577637 217.331543 528.000977 411.730499 186.903717 252.685577 347.247742 323.000000 313.869385 406.509521 395.641266 304.198944 284.015839 317.420868 21.095022 269.786957 226.384628 203.725311 204.619156 430.795776 286.379120 350.228485 166.760300 167.529099 379.317810 475.820343 
300.000000 2 3.000000 138.000000 120.000000 a 146.823029 250.001999 16.278820 370.060791 214.457458 334.053894 145.691452 346.930817 221.923416 137.931137 182.131821 211.002365 166.688339 171.478867 189.232666 292.205414 327.246094 310.304688 394.461670 357.572357 297.329773 402.498444 260.491852 193.597519 120.266373 163.134918 230.521149 286.790863 140.801285 96.020828 
300.000000 8 3.000000 343.000000 34.000000 a 123.490891 394.121796 237.693085 360.080536 371.431030 470.022339 310.362701 136.066162 227.264160 209.251053 384.662201 85.211502 356.609039 390.089722 33.105892 468.530670 491.232117 488.859894 426.029327 511.238678 441.191559 309.095459 394.255005 47.423622 285.035095 368.021729 251.366272 245.507645 81.841309 284.585663 
300.000000 11 4.000000 59.000000 153.000000 a 224.341263 230.592712 70.519501 407.682465 192.317444 309.725677 136.499084 431.236603 273.386169 189.433365 123.911255 291.986298 126.115028 92.200867 274.847229 245.246811 286.062927 260.301758 414.837311 320.755371 271.884155 462.649963 246.077225 278.212158 123.036583 105.304321 275.118164 342.252838 226.373581 89.005615 
300.000000 7 1.000000 479.000000 29.000000 a 256.532654 482.954437 367.441162 372.780090 468.027771 548.665649 446.112091 22.022715 284.822754 304.428986 500.233948 158.113876 468.095062 514.615417 167.083817 567.381714 582.662842 587.881775 453.477661 596.271729 525.898254 273.592773 478.357605 179.627396 394.220764 485.412201 308.768524 267.777893 213.178329 420.459259 
Type de surveillance de chaque endroit(target):tab[nombre de target]
a a a a a a a a a a a a a a a a a a a a a a a a a a a a a a 
Matrix of neighbour
1 1 0 1 0 0 0 0 0 0 0 0 0 0 0 0 0 0 0 0 0 0 0 0 1 0 1 0 1 0  
0 1 0 0 0 0 0 0 0 0 0 0 0 0 0 0 0 0 0 0 0 0 0 0 0 0 0 0 0 0  
0 1 1 0 0 0 0 1 0 0 0 0 0 0 0 0 0 0 0 0 0 0 0 0 0 0 0 0 0 0  
0 1 1 1 0 0 1 1 0 1 0 0 0 0 0 0 0 1 0 1 0 0 0 0 1 1 0 0 1 0  
0 0 1 1 1 0 1 0 0 0 0 0 0 0 1 0 1 1 0 0 0 0 1 0 1 1 1 0 1 0  
1 0 1 1 1 1 1 0 0 0 0 0 0 0 1 0 1 1 0 0 0 0 1 0 1 0 1 0 1 0  
0 1 1 0 0 0 1 1 0 1 0 0 0 0 0 0 0 1 0 1 0 0 0 0 1 0 0 0 0 0  
0 1 0 0 0 0 0 1 0 0 0 0 0 0 0 0 0 0 0 0 0 0 0 0 0 0 0 0 0 0  
0 0 1 1 1 1 1 0 1 0 0 0 0 0 1 1 1 1 0 1 0 0 1 0 0 1 1 0 0 0  
0 1 1 0 0 0 0 1 0 1 0 0 0 0 0 0 0 1 0 1 0 0 0 0 0 0 0 0 0 0  
1 0 0 0 0 1 0 0 0 0 1 0 0 0 0 0 0 0 0 0 0 0 0 1 1 0 1 0 1 0  
0 0 0 1 1 1 1 0 1 0 0 1 1 1 1 1 1 1 1 0 0 1 1 0 0 0 0 1 0 0  
0 0 1 1 1 1 1 0 1 1 0 0 1 0 1 1 1 1 0 1 1 0 1 0 0 1 0 0 0 0  
0 0 1 1 1 1 1 0 1 0 0 0 1 1 1 0 1 1 1 0 1 0 1 0 0 1 0 0 0 0  
0 1 1 1 0 0 1 0 0 1 0 0 0 0 1 0 0 1 0 1 0 0 0 0 1 1 1 0 0 0  
1 0 1 1 1 1 1 0 0 0 1 0 0 0 1 1 1 1 0 0 0 0 1 1 1 0 1 0 1 0  
0 1 1 1 0 0 1 0 0 1 0 0 0 0 1 0 1 1 0 1 0 0 0 0 1 1 1 0 0 0  
0 1 1 0 0 0 0 1 0 0 0 0 0 0 0 0 0 1 0 1 0 0 0 0 1 0 0 0 0 0  
0 0 1 1 1 1 1 0 1 0 0 0 1 0 1 1 1 1 1 0 0 0 1 0 0 0 1 0 0 0  
0 1 1 0 0 0 0 1 0 0 0 0 0 0 0 0 0 0 0 1 0 0 0 0 0 0 0 0 0 0  
0 0 1 0 0 0 1 0 0 1 0 0 0 0 1 0 1 1 0 1 1 0 1 0 0 1 0 0 0 0  
0 0 0 1 1 1 1 0 1 0 0 0 1 1 1 1 1 1 1 0 0 1 1 1 0 0 1 1 0 0  
0 0 1 1 0 0 1 0 0 1 0 0 0 0 1 0 1 1 0 1 0 0 1 0 1 1 1 0 0 0  
1 0 0 0 0 1 0 0 0 0 0 0 0 0 0 0 0 0 0 0 0 0 0 1 1 0 1 0 1 0  
0 1 1 0 0 0 0 1 0 0 0 0 0 0 0 0 0 0 0 0 0 0 0 0 1 0 0 0 0 0  
0 1 1 0 0 0 1 1 0 1 0 0 0 0 0 0 0 1 0 1 0 0 0 0 0 1 0 0 0 0  
0 1 1 1 0 0 1 0 0 0 0 0 0 0 0 0 0 1 0 0 0 0 0 0 1 0 1 0 1 0  
0 0 0 1 1 1 1 0 1 0 0 0 1 1 1 1 1 1 1 0 0 0 1 0 0 0 1 1 0 0  
0 1 1 0 0 0 0 1 0 0 0 0 0 0 0 0 0 1 0 0 0 0 0 0 1 0 0 0 1 0  
0 0 0 1 1 1 0 0 1 0 0 1 1 1 1 1 1 0 1 0 0 1 1 0 0 0 0 1 0 1  
Connect directly to BS 
0 1 1 1 0 0 1 1 0 1 0 0 0 0 1 0 1 1 0 1 0 0 0 0 1 1 1 0 1 0 
Cordinaates of sensors 
1 22.000000 108.000000
2 99.000000 397.000000
3 242.000000 325.000000
4 295.000000 215.000000
5 352.000000 158.000000
6 278.000000 94.000000
7 326.000000 303.000000
8 76.000000 414.000000
9 406.000000 183.000000
10 329.000000 480.000000
11 19.000000 42.000000
12 458.000000 83.000000
13 447.000000 220.000000
14 481.000000 212.000000
15 355.000000 256.000000
16 224.000000 47.000000
17 351.000000 244.000000
18 299.000000 294.000000
19 361.000000 106.000000
20 307.000000 460.000000
21 437.000000 488.000000
22 327.000000 6.000000
23 374.000000 256.000000
24 35.000000 39.000000
25 79.000000 219.000000
26 349.000000 442.000000
27 138.000000 120.000000
28 343.000000 34.000000
29 59.000000 153.000000
30 479.000000 29.000000
