Nombre des capteurs:
30
Nombre des targets:
15
Nombre de type de surveillance:
1

Caracteristiques:
300.000000 10 4.000000 40.000000 188.000000 a 106.150833 24.738634 370.125641 428.476379 398.005035 433.890533 335.466827 175.727066 377.327454 178.370407 117.596771 445.731995 296.966339 487.045166 415.895416 
300.000000 11 1.000000 48.000000 174.000000 a 112.071404 40.496914 364.314423 422.284271 390.328064 427.814209 340.708099 191.133469 367.766235 186.943848 103.445641 445.727509 285.308594 486.239655 419.448456 
300.000000 11 4.000000 436.000000 38.000000 a 396.181763 438.041107 200.112473 198.282623 152.013153 203.039398 431.474213 538.802368 102.391403 431.337463 309.885468 364.034332 127.941391 365.421661 433.221649 
300.000000 9 2.000000 29.000000 499.000000 a 247.341873 287.043549 460.492126 511.071411 512.603149 513.307922 246.454865 141.230301 527.774597 186.681549 391.480530 413.537170 497.229309 459.570465 325.000000 
300.000000 1 2.000000 246.000000 111.000000 a 204.892654 234.829727 203.828354 252.049591 207.617432 258.367950 324.679840 347.224701 170.155807 258.489838 108.664619 344.827484 78.089691 371.381195 367.613922 
300.000000 5 1.000000 465.000000 336.000000 a 359.873596 448.483002 115.602768 102.004898 148.475586 98.183502 221.370728 461.624298 204.462708 335.053741 390.253754 74.242844 277.142548 66.287254 169.994110 
300.000000 2 3.000000 402.000000 387.000000 a 314.230804 407.491119 151.082764 165.846313 200.262329 164.201096 143.279449 398.914764 249.288986 275.697296 373.352386 32.649654 299.603058 77.278717 90.972527 
300.000000 5 5.000000 61.000000 470.000000 a 210.278381 259.408936 417.698456 468.744080 469.605164 471.088104 208.952148 123.891083 484.595703 145.413208 355.440582 376.196747 455.003296 422.670074 291.084167 
300.000000 6 1.000000 449.000000 334.000000 a 343.792084 432.560974 106.620827 101.434708 144.419525 98.488579 208.146576 445.758911 199.100479 319.100311 375.821777 70.342018 267.529449 73.006851 161.400131 
300.000000 12 2.000000 398.000000 294.000000 a 287.367371 373.121979 58.694122 90.686272 111.427109 92.005432 192.462982 399.489685 156.818359 272.264587 311.192871 112.929184 209.859482 133.600143 175.148514 
300.000000 10 1.000000 268.000000 383.000000 a 195.000000 289.822357 202.311646 247.800323 257.194489 249.467438 52.009613 265.000000 285.203430 143.961807 290.688843 164.103622 290.258514 210.770020 116.000000 
300.000000 10 2.000000 120.000000 396.000000 a 130.245926 203.105881 328.586365 382.047119 378.893127 384.922058 152.085495 121.457809 391.152130 54.918121 273.592773 311.057861 360.573151 358.034912 241.480850 
300.000000 4 5.000000 344.000000 7.000000 a 347.713959 371.651733 237.507889 257.707184 205.730408 263.609558 434.871246 490.111206 148.529465 397.518555 236.414886 404.467560 93.391647 416.163422 456.070160 
300.000000 2 4.000000 490.000000 408.000000 a 403.792023 496.338593 190.979050 175.647369 224.116043 171.058472 224.628586 488.364624 280.492432 366.000000 452.911682 59.304298 352.120728 13.892444 148.556381 
300.000000 8 3.000000 281.000000 186.000000 a 186.978607 248.364655 135.558105 191.125610 157.050949 196.987305 249.393265 327.116180 141.396606 217.110565 156.262604 262.975281 97.508972 291.605896 285.954529 
300.000000 3 5.000000 345.000000 111.000000 a 279.846375 326.989288 139.531357 172.539856 122.024590 178.899414 333.256653 422.234528 74.094536 315.572510 207.347534 303.441925 25.553865 319.043884 352.069611 
300.000000 1 2.000000 52.000000 127.000000 a 151.396835 86.884979 371.356964 427.603790 391.107391 433.453583 375.618164 237.892838 362.167084 228.711609 86.092972 468.258484 272.547241 506.509613 450.439789 
300.000000 4 2.000000 11.000000 9.000000 a 276.134033 204.298798 456.448242 507.592346 463.777954 513.849182 497.003021 351.069794 423.143005 353.624084 170.660477 575.194763 324.445679 609.715515 567.800171 
300.000000 6 2.000000 284.000000 316.000000 a 179.120071 270.769287 146.727646 199.619644 198.977386 202.615402 120.208153 283.436066 220.417786 156.179382 242.002060 170.308548 221.461060 211.804153 161.966049 
300.000000 9 4.000000 223.000000 457.000000 a 220.911743 309.428497 287.570862 329.815094 342.803162 330.854950 49.193497 239.520355 371.809082 147.898621 344.646210 215.148788 372.667419 261.076630 129.139465 
300.000000 4 2.000000 375.000000 197.000000 a 271.900726 341.329742 50.447994 98.234413 63.387695 104.388695 261.358002 405.228333 70.724815 284.692810 248.284119 212.511169 111.825760 228.527893 266.992523 
300.000000 12 2.000000 492.000000 428.000000 a 413.090790 506.379303 209.973801 195.734512 244.049179 191.156998 225.108856 492.714935 300.306519 372.075256 467.269714 66.309875 370.757324 30.413813 144.308701 
300.000000 6 2.000000 214.000000 115.000000 a 182.222397 204.472488 227.793762 278.684418 236.222351 284.917542 324.359375 322.684052 201.318161 242.043381 76.419891 359.802734 110.317726 389.219727 374.363464 
300.000000 2 1.000000 264.000000 411.000000 a 210.069031 304.139771 225.995575 268.575867 281.277435 269.773987 24.186773 264.954712 311.494781 150.721603 314.356476 167.242340 318.512177 214.233521 102.215462 
300.000000 7 3.000000 100.000000 282.000000 a 20.000000 96.208107 310.427124 369.134125 350.297028 373.600067 226.490616 123.693169 345.444641 67.082039 163.477829 352.080963 289.110718 396.289032 310.266022 
300.000000 5 4.000000 95.000000 262.000000 a 17.464249 78.873314 313.081451 372.055115 350.475403 376.765167 243.952866 133.734818 342.252838 87.321243 145.499146 364.000000 280.855835 407.443237 326.266754 
300.000000 11 4.000000 58.000000 315.000000 a 72.917763 105.759163 357.829559 415.962738 400.031250 420.116638 241.000000 70.292244 397.573883 76.896034 208.000000 383.011749 342.511322 428.714355 329.150421 
300.000000 10 3.000000 297.000000 190.000000 a 200.002502 263.918549 119.230865 174.633896 141.000000 180.499313 246.829895 338.746216 128.035156 225.816299 172.539856 250.798721 95.603348 277.996399 278.485199 
300.000000 10 2.000000 498.000000 380.000000 a 402.482300 493.477448 170.343765 149.465714 199.248581 144.544113 237.457367 494.404694 256.164001 369.956757 442.322266 70.519501 331.887024 29.000000 167.943436 
300.000000 5 5.000000 112.000000 158.000000 a 108.000000 94.868332 305.137665 362.066284 327.566772 367.805664 317.417694 229.058945 302.661530 184.878342 43.600460 401.617981 219.364990 439.323334 388.104370 
Type de surveillance de chaque endroit(target):tab[nombre de target]
a a a a a a a a a a a a a a a 