Nombre des capteurs:
30
Nombre des targets:
15
Nombre de type de surveillance:
1

Caracteristiques:
300.000000 11 4.000000 29.000000 336.000000 a 376.538177 254.395355 216.113403 316.835907 47.507893 242.404617 146.741272 171.128601 412.059448 423.023651 281.396515 346.013000 284.200623 249.775894 396.157806 
300.000000 3 1.000000 59.000000 372.000000 a 388.814880 211.142136 253.047424 342.217773 72.006943 197.959595 133.689941 132.834488 415.337219 389.082245 258.062012 359.334106 242.903275 241.346222 385.129852 
300.000000 5 1.000000 103.000000 294.000000 a 299.347626 223.233063 186.453751 256.976654 43.416588 217.623535 68.183578 132.548111 328.933136 360.256866 206.475174 269.786957 243.938522 165.275528 311.809235 
300.000000 8 1.000000 20.000000 361.000000 a 401.807159 251.199127 241.530533 343.402100 72.945183 237.491058 163.232956 173.173325 435.353882 428.869446 293.819672 371.431030 283.351379 268.882874 414.628754 
300.000000 8 4.000000 108.000000 246.000000 a 257.001953 258.495636 145.120636 208.786972 72.249565 255.548431 82.328613 169.198105 294.006805 372.754608 210.344955 226.684799 274.315521 149.482437 293.073364 
300.000000 8 4.000000 483.000000 182.000000 a 261.306335 364.265015 451.279297 369.384613 439.150330 382.685242 333.216156 361.653137 181.320160 221.939178 214.830170 272.354553 333.865234 231.905151 89.000000 
300.000000 11 1.000000 452.000000 127.000000 a 207.646332 391.189209 416.058899 321.976715 428.477539 408.031860 329.461670 374.076202 124.823875 274.045624 230.672928 222.991028 364.927399 222.427521 79.931221 
300.000000 9 5.000000 309.000000 322.000000 a 284.740234 151.924316 339.607117 327.739227 249.970001 167.296143 139.903534 139.086304 256.134735 159.012573 14.000000 270.223969 132.672531 102.215462 163.783386 
300.000000 3 3.000000 6.000000 382.000000 a 427.001160 256.780060 263.711975 368.048920 98.183502 241.596771 184.699753 184.390884 459.882599 441.409119 311.905426 396.648468 290.800629 291.384613 436.513458 
300.000000 3 2.000000 490.000000 378.000000 a 406.322540 254.275436 522.187683 485.126801 437.017151 274.854492 328.636566 300.426361 343.517090 48.764740 194.064423 404.338959 215.473892 273.906921 218.247559 
300.000000 9 3.000000 466.000000 236.000000 a 281.485352 312.621185 445.371765 378.671356 411.013367 331.633820 301.652130 318.025146 208.806137 166.090332 172.722321 286.625183 280.665283 209.009567 90.000000 
300.000000 5 2.000000 220.000000 229.000000 a 192.854874 234.923386 213.862106 204.462708 175.045715 241.250900 85.445892 167.705093 202.002472 284.803436 119.004204 169.070984 234.093994 37.336308 180.235962 
300.000000 6 4.000000 385.000000 70.000000 a 125.399361 414.594971 352.563477 244.844849 398.151978 428.621033 313.427826 378.154724 43.046486 336.756592 249.839951 146.277130 395.092407 208.038452 112.361023 
300.000000 6 1.000000 330.000000 395.000000 a 360.284607 104.350372 402.567993 401.707611 286.225433 124.201447 185.733673 140.003571 327.220123 117.153748 89.498604 346.174805 71.610054 176.776703 222.407288 
300.000000 6 2.000000 73.000000 258.000000 a 288.425049 270.083313 142.874069 228.659134 43.965897 264.401215 106.230881 179.401779 329.334167 400.406036 241.238464 257.614044 290.258514 185.558609 329.874207 
300.000000 6 2.000000 226.000000 53.000000 a 38.897301 409.703552 201.467117 85.000000 297.598724 417.029968 252.073395 342.895020 116.965805 412.243866 268.167847 15.264338 404.776489 183.635513 211.813599 
300.000000 10 2.000000 445.000000 31.000000 a 182.274521 473.060242 418.571381 303.133636 469.665833 488.382019 383.275360 443.614685 109.444046 370.005402 308.585480 208.173004 450.258820 276.682129 159.380051 
300.000000 12 2.000000 491.000000 145.000000 a 250.599289 398.208496 455.686310 364.453003 458.024017 416.203064 355.128143 390.643066 167.720001 259.753723 244.321503 265.631317 368.880737 250.353745 103.817146 
300.000000 3 1.000000 89.000000 84.000000 a 179.234482 410.858856 64.070274 68.883957 217.938065 411.290649 230.106491 326.038330 253.505417 478.176758 313.968140 151.753082 419.239777 225.219894 320.357605 
300.000000 8 3.000000 81.000000 130.000000 a 202.595657 372.538574 46.097721 108.724419 171.292145 371.618073 191.470627 285.616882 268.262939 455.408600 289.254211 172.409393 383.637848 204.430923 317.290100 
300.000000 9 5.000000 278.000000 85.000000 a 46.486557 378.038361 244.517899 143.251526 306.184570 387.858215 239.259277 321.286469 66.219330 358.353180 225.144394 45.793011 368.135834 150.472595 151.211777 
300.000000 5 5.000000 26.000000 16.000000 a 238.314911 499.091187 104.479660 118.456741 286.027985 498.137543 317.984283 412.043701 320.249908 570.496277 406.636200 217.701630 509.522339 317.623993 403.707825 
300.000000 11 4.000000 295.000000 183.000000 a 145.560989 282.605743 266.552063 209.423019 262.514771 294.049316 169.799881 235.681992 124.233650 265.759277 125.781555 134.238586 270.090729 63.600315 99.005051 
300.000000 5 2.000000 394.000000 391.000000 a 373.712463 160.552170 449.004456 432.093750 346.174805 181.135315 241.232254 204.022064 327.158997 53.935146 118.802361 364.588806 122.800652 208.369858 209.000000 
300.000000 3 2.000000 276.000000 207.000000 a 166.508255 256.322052 255.282196 214.114456 235.170151 266.822052 139.603012 205.827591 153.873322 258.605865 106.254410 150.615402 246.292511 33.015148 120.619232 
300.000000 6 4.000000 417.000000 422.000000 a 410.946472 171.723618 486.173828 470.689911 377.270447 192.093735 275.036346 228.720352 361.857697 36.619667 157.035034 402.498444 132.672531 246.868393 241.099564 
300.000000 10 3.000000 253.000000 355.000000 a 314.159210 107.042046 319.865601 333.985016 200.683838 117.085442 99.297531 74.094536 300.482941 199.379044 73.109505 294.333130 104.062485 121.066101 223.181534 
300.000000 9 1.000000 25.000000 454.000000 a 476.668640 225.142181 334.181091 430.215057 157.927200 206.620422 212.934265 175.570496 499.484741 425.315186 319.330536 447.487427 263.001892 319.724884 458.415741 
300.000000 12 3.000000 232.000000 285.000000 a 245.961380 177.912903 256.204987 261.007660 172.652832 185.002701 62.585941 116.811813 243.287903 244.296951 80.361679 224.109344 177.087555 56.797886 191.971359 
300.000000 11 4.000000 223.000000 325.000000 a 286.803070 139.635239 277.477936 296.287018 164.906036 145.220520 58.137768 76.485291 283.213715 236.541748 87.664131 264.484406 143.558350 97.144226 222.912537 
Type de surveillance de chaque endroit(target):tab[nombre de target]
a a a a a a a a a a a a a a a 
Matrix of neighbour
1 1 0 1 0 0 0 0 0 0 0 0 0 0 0 0 0 0 0 0 0 0 0 0 0 0 0 1 0 0  
0 1 0 0 0 0 0 0 0 0 0 0 0 0 0 0 0 0 0 0 0 0 0 0 0 0 0 0 0 0  
1 1 1 1 0 0 0 0 1 0 0 0 0 0 0 0 0 0 0 0 0 0 0 0 0 0 0 1 0 0  
0 1 0 1 0 0 0 0 0 0 0 0 0 0 0 0 0 0 0 0 0 0 0 0 0 0 0 0 0 0  
1 1 1 1 1 0 0 0 1 0 0 0 0 0 1 0 0 0 0 0 0 0 0 0 0 0 0 1 0 1  
0 0 0 0 0 1 0 1 0 1 1 1 1 1 0 1 0 0 0 0 1 0 1 1 1 1 1 0 1 1  
0 0 0 0 0 1 1 1 0 1 1 1 1 1 0 1 0 0 0 0 1 0 1 1 1 1 0 0 1 0  
1 1 1 1 1 0 0 1 0 0 0 1 0 0 1 0 0 0 0 0 0 0 0 0 0 0 1 0 1 1  
1 1 0 1 0 0 0 0 1 0 0 0 0 0 0 0 0 0 0 0 0 0 0 0 0 0 0 1 0 0  
0 0 0 0 0 0 0 1 0 1 0 0 0 1 0 0 0 0 0 0 0 0 1 1 1 1 1 0 1 1  
0 0 0 0 0 0 0 1 0 1 1 1 0 1 0 0 0 0 0 0 1 0 1 1 1 1 1 0 1 1  
1 1 1 1 1 0 0 0 1 0 0 1 0 0 1 0 0 0 0 0 0 0 0 0 0 0 1 1 1 1  
0 0 0 0 0 0 0 1 0 0 1 1 1 0 0 1 0 0 1 0 1 0 1 0 1 0 0 0 1 0  
0 1 1 0 1 0 0 1 0 0 0 1 0 1 1 0 0 0 0 0 0 0 0 0 0 0 1 0 1 1  
1 1 1 1 0 0 0 0 1 0 0 0 0 0 1 0 0 0 0 0 0 0 0 0 0 0 0 1 0 1  
0 0 1 0 1 0 0 1 0 0 0 1 0 0 1 1 0 0 1 1 1 0 1 0 1 0 0 0 1 1  
0 0 0 0 0 1 1 0 0 0 1 1 1 0 0 1 1 1 0 0 1 0 1 0 1 0 0 0 0 0  
0 0 0 0 0 1 1 1 0 1 1 1 1 1 0 1 0 1 0 0 1 0 1 1 1 1 0 0 1 0  
1 1 1 1 1 0 0 0 0 0 0 1 0 0 1 0 0 0 1 1 0 0 1 0 1 0 0 0 1 1  
1 1 1 1 1 0 0 1 1 0 0 1 0 0 1 0 0 0 0 1 0 0 0 0 1 0 1 0 1 1  
0 0 1 0 1 0 0 1 0 0 0 1 0 0 1 0 0 0 1 1 1 0 1 0 1 0 1 0 1 1  
0 0 1 0 1 0 0 0 0 0 0 1 0 0 1 1 0 0 1 1 1 1 0 0 0 0 0 0 0 0  
0 0 1 0 1 0 0 1 0 0 0 1 0 1 1 0 0 0 0 1 0 0 1 0 1 0 1 0 1 1  
0 0 0 0 0 0 0 1 0 0 0 1 0 1 0 0 0 0 0 0 0 0 1 1 1 0 1 0 1 1  
1 1 1 1 1 0 0 1 0 0 0 1 0 1 1 0 0 0 0 0 0 0 0 0 1 0 1 0 1 1  
0 0 0 0 0 0 0 1 0 0 0 1 0 1 0 0 0 0 0 0 0 0 1 1 1 1 1 0 1 1  
1 1 1 1 1 0 0 0 1 0 0 0 0 0 1 0 0 0 0 0 0 0 0 0 0 0 1 1 0 1  
0 1 0 1 0 0 0 0 0 0 0 0 0 0 0 0 0 0 0 0 0 0 0 0 0 0 0 1 0 0  
1 1 1 1 1 0 0 0 1 0 0 0 0 0 1 0 0 0 0 0 0 0 0 0 0 0 1 1 1 1  
1 1 1 1 0 0 0 0 1 0 0 0 0 0 0 0 0 0 0 0 0 0 0 0 0 0 0 1 0 1  
Connect directly to BS 
1 1 1 1 1 0 0 1 1 0 0 1 0 1 1 0 0 0 0 1 0 0 1 1 1 0 1 1 1 1 
Cordinaates of sensors 
1 29.000000 336.000000
2 59.000000 372.000000
3 103.000000 294.000000
4 20.000000 361.000000
5 108.000000 246.000000
6 483.000000 182.000000
7 452.000000 127.000000
8 309.000000 322.000000
9 6.000000 382.000000
10 490.000000 378.000000
11 466.000000 236.000000
12 220.000000 229.000000
13 385.000000 70.000000
14 330.000000 395.000000
15 73.000000 258.000000
16 226.000000 53.000000
17 445.000000 31.000000
18 491.000000 145.000000
19 89.000000 84.000000
20 81.000000 130.000000
21 278.000000 85.000000
22 26.000000 16.000000
23 295.000000 183.000000
24 394.000000 391.000000
25 276.000000 207.000000
26 417.000000 422.000000
27 253.000000 355.000000
28 25.000000 454.000000
29 232.000000 285.000000
30 223.000000 325.000000
