Nombre des capteurs:
30
Nombre des targets:
15
Nombre de type de surveillance:
1

Caracteristiques:
300.000000 3 4.000000 45.000000 427.000000 a 261.015320 180.693115 330.455750 286.541443 388.988434 193.868515 389.390564 84.852814 144.734238 79.981247 407.171967 329.461670 26.000000 464.491119 202.684479 
300.000000 5 3.000000 76.000000 1.000000 a 504.025787 251.390137 464.940857 178.899414 382.001312 513.034119 316.471161 367.147095 413.188812 480.815979 23.706539 404.882690 451.863922 261.963745 373.751251 
300.000000 8 4.000000 24.000000 44.000000 a 493.758026 218.220078 469.200378 175.567657 403.011169 491.350189 342.620789 333.001495 390.632813 444.262299 66.730804 413.716095 407.148621 307.470337 361.702911 
300.000000 12 3.000000 198.000000 108.000000 a 358.347595 180.000000 306.197662 69.656296 220.494904 384.173126 157.496033 275.190857 291.207825 384.662201 140.417236 244.264206 379.760437 141.060272 236.044495 
300.000000 7 3.000000 245.000000 273.000000 a 186.893021 156.416107 152.633545 143.533966 142.337631 218.661835 137.902145 168.629776 138.708328 251.286682 296.588928 107.447662 275.288940 228.779373 70.830788 
300.000000 12 1.000000 243.000000 402.000000 a 78.409180 214.263855 132.196823 255.970703 219.738480 90.255196 248.169296 142.369232 56.080299 159.881210 410.774872 147.105408 213.693710 352.171844 61.611687 
300.000000 12 1.000000 342.000000 439.000000 a 38.600517 313.804077 81.596565 334.773071 211.624664 125.299644 265.001892 247.695374 160.078110 241.677475 488.788300 139.176147 307.234436 378.160034 148.922806 
300.000000 2 4.000000 82.000000 93.000000 a 420.925171 159.201126 393.357330 99.724625 329.309875 423.933960 271.370605 274.963623 323.513519 388.623199 71.175842 337.843170 361.072021 251.047806 289.153931 
300.000000 8 5.000000 24.000000 88.000000 a 458.263031 176.782349 440.568939 149.586090 384.575104 451.691254 328.458527 290.520233 351.126770 401.059845 91.241440 388.032227 363.166626 308.184998 326.406189 
300.000000 7 4.000000 144.000000 313.000000 a 211.400101 81.467789 230.273743 151.330765 250.784775 196.824799 241.101639 66.610809 96.150925 172.696259 296.529938 205.411789 175.855057 313.804077 89.810913 
300.000000 1 4.000000 8.000000 221.000000 a 375.033325 87.664131 387.559021 157.470627 373.134033 348.281494 336.300476 175.285477 252.438110 277.156982 214.107452 350.031433 231.579361 360.456665 251.956345 
300.000000 11 2.000000 258.000000 34.000000 a 418.646637 275.223541 346.273010 164.924225 232.245560 457.983612 162.754410 366.466919 371.841370 472.784302 171.420532 281.135193 472.882660 77.833153 309.362244 
300.000000 2 3.000000 364.000000 211.000000 a 246.174728 277.050537 151.082764 215.640900 26.248810 311.281219 43.566040 302.352448 258.211151 374.833282 335.335663 90.255196 407.235809 153.587112 188.111664 
300.000000 12 4.000000 185.000000 353.000000 a 154.301651 138.657852 184.219971 193.499359 230.867935 144.544113 237.438416 81.215759 46.043457 151.476074 345.202850 172.351379 179.175888 326.465912 45.354160 
300.000000 12 4.000000 386.000000 379.000000 a 107.712578 322.094696 24.041630 317.668060 148.084442 193.669815 209.880920 281.256104 200.002502 299.879974 465.671570 87.235313 358.308533 322.721252 161.300964 
300.000000 6 2.000000 346.000000 49.000000 a 403.090546 326.718536 313.843903 222.784653 185.334839 457.480042 125.099960 399.005005 384.422943 495.164612 260.403534 251.017929 508.256836 19.209373 315.496429 
300.000000 4 2.000000 64.000000 54.000000 a 463.569855 199.699768 433.461639 140.584488 363.067474 466.760101 301.875793 315.673889 366.270386 428.869446 39.408119 376.485046 398.057770 267.091736 331.917145 
300.000000 6 3.000000 338.000000 23.000000 a 428.273285 337.557404 340.414459 230.601395 212.398209 480.753571 151.029800 415.481659 405.187622 514.315063 251.001999 277.218323 524.397766 38.639359 337.108276 
300.000000 10 4.000000 367.000000 70.000000 a 385.024689 331.440796 292.006836 232.019394 161.607544 443.353119 107.200745 396.046722 375.021332 487.944672 284.084503 230.703278 505.356323 37.107952 305.004913 
300.000000 2 3.000000 92.000000 114.000000 a 397.825348 138.014496 371.796997 78.409180 311.785187 400.780487 256.126923 253.333771 300.416382 367.196136 92.135773 317.245972 341.786469 244.806046 265.994354 
300.000000 3 5.000000 131.000000 328.000000 a 212.508820 86.353920 240.416306 167.585800 268.158539 189.678680 260.415039 46.872166 90.426765 155.364090 309.147217 219.790817 156.028839 333.600067 98.994949 
300.000000 8 5.000000 142.000000 214.000000 a 286.818756 64.404968 270.985229 53.366657 239.603836 290.043091 202.980301 157.410294 190.394333 269.690552 199.722305 224.153961 260.034607 243.166611 154.767563 
300.000000 6 5.000000 213.000000 3.000000 a 456.369354 277.722870 391.429443 169.593628 283.210175 488.230469 213.600098 379.684082 396.852631 490.270325 127.424484 326.657318 482.066376 131.483841 339.377380 
300.000000 3 3.000000 158.000000 79.000000 a 399.061401 185.884369 353.001404 83.096329 269.875885 417.904297 206.189240 292.836121 321.311371 405.610657 91.049438 292.099304 391.807343 173.933899 272.415131 
300.000000 8 2.000000 344.000000 369.000000 a 89.899948 279.651581 25.961510 280.978638 142.874069 168.344879 195.023071 239.008362 159.840546 264.847137 431.807831 69.180923 319.695160 308.274231 118.127052 
300.000000 5 4.000000 88.000000 122.000000 a 393.284882 130.015381 369.541595 77.175125 312.617981 394.665680 258.288605 245.589081 294.159821 359.356384 100.004997 315.919281 333.241669 250.539413 261.306335 
300.000000 8 5.000000 365.000000 309.000000 a 153.235107 280.845154 53.150730 257.157532 79.624115 227.800354 137.116745 266.390686 199.459274 312.578003 399.566010 18.357559 359.254791 250.319794 139.946411 
300.000000 8 3.000000 154.000000 5.000000 a 469.921265 255.156815 416.742126 157.000000 320.320160 491.601471 252.051575 365.301239 395.379578 478.618835 69.123077 353.624084 461.602631 185.647522 345.244843 
300.000000 9 2.000000 90.000000 229.000000 a 308.327759 23.000000 309.079285 92.655273 291.006866 296.121582 256.955261 138.812820 195.726852 252.388596 207.021744 268.555389 228.711609 293.777130 179.136826 
300.000000 10 5.000000 140.000000 197.000000 a 302.049652 74.330345 282.251648 37.696156 243.386520 306.887604 202.311646 173.565552 207.395752 286.272583 182.849670 233.002151 274.847229 234.471741 170.135239 
Type de surveillance de chaque endroit(target):tab[nombre de target]
a a a a a a a a a a a a a a a 