Nombre des capteurs:
30
Nombre des targets:
15
Nombre de type de surveillance:
1

Caracteristiques:
300.000000 4 3.000000 32.000000 85.000000 a 419.686798 332.487579 414.348877 365.547546 490.515045 259.007721 438.456390 265.753632 223.787842 490.082642 409.147888 160.975159 359.272888 295.584167 111.946419 
300.000000 8 3.000000 155.000000 51.000000 a 368.401947 209.611542 460.369415 333.376678 436.286591 318.549835 446.816528 142.688477 142.800568 466.752625 286.923340 34.669872 240.831894 170.073517 164.830215 
300.000000 10 2.000000 417.000000 221.000000 a 166.373077 162.864975 461.202789 207.932678 196.351730 406.076355 362.492767 196.814636 184.694336 296.233002 148.946304 300.016663 124.739731 197.709381 350.287018 
300.000000 1 3.000000 248.000000 433.000000 a 112.893753 383.942719 209.659241 70.604530 146.986389 235.467621 91.934761 371.247894 268.091400 81.467789 407.590485 406.075104 363.324921 394.585846 301.602386 
300.000000 7 2.000000 235.000000 97.000000 a 291.924652 132.442444 442.944702 269.903687 356.429504 320.989105 403.495972 69.771057 68.264191 402.613953 207.279999 82.619614 156.012817 103.445641 191.637680 
300.000000 3 1.000000 335.000000 226.000000 a 143.125824 161.623016 395.379578 154.741714 198.949738 327.030579 311.207336 165.423691 112.058022 270.024078 185.310547 245.839386 138.798416 180.277557 269.284241 
300.000000 4 2.000000 206.000000 289.000000 a 156.923553 272.484863 262.200317 97.452553 226.876617 184.393600 209.380035 241.778824 128.844864 226.364746 318.512177 257.939911 265.188599 270.573456 169.257202 
300.000000 8 4.000000 233.000000 276.000000 a 142.523682 246.661713 289.110718 95.273293 213.356506 214.086426 226.808289 220.492630 111.287918 228.659134 289.944824 248.871460 237.261459 247.717575 185.607117 
300.000000 8 2.000000 440.000000 423.000000 a 112.769676 364.021973 398.317719 182.463699 46.529560 417.541626 268.402679 385.503571 325.829712 155.193420 349.001434 467.351044 327.684296 394.149719 438.415314 
300.000000 10 4.000000 321.000000 134.000000 a 235.849533 79.611557 455.202148 237.227737 291.295380 358.860687 388.702972 73.054771 85.796272 360.501038 134.164078 170.801056 78.262383 88.090858 259.341461 
300.000000 8 3.000000 498.000000 333.000000 a 161.074524 297.845612 478.703461 233.205917 133.060135 468.129242 356.022461 335.000000 307.039093 253.647400 265.198029 434.967804 257.303314 335.108948 452.839935 
300.000000 5 1.000000 351.000000 243.000000 a 126.396202 176.479462 395.904022 148.121567 178.263855 336.514496 305.085236 186.010757 134.848068 255.738144 191.470627 269.091064 149.452332 198.708328 287.737732 
300.000000 10 5.000000 104.000000 128.000000 a 338.008881 267.059906 375.054657 287.642151 408.710175 228.324326 377.153809 203.022171 141.908417 416.124969 341.298981 124.963997 288.461426 235.722290 72.560318 
300.000000 6 2.000000 370.000000 487.000000 a 121.511314 420.042847 321.224213 159.665268 74.946648 368.848206 188.265762 428.267426 346.878937 68.359344 419.058472 491.549591 388.567871 443.289978 422.871124 
300.000000 8 4.000000 66.000000 259.000000 a 296.184052 354.496826 240.601334 227.237762 363.638550 92.309265 264.764038 301.657104 198.647934 333.048035 418.150696 255.837845 362.249908 335.335663 68.029404 
300.000000 3 3.000000 226.000000 422.000000 a 126.625435 380.879242 193.023315 70.213959 168.107101 210.950226 86.954010 363.991760 257.437378 104.690018 409.058685 392.255005 362.703735 388.814880 279.866028 
300.000000 7 5.000000 492.000000 366.000000 a 151.029800 325.246063 462.534332 225.002228 110.018181 462.523499 336.542725 358.644684 321.561829 229.093872 296.420319 454.334686 285.464539 360.955688 458.694885 
300.000000 5 1.000000 337.000000 320.000000 a 49.162994 254.436630 339.094391 83.216583 111.646767 307.936676 235.274307 258.118195 182.321152 177.485214 267.080505 326.118073 227.501648 274.262634 298.332031 
300.000000 10 5.000000 144.000000 381.000000 a 197.365143 383.400574 151.489273 124.036285 252.438110 119.854080 122.065559 351.091156 236.780487 194.249832 427.151031 351.284790 374.877319 380.770264 204.636261 
300.000000 8 4.000000 160.000000 273.000000 a 204.882889 289.917236 251.787613 141.113434 274.235291 148.124954 225.077759 249.064255 135.000000 262.688019 344.328339 242.192078 289.200623 280.631439 123.239601 
300.000000 7 2.000000 449.000000 134.000000 a 258.629089 108.231232 541.502563 294.083313 287.313416 468.680054 450.619568 166.928131 210.297409 388.856018 60.530983 283.952454 67.742157 152.052628 385.240173 
300.000000 5 3.000000 126.000000 79.000000 a 361.005554 238.302322 427.000000 318.868317 430.572876 281.852783 421.734528 171.572144 143.600143 450.778229 315.039673 74.652527 265.753632 201.717621 126.126923 
300.000000 8 3.000000 256.000000 147.000000 a 237.716217 134.402374 408.354004 218.277344 302.332611 299.808258 357.737335 91.678787 23.430750 350.035706 198.881882 135.679764 143.279449 122.319252 193.080292 
300.000000 11 1.000000 440.000000 375.000000 a 99.181648 317.238068 410.191406 173.288773 61.619801 411.170288 285.390961 341.392731 289.311249 182.222397 301.001648 428.001160 280.315887 348.519714 415.018066 
300.000000 4 3.000000 66.000000 9.000000 a 453.017670 303.591827 490.294800 408.823914 522.716919 336.928772 501.597443 237.690979 234.437622 539.370911 380.591644 120.220627 337.231384 261.629517 182.010986 
300.000000 8 4.000000 451.000000 162.000000 a 234.412033 128.817703 524.569336 273.979919 260.317108 458.655640 429.634735 182.002747 210.021423 363.902466 88.566360 296.966339 87.000000 171.265869 384.096344 
300.000000 2 5.000000 252.000000 339.000000 a 93.920181 294.156433 258.474365 30.016663 161.533279 222.056305 172.812042 277.670654 174.347351 162.864975 325.493469 314.440765 277.346344 301.956940 236.135559 
300.000000 4 1.000000 174.000000 164.000000 a 264.412567 213.328384 357.561188 221.472351 334.520538 230.512466 333.096069 157.892365 67.007462 353.954803 281.760529 132.378250 226.525940 191.637680 109.384644 
300.000000 9 4.000000 127.000000 350.000000 a 214.841797 369.131409 168.181442 140.801285 275.036346 97.185387 156.952225 331.850861 217.303940 226.629654 418.057404 323.068115 364.276001 362.794708 169.593628 
300.000000 1 4.000000 153.000000 222.000000 a 238.648270 261.812897 295.880035 182.879745 309.381653 173.242599 276.524872 213.037552 104.847511 310.137054 323.802399 192.512344 267.904846 246.089417 90.476517 
Type de surveillance de chaque endroit(target):tab[nombre de target]
a a a a a a a a a a a a a a a 