Nombre des capteurs:
30
Nombre des targets:
15
Nombre de type de surveillance:
1

Caracteristiques:
300.000000 7 5.000000 50.000000 165.000000 a 70.213959 246.272202 286.567627 295.994934 190.821899 320.145294 248.726761 360.934906 318.308014 150.572235 256.439087 219.647446 267.860046 255.219513 181.837845 
300.000000 8 5.000000 104.000000 444.000000 a 310.130615 218.524597 408.259735 336.585785 200.997513 411.766937 79.309517 112.805145 467.333923 335.304352 72.732384 294.268585 36.878178 296.233002 358.005585 
300.000000 6 4.000000 112.000000 434.000000 a 300.001678 205.827591 395.504730 323.867249 188.308258 398.963654 83.677956 110.276924 454.648224 323.562988 78.089691 281.513763 24.413111 283.439575 345.953766 
300.000000 2 4.000000 483.000000 217.000000 a 379.195190 234.326691 190.205154 140.356689 280.446075 145.416641 492.666229 388.207428 222.703842 304.527496 492.260101 216.748703 405.475037 184.043472 283.622986 
300.000000 12 4.000000 129.000000 51.000000 a 84.528099 274.781738 207.870148 264.824463 234.695541 251.097595 375.030670 445.875549 215.148788 95.524864 381.753845 202.356125 369.012207 240.416306 108.046288 
300.000000 7 5.000000 21.000000 468.000000 a 346.439026 297.617218 477.469360 414.493652 270.896667 485.807587 55.901699 187.296555 533.810852 387.734436 49.040798 364.522980 120.933868 371.877655 414.059174 
300.000000 8 1.000000 282.000000 374.000000 a 293.531952 84.646324 274.233490 177.792007 126.015869 260.599304 254.011810 138.133987 336.756592 267.867493 251.431900 175.641678 156.894867 153.941544 274.634308 
300.000000 12 4.000000 102.000000 332.000000 a 198.305313 163.954269 322.440704 271.488495 121.803123 335.219330 107.712578 189.707672 376.941650 230.184708 111.400177 211.929230 92.973114 226.119431 255.882782 
300.000000 2 5.000000 483.000000 458.000000 a 491.808899 277.200287 385.648804 287.403900 331.995483 349.463867 454.234528 277.848877 437.659698 443.948181 449.525299 337.249176 353.050995 300.041656 438.206573 
300.000000 3 5.000000 6.000000 448.000000 a 331.730316 298.933105 472.558990 414.306641 267.917908 483.160431 43.011627 205.341187 527.512085 377.190918 39.623226 360.724274 129.073624 370.645386 404.499695 
300.000000 7 2.000000 247.000000 58.000000 a 154.051941 234.418427 94.894676 177.248413 217.524704 139.789124 415.549042 433.847900 98.152939 82.328613 420.372467 142.411377 379.827606 171.093536 54.120235 
300.000000 11 3.000000 12.000000 56.000000 a 127.612694 343.069977 321.602234 363.815887 291.671051 363.207916 357.505249 475.795135 332.254425 193.258896 365.723938 292.359375 383.270142 331.049835 215.870331 
300.000000 1 1.000000 1.000000 416.000000 a 303.427094 288.055542 453.414825 400.805450 252.160660 466.511536 30.149628 218.888092 506.732666 352.525177 34.365681 343.285583 131.061050 356.130585 380.711182 
300.000000 10 5.000000 379.000000 183.000000 a 270.475494 160.639343 92.962357 43.266617 192.774475 56.089214 417.137878 351.899139 144.308701 195.112793 418.306122 113.137085 342.312714 88.566360 174.865662 
300.000000 7 1.000000 491.000000 189.000000 a 381.980377 252.009918 182.060425 149.090576 294.920319 137.295303 511.640503 413.832092 207.183487 304.685089 511.624847 224.223099 426.898102 194.648407 281.513763 
300.000000 9 3.000000 348.000000 486.000000 a 423.236328 212.614670 382.423859 279.044800 255.726410 358.558228 325.296783 141.056732 443.018066 396.157806 319.677948 298.211334 225.858368 269.492126 400.344849 
300.000000 4 1.000000 193.000000 365.000000 a 244.460632 99.764725 294.771088 217.862335 94.201912 294.608215 168.961533 125.781555 355.647308 244.002045 167.630539 181.747070 82.134033 178.807159 260.618500 
300.000000 8 5.000000 49.000000 420.000000 a 293.073364 247.644913 422.867584 363.049591 217.221085 432.463867 19.313208 172.812042 478.700317 332.304077 14.035668 310.427124 83.000000 319.532471 358.503845 
300.000000 4 3.000000 451.000000 208.000000 a 346.005768 207.740219 159.552505 108.004631 251.286682 115.277924 467.359619 372.907501 196.657059 271.326385 467.359619 184.219971 383.020874 152.554901 250.689056 
300.000000 6 2.000000 76.000000 270.000000 a 140.943253 186.303513 303.433685 274.331909 132.015152 324.696777 149.913315 256.048828 351.216461 190.065781 156.467255 203.769470 160.112457 228.319946 219.572311 
300.000000 4 3.000000 387.000000 459.000000 a 425.089417 209.200867 359.546936 255.812424 258.862885 331.544861 358.959595 182.649933 418.216461 389.221008 354.045197 286.356415 257.965118 253.747910 389.658813 
300.000000 4 2.000000 291.000000 0.000000 a 222.800354 293.537048 111.072052 213.431488 284.381775 149.375366 488.025604 497.147858 68.249542 155.080627 492.724060 200.442017 449.089081 221.144745 126.479248 
300.000000 6 3.000000 96.000000 7.000000 a 128.132736 329.317474 253.308105 317.819122 287.696014 297.699524 411.170288 495.590546 250.599289 150.332962 418.469818 257.108917 414.566040 294.966095 160.240448 
300.000000 8 2.000000 168.000000 247.000000 a 125.674179 103.315056 216.085632 179.513229 47.169907 232.725159 215.232437 246.109726 269.429016 128.654572 219.009125 110.022728 176.705963 133.555237 150.986755 
300.000000 5 4.000000 88.000000 456.000000 a 322.969025 238.379944 427.162720 356.407074 219.672485 431.258636 71.400284 123.761871 485.906372 351.370178 63.513779 313.193237 56.850681 315.825897 374.774597 
300.000000 7 4.000000 198.000000 367.000000 a 248.020157 97.948967 294.266876 215.928223 95.524864 293.293365 173.219513 123.328827 355.375854 246.032516 171.711975 181.617737 84.646324 177.530273 262.101135 
300.000000 2 1.000000 172.000000 418.000000 a 290.063782 154.262756 351.511017 271.591614 150.372864 350.022858 141.088623 80.056229 412.563934 297.813690 137.032837 238.717407 40.049969 234.388565 315.981018 
300.000000 7 2.000000 128.000000 436.000000 a 302.372284 196.022964 388.623199 314.111450 182.471909 390.466400 99.689522 95.692215 448.447327 321.840027 94.201912 274.754425 16.492422 274.710754 343.126801 
300.000000 8 2.000000 182.000000 77.000000 a 89.498604 229.054581 150.442673 206.932358 196.725693 192.865234 368.370728 413.755981 165.529449 45.607018 374.092224 148.690948 346.625153 185.539749 49.406479 
300.000000 11 4.000000 169.000000 235.000000 a 115.485931 108.226616 207.562042 176.238480 53.758720 225.942474 225.228775 257.815826 259.786438 116.709038 229.242233 104.403069 188.663727 130.751678 139.463257 
Type de surveillance de chaque endroit(target):tab[nombre de target]
a a a a a a a a a a a a a a a 