Nombre des capteurs:
30
Nombre des targets:
30
Nombre de type de surveillance:
1

Caracteristiques:
300.000000 4 3.000000 32.000000 85.000000 a 419.686798 332.487579 414.348877 365.547546 490.515045 259.007721 438.456390 265.753632 223.787842 490.082642 409.147888 160.975159 359.272888 295.584167 111.946419 510.881592 142.695480 463.703583 130.862518 386.626434 340.052948 200.551743 61.846584 497.129761 206.021851 370.482117 218.082550 217.043777 106.826965 47.434166 
300.000000 8 3.000000 155.000000 51.000000 a 368.401947 209.611542 460.369415 333.376678 436.286591 318.549835 446.816528 142.688477 142.800568 466.752625 286.923340 34.669872 240.831894 170.073517 164.830215 437.795624 174.393234 338.378479 214.336182 408.765228 218.798996 225.175491 66.753281 414.773438 133.461609 306.894104 260.892700 128.222458 50.447994 103.812332 
300.000000 10 2.000000 417.000000 221.000000 a 166.373077 162.864975 461.202789 207.932678 196.351730 406.076355 362.492767 196.814636 184.694336 296.233002 148.946304 300.016663 124.739731 197.709381 350.287018 151.647614 324.075623 200.927841 400.044983 372.844482 148.959732 314.006378 364.943817 113.600174 203.302734 116.000000 351.757019 191.846298 362.498291 362.763000 
300.000000 1 3.000000 248.000000 433.000000 a 112.893753 383.942719 209.659241 70.604530 146.986389 235.467621 91.934761 371.247894 268.091400 81.467789 407.590485 406.075104 363.324921 394.585846 301.602386 220.127243 268.302063 467.363892 317.623993 120.830460 375.089325 214.767319 404.555298 247.309525 267.366791 157.000000 219.617844 286.111877 434.534241 366.565125 
300.000000 7 2.000000 235.000000 97.000000 a 291.924652 132.442444 442.944702 269.903687 356.429504 320.989105 403.495972 69.771057 68.264191 402.613953 207.279999 82.619614 156.012817 103.445641 191.637680 350.184235 183.991852 265.345062 247.887070 376.920410 138.177429 216.009262 150.372864 324.624390 71.386276 226.318359 258.311829 50.249378 142.284927 164.684540 
300.000000 3 1.000000 335.000000 226.000000 a 143.125824 161.623016 395.379578 154.741714 198.949738 327.030579 311.207336 165.423691 112.058022 270.024078 185.310547 245.839386 138.798416 180.277557 269.284241 187.109589 242.297333 247.881027 318.190186 310.344971 151.584961 232.398361 296.211060 164.839310 128.362762 75.026665 271.016602 123.555656 301.346985 287.562164 
300.000000 4 2.000000 206.000000 289.000000 a 156.923553 272.484863 262.200317 97.452553 226.876617 184.393600 209.380035 241.778824 128.844864 226.364746 318.512177 257.939911 265.188599 270.573456 169.257202 263.795380 135.624481 383.255798 202.970444 186.214935 267.686371 100.623062 256.267426 265.062256 122.918671 127.565666 132.378250 146.013702 284.604980 222.607285 
300.000000 8 4.000000 233.000000 276.000000 a 142.523682 246.661713 289.110718 95.273293 213.356506 214.086426 226.808289 220.492630 111.287918 228.659134 289.944824 248.871460 237.261459 247.717575 185.607117 242.705582 153.114334 354.515167 224.448212 209.995239 241.101639 126.099167 258.768250 240.441254 109.658562 103.077644 160.654907 129.189789 282.379181 230.521149 
300.000000 8 2.000000 440.000000 423.000000 a 112.769676 364.021973 398.317719 182.463699 46.529560 417.541626 268.402679 385.503571 325.829712 155.193420 349.001434 467.351044 327.684296 394.149719 438.415314 58.821766 405.080231 391.603119 471.373535 312.083313 350.656525 366.050537 504.227142 105.080925 336.893158 162.274460 386.434998 340.846008 517.872559 482.578491 
300.000000 10 4.000000 321.000000 134.000000 a 235.849533 79.611557 455.202148 237.227737 291.295380 358.860687 388.702972 73.054771 85.796272 360.501038 134.164078 170.801056 78.262383 88.090858 259.341461 270.292419 241.627808 198.456543 314.606110 376.969482 75.006668 254.096436 243.213898 239.265549 105.304321 167.430588 297.042084 82.036575 235.053192 250.966141 
300.000000 8 3.000000 498.000000 333.000000 a 161.074524 297.845612 478.703461 233.205917 133.060135 468.129242 356.022461 335.000000 307.039093 253.647400 265.198029 434.967804 257.303314 335.108948 452.839935 52.497620 422.120850 298.041931 495.262543 388.972992 283.534821 395.885071 491.187347 31.016125 322.931885 168.074387 425.361023 318.056610 494.489624 480.801422 
300.000000 5 1.000000 351.000000 243.000000 a 126.396202 176.479462 395.904022 148.121567 178.263855 336.514496 305.085236 186.010757 134.848068 255.738144 191.470627 269.091064 149.452332 198.708328 287.737732 163.783386 259.624725 251.849167 335.171600 309.025879 165.339050 245.601303 319.010986 142.003525 150.585526 60.728905 282.603973 146.754898 324.655212 309.129425 
300.000000 10 5.000000 104.000000 128.000000 a 338.008881 267.059906 375.054657 287.642151 408.710175 228.324326 377.153809 203.022171 141.908417 416.124969 341.298981 124.963997 288.461426 235.722290 72.560318 427.126434 86.700638 399.962494 123.036583 332.019592 272.442657 143.031464 68.658577 413.353363 123.328827 287.001740 173.611633 137.320786 109.658562 36.674240 
300.000000 6 2.000000 370.000000 487.000000 a 121.511314 420.042847 321.224213 159.665268 74.946648 368.848206 188.265762 428.267426 346.878937 68.359344 419.058472 491.549591 388.567871 443.289978 422.871124 148.808609 388.919006 468.436768 445.637756 241.627808 408.004913 340.330719 510.330292 192.421417 352.988678 189.644409 350.656525 364.005493 532.484741 479.610260 
300.000000 8 4.000000 66.000000 259.000000 a 296.184052 354.496826 240.601334 227.237762 363.638550 92.309265 264.764038 301.657104 198.647934 333.048035 418.150696 255.837845 362.249908 335.335663 68.029404 406.605469 52.478565 482.187714 65.855904 209.990479 355.015503 42.720020 199.331375 407.894592 180.247055 270.283173 40.792156 206.929947 245.153015 147.085007 
300.000000 3 3.000000 226.000000 422.000000 a 126.625435 380.879242 193.023315 70.213959 168.107101 210.950226 86.954010 363.991760 257.437378 104.690018 409.058685 392.255005 362.703735 388.814880 279.866028 238.430283 246.886612 470.168060 294.159821 102.883430 372.780090 192.255035 386.121735 262.771759 255.049011 161.523987 195.532608 275.356140 417.742737 346.590546 
300.000000 7 5.000000 492.000000 366.000000 a 151.029800 325.246063 462.534332 225.002228 110.018181 462.523499 336.542725 358.644684 321.561829 229.093872 296.420319 454.334686 285.464539 360.955688 458.694885 34.014702 426.971893 331.001495 498.423523 373.755280 311.077148 396.547607 505.404785 49.648766 336.217194 171.773102 423.335571 333.863739 511.649292 491.687897 
300.000000 5 1.000000 337.000000 320.000000 a 49.162994 254.436630 339.094391 83.216583 111.646767 307.936676 235.274307 258.118195 182.321152 177.485214 267.080505 326.118073 227.501648 274.262634 298.332031 129.807556 266.030060 324.901520 336.786285 249.339127 243.528229 235.161652 358.587494 132.015152 192.002609 19.416489 263.837067 198.338089 373.419342 337.668488 
300.000000 10 5.000000 144.000000 381.000000 a 197.365143 383.400574 151.489273 124.036285 252.438110 119.854080 122.065559 351.091156 236.780487 194.249832 427.151031 351.284790 374.877319 380.770264 204.636261 314.311951 174.613861 491.443787 209.009567 79.246452 378.401917 116.056023 324.692169 330.311981 227.431305 205.234009 107.814659 252.926865 363.081268 278.729248 
300.000000 8 4.000000 160.000000 273.000000 a 204.882889 289.917236 251.787613 141.113434 274.235291 148.124954 225.077759 249.064255 135.000000 262.688019 344.328339 242.192078 289.200623 280.631439 123.239601 312.473999 89.274857 409.307953 154.314621 188.403824 287.367371 53.037724 223.573257 312.860992 122.298813 175.251251 89.844307 149.251465 257.782867 183.961960 
300.000000 7 2.000000 449.000000 134.000000 a 258.629089 108.231232 541.502563 294.083313 287.313416 468.680054 450.619568 166.928131 210.297409 388.856018 60.530983 283.952454 67.742157 152.052628 385.240173 233.173752 364.878052 108.337433 439.528168 455.396545 94.625580 368.419586 367.326843 189.060837 230.375778 203.334702 409.695007 209.403915 352.298157 378.639679 
300.000000 5 3.000000 126.000000 79.000000 a 361.005554 238.302322 427.000000 318.868317 430.572876 281.852783 421.734528 171.572144 143.600143 450.778229 315.039673 74.652527 265.753632 201.717621 126.126923 439.508820 138.974823 369.628204 174.289993 380.021057 246.000000 192.937820 41.146080 420.354614 129.495178 303.534180 226.061935 132.740341 60.827625 64.140472 
300.000000 8 3.000000 256.000000 147.000000 a 237.716217 134.402374 408.354004 218.277344 302.332611 299.808258 357.737335 91.678787 23.430750 350.035706 198.881882 135.679764 143.279449 122.319252 193.080292 298.670380 176.232803 262.131653 248.485413 336.481812 134.461884 193.847885 187.843018 275.670105 40.311287 172.177231 237.124435 16.000000 189.694489 188.281708 
300.000000 11 1.000000 440.000000 375.000000 a 99.181648 317.238068 410.191406 173.288773 61.619801 411.170288 285.390961 341.392731 289.311249 182.222397 301.001648 428.001160 280.315887 348.519714 415.018066 19.697716 382.531036 344.106079 452.248840 321.179077 303.710388 348.862427 470.953278 60.415230 302.034760 130.096115 373.807434 303.288635 481.364716 453.133545 
300.000000 4 3.000000 66.000000 9.000000 a 453.017670 303.591827 490.294800 408.823914 522.716919 336.928772 501.597443 237.690979 234.437622 539.370911 380.591644 120.220627 337.231384 261.629517 182.010986 530.874756 206.770401 427.790833 211.747498 454.528320 313.904449 265.188599 56.859474 510.272491 221.334595 395.667786 290.110321 222.081070 50.990196 103.121284 
300.000000 8 4.000000 451.000000 162.000000 a 234.412033 128.817703 524.569336 273.979919 260.317108 458.655640 429.634735 182.002747 210.021423 363.902466 88.566360 296.966339 87.000000 171.265869 384.096344 205.119476 361.756836 133.764725 437.224213 437.321381 114.586212 360.855927 375.825745 161.009323 230.054337 182.332108 401.120941 211.532501 364.244415 383.275360 
300.000000 2 5.000000 252.000000 339.000000 a 93.920181 294.156433 258.474365 30.016663 161.533279 222.056305 172.812042 277.670654 174.347351 162.864975 325.493469 314.440765 277.346344 301.956940 236.135559 207.894211 202.252319 387.939423 265.708496 171.125687 286.356415 160.153046 322.262329 217.664886 174.771286 89.470665 182.439026 192.374634 347.701019 290.327393 
300.000000 4 1.000000 174.000000 164.000000 a 264.412567 213.328384 357.561188 221.472351 334.520538 230.512466 333.096069 157.892365 67.007462 353.954803 281.760529 132.378250 226.525940 191.637680 109.384644 349.091675 95.189285 344.095917 165.075745 298.263306 215.473892 126.245789 133.544006 334.647583 47.095646 209.880920 168.002975 68.154236 156.169785 115.381973 
300.000000 9 4.000000 127.000000 350.000000 a 214.841797 369.131409 168.181442 140.801285 275.036346 97.185387 156.952225 331.850861 217.303940 226.629654 418.057404 323.068115 364.276001 362.794708 169.593628 331.436279 140.185593 482.888184 174.140747 109.041275 365.329987 81.492332 291.487549 343.144287 205.730408 211.747498 73.552704 232.331665 331.182739 244.499481 
300.000000 1 4.000000 153.000000 222.000000 a 238.648270 261.812897 295.880035 182.879745 309.381653 173.242599 276.524872 213.037552 104.847511 310.137054 323.802399 192.512344 267.904846 246.089417 90.476517 337.712891 60.530983 388.032227 136.180023 238.113419 261.553040 67.208633 173.254150 331.445313 87.458565 196.573135 110.317726 114.865135 206.344376 137.200577 
Type de surveillance de chaque endroit(target):tab[nombre de target]
a a a a a a a a a a a a a a a a a a a a a a a a a a a a a a 
Matrix of neighbour
1 0 0 0 0 0 1 1 0 0 0 0 1 0 1 0 0 0 0 1 0 1 1 0 0 0 0 1 1 1  
1 1 0 0 1 1 1 1 0 1 0 1 1 0 1 0 0 0 0 1 0 1 1 0 0 0 0 1 0 1  
0 0 1 1 1 1 1 1 1 1 0 1 0 1 0 1 0 1 0 1 0 0 1 1 0 0 1 1 0 1  
0 0 0 1 0 0 0 0 0 0 0 0 0 0 1 1 0 0 1 1 0 0 0 0 0 0 0 0 1 0  
1 0 0 0 1 1 1 1 0 0 0 1 1 0 1 0 0 1 1 1 0 1 1 0 0 0 1 1 1 1  
0 0 0 1 0 1 1 1 0 0 0 0 1 1 1 1 0 1 1 1 0 0 0 0 0 0 1 1 1 1  
0 0 0 1 0 0 1 0 0 0 0 0 0 0 1 1 0 0 1 1 0 0 0 0 0 0 0 0 1 0  
0 0 0 1 0 0 1 1 0 0 0 0 0 0 1 1 0 0 1 1 0 0 0 0 0 0 1 0 1 0  
0 0 0 1 0 1 1 1 1 0 0 1 0 1 0 1 0 1 1 0 0 0 0 0 0 0 1 0 0 0  
1 0 0 0 1 1 1 1 0 1 0 1 1 0 1 0 0 1 0 1 0 1 1 1 0 0 1 1 1 1  
0 0 1 1 0 1 1 1 1 1 1 1 0 1 0 1 1 1 0 0 0 0 0 1 0 0 1 0 0 0  
0 0 0 1 0 1 1 1 0 0 0 1 1 1 1 1 0 1 1 1 0 0 0 0 0 0 1 1 1 1  
0 0 0 0 0 0 1 1 0 0 0 0 1 0 1 0 0 0 1 1 0 0 0 0 0 0 1 1 1 1  
0 0 0 1 0 0 1 1 0 0 0 0 0 1 0 1 0 1 1 1 0 0 0 0 0 0 1 0 1 0  
0 0 0 0 0 0 0 0 0 0 0 0 0 0 1 1 0 0 1 1 0 0 0 0 0 0 0 0 1 0  
0 0 0 0 0 0 0 0 0 0 0 0 0 0 0 1 0 0 1 0 0 0 0 0 0 0 0 0 1 0  
0 0 1 1 0 1 1 1 1 1 0 1 0 1 0 1 1 1 0 0 0 0 0 1 0 0 1 0 0 0  
0 0 0 1 0 0 1 1 0 0 0 0 0 0 1 1 0 1 1 1 0 0 0 0 0 0 1 1 1 1  
0 0 0 0 0 0 0 0 0 0 0 0 0 0 0 0 0 0 1 0 0 0 0 0 0 0 0 0 0 0  
0 0 0 0 0 0 0 0 0 0 0 0 0 0 0 1 0 0 1 1 0 0 0 0 0 0 0 0 1 0  
0 0 1 0 1 1 1 1 1 1 1 1 0 0 0 0 1 1 0 0 1 0 1 1 0 1 1 1 0 0  
0 0 0 0 0 1 1 1 0 0 0 1 1 0 1 0 0 0 0 1 0 1 1 0 0 0 1 1 1 1  
0 0 0 1 0 1 1 1 0 0 0 1 1 0 1 1 0 1 1 1 0 0 1 0 0 0 1 1 1 1  
0 0 0 1 0 1 1 1 1 0 0 1 0 1 0 1 0 1 1 1 0 0 1 1 0 0 1 0 0 0  
1 1 0 0 1 0 0 0 0 1 0 0 1 0 1 0 0 0 0 1 0 1 1 0 1 0 0 1 0 1  
0 0 1 0 1 1 1 1 1 1 1 1 0 0 0 0 1 1 0 0 0 0 1 1 0 1 1 1 0 0  
0 0 0 1 0 0 1 0 0 0 0 0 0 0 1 1 0 0 1 1 0 0 0 0 0 0 1 0 1 0  
0 0 0 1 0 0 1 1 0 0 0 0 0 0 1 1 0 0 1 1 0 0 0 0 0 0 1 1 1 1  
0 0 0 0 0 0 0 0 0 0 0 0 0 0 0 0 0 0 1 0 0 0 0 0 0 0 0 0 1 0  
0 0 0 1 0 0 1 1 0 0 0 0 0 0 1 1 0 0 1 1 0 0 0 0 0 0 1 0 1 1  
Connect directly to BS 
0 0 0 1 0 1 1 1 0 0 0 1 1 1 1 1 0 1 1 1 0 0 1 0 0 0 1 1 1 1 
Cordinaates of sensors 
1 32.000000 85.000000
2 155.000000 51.000000
3 417.000000 221.000000
4 248.000000 433.000000
5 235.000000 97.000000
6 335.000000 226.000000
7 206.000000 289.000000
8 233.000000 276.000000
9 440.000000 423.000000
10 321.000000 134.000000
11 498.000000 333.000000
12 351.000000 243.000000
13 104.000000 128.000000
14 370.000000 487.000000
15 66.000000 259.000000
16 226.000000 422.000000
17 492.000000 366.000000
18 337.000000 320.000000
19 144.000000 381.000000
20 160.000000 273.000000
21 449.000000 134.000000
22 126.000000 79.000000
23 256.000000 147.000000
24 440.000000 375.000000
25 66.000000 9.000000
26 451.000000 162.000000
27 252.000000 339.000000
28 174.000000 164.000000
29 127.000000 350.000000
30 153.000000 222.000000
