Nombre des capteurs:
30
Nombre des targets:
15
Nombre de type de surveillance:
1

Caracteristiques:
300.000000 7 3.000000 48.000000 291.000000 a 335.252136 164.124954 227.771820 303.710388 180.360748 365.421661 421.455811 213.693710 255.601257 463.884674 171.026306 246.811676 213.859772 47.381432 66.640831 
300.000000 12 4.000000 56.000000 296.000000 a 327.495026 158.240326 218.680130 294.375610 173.415680 358.097748 413.937195 210.950226 246.813690 459.225433 163.196198 239.309418 215.232437 56.586216 66.287254 
300.000000 3 1.000000 338.000000 471.000000 a 198.176682 267.052429 134.833237 60.166435 239.102493 233.694244 251.246887 341.123138 138.101410 414.739685 218.288803 204.782806 424.117920 387.459686 340.824005 
300.000000 6 1.000000 310.000000 181.000000 a 121.400162 121.313644 181.416641 307.467072 353.001404 121.757957 174.897110 101.651367 332.054199 182.628036 140.463516 91.411156 191.415771 304.632568 337.017792 
300.000000 4 3.000000 373.000000 125.000000 a 153.326447 204.416245 255.485809 373.755280 435.886444 129.691940 161.820892 163.590958 407.603973 99.126183 224.243164 166.003006 236.662201 381.559967 419.990479 
300.000000 10 2.000000 95.000000 446.000000 a 333.418671 233.060074 192.774475 189.488785 18.439089 372.377502 418.603638 314.567963 117.686020 519.762451 200.848206 265.001892 351.639008 205.234009 121.659363 
300.000000 2 2.000000 213.000000 101.000000 a 245.415970 139.291061 261.428772 391.771606 380.479950 247.200317 298.412476 53.009434 394.153534 246.483261 187.096237 188.310913 75.106590 252.071411 316.442719 
300.000000 2 4.000000 390.000000 163.000000 a 115.212845 201.308228 230.243347 342.163696 418.666931 88.526833 121.379570 178.227386 381.533752 112.004463 211.815964 144.499130 260.499512 386.601868 415.914642 
300.000000 3 3.000000 74.000000 129.000000 a 343.048096 170.941513 298.073822 413.037537 335.931549 357.727539 413.962555 140.246216 387.737030 387.918793 215.188293 261.847290 71.554176 140.943253 228.711609 
300.000000 4 1.000000 91.000000 70.000000 a 358.508026 204.129868 336.145813 457.831848 394.081207 366.661957 420.386719 147.299011 439.256195 367.021790 252.800323 285.674652 54.203320 201.853912 290.077576 
300.000000 1 5.000000 423.000000 318.000000 a 56.568542 232.475800 161.771439 221.382019 355.375854 70.035706 76.609398 267.239594 283.143066 246.497467 206.194077 137.295303 360.646637 412.534851 405.345520 
300.000000 4 2.000000 389.000000 48.000000 a 230.078247 266.625214 332.580811 452.329529 507.105499 202.200394 222.497192 206.312866 484.538971 73.736015 294.108826 242.392242 255.738144 428.435516 478.235291 
300.000000 10 1.000000 83.000000 386.000000 a 318.847931 189.623306 185.283569 221.382019 79.624115 355.461670 406.355743 265.452454 161.375336 487.820679 167.630539 240.303970 294.187012 145.825241 72.945183 
300.000000 1 5.000000 109.000000 445.000000 a 320.881592 225.942474 179.980560 176.082367 21.470911 360.027771 405.711731 308.690796 105.588821 509.354492 191.700287 253.970474 349.206238 210.190384 130.138382 
300.000000 5 1.000000 379.000000 496.000000 a 218.036697 310.098358 179.136826 99.408249 281.822632 249.064255 255.970703 380.595581 177.002823 429.330872 262.419525 240.520264 466.135162 435.450348 388.104370 
300.000000 4 3.000000 347.000000 301.000000 a 42.720020 155.467041 98.473343 197.699265 296.770966 82.462112 129.096863 199.584564 242.200333 252.685577 128.658463 60.901562 292.056488 334.902985 331.789093 
300.000000 10 5.000000 111.000000 389.000000 a 293.777130 175.641678 158.268753 195.358643 75.953934 331.058899 380.969818 255.785065 139.703262 468.651245 147.868179 217.745270 293.245636 163.217651 99.538940 
300.000000 11 2.000000 184.000000 82.000000 a 279.315247 159.260788 286.965149 416.222290 391.342560 281.811981 333.064545 77.252831 413.392059 274.116760 208.952148 218.680130 48.383881 243.281723 315.572510 
300.000000 10 3.000000 423.000000 251.000000 a 48.259712 219.276077 189.433365 275.943848 387.743469 12.165525 45.276924 232.228333 329.206635 180.427277 207.328247 130.541183 323.945984 408.044128 416.192261 
300.000000 12 4.000000 171.000000 141.000000 a 252.414337 104.355164 235.968216 362.763000 330.927490 263.180542 318.487061 43.011627 355.354767 294.716827 154.638290 178.966476 55.000000 194.401642 259.237335 
300.000000 5 2.000000 302.000000 377.000000 a 127.914032 168.442871 41.182522 112.178429 220.857422 168.121979 205.419083 240.476608 154.673843 340.800537 121.696342 106.301460 324.493439 311.077148 284.191833 
300.000000 10 3.000000 241.000000 277.000000 a 142.003525 52.325901 83.815269 213.590729 234.804169 172.290451 227.969299 126.372467 221.461060 297.149780 24.596748 53.338543 207.386108 226.883224 234.008545 
300.000000 3 5.000000 173.000000 467.000000 a 282.526093 229.106964 144.045135 108.853111 74.060783 322.750671 362.692719 315.420349 40.311287 485.462677 184.816132 230.341049 371.651733 262.800293 192.800415 
300.000000 2 2.000000 88.000000 63.000000 a 365.034241 211.624664 343.685913 465.446014 401.150848 372.726440 426.203003 153.808319 446.788544 370.163483 260.357452 292.745636 60.464867 207.279999 296.150299 
300.000000 11 3.000000 134.000000 55.000000 a 334.260376 197.800400 329.587616 456.004395 410.494812 338.178955 389.816620 126.035706 445.223541 324.556610 248.020157 268.804749 42.190044 234.446152 317.554718 
300.000000 11 3.000000 239.000000 247.000000 a 147.299011 35.693138 113.265175 243.476898 258.242126 172.011627 229.176788 96.840073 250.744888 279.087799 45.617977 60.008331 180.834183 224.223099 243.343384 
300.000000 12 2.000000 365.000000 176.000000 a 103.576057 173.254150 206.305603 322.406586 392.045929 86.284416 130.418564 154.573608 358.231781 138.032608 184.010864 118.600166 240.353912 359.250610 387.738312 
300.000000 4 2.000000 303.000000 331.000000 a 95.963531 134.469330 45.221676 157.686401 243.526184 135.602356 181.245697 199.022614 192.605820 300.123322 94.366310 60.671246 286.323242 297.355011 284.703369 
300.000000 10 4.000000 484.000000 295.000000 a 102.420700 285.350647 226.645096 280.142822 420.459259 86.284416 42.154476 306.373962 345.722443 222.524155 265.092438 191.509796 398.647705 470.536926 468.359894 
300.000000 12 5.000000 454.000000 95.000000 a 196.290604 289.006927 322.471710 428.882263 512.041016 159.890594 161.607544 249.088333 472.762085 21.377558 304.095367 237.857101 316.006317 467.936951 504.738556 
Type de surveillance de chaque endroit(target):tab[nombre de target]
a a a a a a a a a a a a a a a 