Nombre des capteurs:
30
Nombre des targets:
15
Nombre de type de surveillance:
1

Caracteristiques:
300.000000 11 3.000000 27.000000 346.000000 a 161.111755 177.910095 65.795135 103.942291 424.990601 354.317657 119.603508 333.418671 330.945618 185.172897 496.383911 320.140594 343.431213 447.790131 167.487320 
300.000000 4 1.000000 127.000000 224.000000 a 101.769348 197.362610 154.275726 217.366043 357.459076 197.496841 38.948685 179.387848 208.482620 155.322250 369.265472 166.138504 191.637680 382.047119 108.811768 
300.000000 5 2.000000 330.000000 215.000000 a 298.511292 238.314911 289.849976 334.427856 200.601593 136.473434 226.126068 207.060379 313.912415 182.332108 167.836227 104.019226 92.309265 222.912537 169.499268 
300.000000 11 2.000000 463.000000 324.000000 a 451.908173 283.365479 379.179382 400.000000 52.392746 300.647644 361.083099 377.597656 485.856964 252.786469 151.990128 274.390228 257.287781 62.801273 272.264587 
300.000000 4 1.000000 236.000000 320.000000 a 243.790894 99.744675 158.145508 195.205017 221.923416 231.969818 142.225174 265.188599 336.309387 41.617306 295.083038 189.391129 198.655487 246.018295 45.705578 
300.000000 9 1.000000 57.000000 160.000000 a 34.655445 284.597961 215.102295 276.875427 448.844086 226.753174 110.476242 171.604202 142.579803 248.316330 436.257965 210.736801 238.891190 473.425812 202.632675 
300.000000 6 3.000000 266.000000 238.000000 a 238.951874 186.850204 224.200806 272.347198 230.204254 147.166565 159.260788 193.496765 283.985901 127.953117 235.580139 105.000000 111.570602 254.466110 105.361282 
300.000000 8 5.000000 213.000000 153.000000 a 182.822311 257.777039 253.527115 313.121368 325.465820 86.278618 148.492432 96.690224 185.283569 201.002487 280.862946 56.648037 84.202141 349.126038 160.514801 
300.000000 6 2.000000 481.000000 53.000000 a 467.041748 458.686157 507.578552 555.241394 323.394501 211.442657 425.621887 286.043701 398.369171 403.685516 122.588745 229.401398 202.232544 333.096069 388.820007 
300.000000 4 2.000000 75.000000 115.000000 a 81.633324 317.724731 258.278931 321.024933 457.138916 199.449249 146.758301 132.849533 95.425362 275.481384 422.284271 191.846298 219.513092 481.502869 228.615402 
300.000000 6 5.000000 258.000000 496.000000 a 383.856750 107.800743 210.641876 188.788239 227.793762 405.277679 281.325439 442.507629 506.805695 149.264862 397.826599 363.088135 367.766235 241.505692 195.818787 
300.000000 9 2.000000 96.000000 105.000000 a 101.828285 320.053131 268.151062 331.436279 446.010101 177.552811 153.469864 109.590149 85.842880 274.694366 403.124054 172.290451 199.572037 470.202087 227.758652 
300.000000 12 2.000000 468.000000 424.000000 a 496.332550 275.356140 384.398224 389.185059 51.865211 385.893768 396.429047 456.601563 557.379578 265.397827 250.251877 354.238617 341.631378 38.327538 298.785889 
300.000000 6 5.000000 176.000000 41.000000 a 202.940872 369.391388 343.722260 406.735779 432.644196 109.128365 227.404922 25.495098 94.366310 315.063477 344.158386 128.701202 147.800537 455.229614 271.414825 
300.000000 3 2.000000 461.000000 65.000000 a 444.504211 436.862671 484.499756 532.508240 310.161255 189.789352 402.315796 266.092102 379.676178 381.473450 114.560028 206.516342 179.203796 321.224213 365.935791 
300.000000 12 2.000000 225.000000 484.000000 a 355.337860 80.622574 177.101669 153.687988 250.912338 395.920441 254.489685 427.055023 484.950500 130.648376 409.029327 353.386475 360.661896 266.660828 175.328262 
300.000000 5 1.000000 479.000000 55.000000 a 464.559998 455.873871 504.765289 552.413818 321.222656 209.121979 422.906616 284.015839 396.547607 400.861572 120.813904 226.832535 199.624649 331.054382 385.996124 
300.000000 5 3.000000 126.000000 307.000000 a 153.404694 122.873917 76.661591 137.295303 332.037659 261.275726 52.201534 258.383423 290.056885 98.005104 390.016663 223.329346 244.034836 355.879181 65.192024 
300.000000 7 2.000000 61.000000 243.000000 a 64.404968 212.868500 132.574509 193.837555 411.732910 260.860107 49.335587 228.431610 224.182968 187.408646 437.319092 232.647797 258.955597 436.111237 147.176758 
300.000000 5 5.000000 291.000000 117.000000 a 266.810791 308.954681 327.340790 383.020874 303.585236 31.622776 231.019485 112.680969 228.600082 249.819931 210.161850 29.681644 13.341664 324.784546 219.146072 
300.000000 7 4.000000 193.000000 3.000000 a 242.330353 407.000000 384.884399 447.755524 452.711823 118.928551 268.793610 55.036350 110.317726 351.513855 345.809204 149.093933 162.265213 474.435455 309.006470 
300.000000 10 5.000000 477.000000 292.000000 a 456.711060 307.538605 398.322723 423.249329 86.977005 286.386108 370.563080 366.442352 477.946655 272.156219 118.088951 264.200684 244.403351 94.085068 286.698456 
300.000000 9 1.000000 257.000000 259.000000 a 235.906769 164.003052 204.685120 251.023911 226.035400 168.760178 149.003357 210.344955 295.042358 105.118980 250.503494 126.321022 134.201340 250.569351 84.646324 
300.000000 10 2.000000 430.000000 207.000000 a 397.609100 312.054474 381.057739 419.096649 169.307419 195.205017 326.013794 278.255280 393.300140 262.931549 70.661163 179.922211 156.285004 184.092361 261.047882 
300.000000 5 5.000000 323.000000 306.000000 a 314.230804 166.481232 245.326309 276.470612 145.413208 220.737396 220.292984 279.084229 372.715698 120.933868 214.618271 182.148285 178.373199 170.000000 132.136292 
300.000000 9 4.000000 342.000000 302.000000 a 330.408844 184.024460 264.699829 295.169434 131.186890 221.995499 238.100815 284.859619 382.214600 140.014282 197.306870 185.302460 178.572113 155.618118 151.330765 
300.000000 9 4.000000 445.000000 229.000000 a 414.342865 310.266022 385.875641 420.481873 146.123230 220.517578 338.245483 302.887756 417.135468 264.412567 72.249565 203.118195 180.560242 159.477264 267.217133 
300.000000 7 1.000000 316.000000 349.000000 a 327.085602 137.295303 230.254211 252.463852 137.480911 261.558777 227.035233 315.153931 402.572968 104.120125 248.203552 221.711517 220.102249 161.300964 130.361038 
300.000000 10 4.000000 35.000000 2.000000 a 183.010925 437.524841 374.626495 436.224701 558.735168 254.096436 266.204803 169.516968 52.201534 393.996185 489.584503 265.559784 288.903107 582.494629 347.038910 
300.000000 9 5.000000 8.000000 68.000000 a 119.641129 388.830292 315.065063 374.786621 538.978638 265.996246 214.709106 187.267181 89.888817 351.300446 496.662872 266.062012 292.643127 563.337402 305.000000 
Type de surveillance de chaque endroit(target):tab[nombre de target]
a a a a a a a a a a a a a a a 
Matrix of neighbour
1 0 0 0 0 0 0 0 0 0 0 0 0 0 0 0 0 0 0 0 0 0 0 0 0 0 0 0 0 0  
1 1 0 0 1 0 0 0 0 0 0 0 0 0 0 1 0 1 1 0 0 0 0 0 0 0 0 0 0 0  
0 1 1 0 1 1 1 1 0 1 1 1 0 0 0 1 0 1 1 0 0 0 1 0 1 1 0 1 0 0  
0 0 1 1 1 0 1 0 0 0 1 0 1 0 0 1 0 0 0 1 0 0 1 0 1 1 0 1 0 0  
1 0 0 0 1 0 0 0 0 0 0 0 0 0 0 1 0 1 0 0 0 0 0 0 0 0 0 0 0 0  
1 1 0 0 1 1 1 0 0 0 0 0 0 0 0 0 0 1 1 0 0 0 1 0 0 0 0 0 0 0  
1 1 0 0 1 0 1 0 0 0 1 0 0 0 0 1 0 1 1 0 0 0 1 0 0 0 0 1 0 0  
1 1 0 0 1 1 1 1 0 0 0 0 0 0 0 0 0 1 1 0 0 0 1 0 1 1 0 1 0 0  
0 0 1 1 0 0 1 1 1 0 0 0 0 0 1 0 1 0 0 1 1 1 0 1 1 1 1 0 0 0  
1 1 0 0 1 1 1 1 0 1 0 0 0 0 0 0 0 1 1 0 0 0 1 0 0 0 0 0 0 0  
1 0 0 0 1 0 0 0 0 0 1 0 0 0 0 1 0 1 0 0 0 0 0 0 0 0 0 0 0 0  
1 1 0 0 1 1 1 1 0 1 0 1 0 0 0 0 0 1 1 0 0 0 1 0 0 0 0 0 0 0  
0 0 1 0 1 0 1 0 0 0 1 0 1 0 0 1 0 0 0 0 0 0 1 0 1 1 0 1 0 0  
0 1 1 0 1 1 1 1 0 1 0 1 0 1 0 0 0 1 1 1 0 0 1 0 0 0 0 0 0 1  
0 0 1 1 0 0 1 1 0 0 0 0 0 1 1 0 0 0 0 1 1 1 1 1 1 1 1 0 0 0  
1 0 0 0 0 0 0 0 0 0 0 0 0 0 0 1 0 1 0 0 0 0 0 0 0 0 0 0 0 0  
0 0 1 1 0 0 1 1 0 0 0 0 0 0 1 0 1 0 0 1 1 1 0 1 1 1 1 0 0 0  
1 0 0 0 0 0 0 0 0 0 0 0 0 0 0 0 0 1 0 0 0 0 0 0 0 0 0 0 0 0  
1 0 0 0 1 0 0 0 0 0 0 0 0 0 0 1 0 1 1 0 0 0 0 0 0 0 0 0 0 0  
0 1 1 0 1 1 1 1 0 1 0 1 0 0 0 0 0 1 1 1 0 0 1 0 1 1 0 1 0 0  
0 1 1 0 0 1 1 1 0 1 0 1 0 1 0 0 0 0 1 1 1 0 1 0 0 0 0 0 1 1  
0 0 1 1 1 0 1 1 0 0 1 0 1 0 0 0 0 0 0 1 0 1 1 1 1 1 1 1 0 0  
1 1 0 0 1 0 0 0 0 0 1 0 0 0 0 1 0 1 1 0 0 0 1 0 0 0 0 0 0 0  
0 0 1 1 1 0 1 1 0 0 0 0 1 0 0 0 0 0 0 1 0 0 1 1 1 1 0 1 0 0  
1 1 0 0 1 0 1 0 0 0 1 0 0 0 0 1 0 1 1 0 0 0 1 0 1 0 0 1 0 0  
0 1 0 0 1 0 1 0 0 0 1 0 0 0 0 1 0 1 1 0 0 0 1 0 1 1 0 1 0 0  
0 0 1 1 1 0 1 1 0 0 0 0 1 0 0 0 0 0 0 1 0 0 1 1 1 1 1 1 0 0  
1 1 0 0 1 0 0 0 0 0 1 0 0 0 0 1 0 1 1 0 0 0 1 0 0 0 0 1 0 0  
0 1 0 0 0 1 0 1 0 1 0 1 0 1 0 0 0 0 1 1 0 0 0 0 0 0 0 0 1 1  
1 1 0 0 0 1 0 1 0 1 0 1 0 0 0 0 0 1 1 1 0 0 0 0 0 0 0 0 0 1  
Connect directly to BS 
1 1 1 0 1 1 1 1 0 1 1 1 0 0 0 1 0 1 1 0 0 0 1 0 1 1 0 1 0 0 
Cordinaates of sensors 
1 27.000000 346.000000
2 127.000000 224.000000
3 330.000000 215.000000
4 463.000000 324.000000
5 236.000000 320.000000
6 57.000000 160.000000
7 266.000000 238.000000
8 213.000000 153.000000
9 481.000000 53.000000
10 75.000000 115.000000
11 258.000000 496.000000
12 96.000000 105.000000
13 468.000000 424.000000
14 176.000000 41.000000
15 461.000000 65.000000
16 225.000000 484.000000
17 479.000000 55.000000
18 126.000000 307.000000
19 61.000000 243.000000
20 291.000000 117.000000
21 193.000000 3.000000
22 477.000000 292.000000
23 257.000000 259.000000
24 430.000000 207.000000
25 323.000000 306.000000
26 342.000000 302.000000
27 445.000000 229.000000
28 316.000000 349.000000
29 35.000000 2.000000
30 8.000000 68.000000
