Nombre des capteurs:
30
Nombre des targets:
15
Nombre de type de surveillance:
1

Caracteristiques:
300.000000 5 1.000000 47.000000 301.000000 a 121.498970 100.044991 330.727997 188.743210 466.438629 72.422371 367.212463 111.413643 422.995270 399.741180 384.775269 277.353577 32.449963 213.354172 435.707458 
300.000000 1 3.000000 8.000000 148.000000 a 275.426941 208.942581 311.327789 314.493256 482.050842 230.228149 401.627930 107.186752 528.674744 352.080963 395.062012 369.303406 127.738014 343.292877 427.056213 
300.000000 12 2.000000 181.000000 7.000000 a 439.602081 298.939789 170.601883 377.719482 342.614929 379.885498 304.947540 212.077820 512.609985 159.389465 266.810791 364.923279 307.234436 405.097534 266.647705 
300.000000 9 2.000000 254.000000 145.000000 a 352.495392 191.650726 72.069412 240.858887 236.211777 291.290222 165.529449 164.560013 356.796875 144.616730 149.335190 209.976196 259.356903 265.000000 184.358353 
300.000000 11 1.000000 1.000000 199.000000 a 225.729935 179.836029 328.294067 283.746368 490.975555 184.024460 403.317505 99.080772 507.693817 378.794128 404.400787 351.318939 80.056229 311.448242 442.905182 
300.000000 11 4.000000 169.000000 424.000000 a 133.015030 122.000000 347.131104 63.126858 418.810211 113.648582 314.493256 231.521057 275.960144 430.947784 356.534698 171.767288 205.182846 63.788715 419.640320 
300.000000 6 5.000000 27.000000 212.000000 a 210.192764 151.208466 307.415039 255.618851 466.495453 163.487000 377.011932 73.552704 478.658539 362.215393 380.295929 322.273163 62.032249 283.593018 421.010681 
300.000000 3 4.000000 294.000000 378.000000 a 261.725037 164.575211 268.985138 77.162170 296.892242 225.142181 196.644348 261.268066 165.109055 352.881012 248.213623 43.416588 284.677002 70.213959 313.057495 
300.000000 7 2.000000 49.000000 417.000000 a 13.928389 149.576065 407.520538 171.405945 512.957092 51.078373 408.447052 219.993179 396.137604 485.202026 440.408905 281.625641 144.391830 182.175735 499.088165 
300.000000 6 2.000000 175.000000 191.000000 a 269.596008 116.417351 163.477829 196.540070 317.050476 208.031250 230.254211 75.953934 371.344849 231.225006 230.824615 211.482864 167.943436 225.077759 273.651245 
300.000000 8 1.000000 215.000000 77.000000 a 388.672089 236.966248 107.205414 306.006531 285.847870 327.360657 234.019226 170.590149 435.133301 133.330414 203.538696 287.271637 270.933563 332.385315 217.919708 
300.000000 6 3.000000 381.000000 41.000000 a 513.990295 352.029816 94.111633 379.288818 157.724442 453.414825 175.513535 324.353210 410.858856 43.965897 116.103401 308.883484 422.129120 397.396515 75.742989 
300.000000 5 5.000000 282.000000 241.000000 a 305.412842 148.976501 135.594986 156.169785 225.077759 249.018066 124.739731 185.924713 262.068695 220.494904 148.448639 110.136276 255.143097 175.570496 207.932678 
300.000000 12 4.000000 339.000000 91.000000 a 448.742676 286.762970 29.068884 316.461700 164.003052 388.253784 140.003571 263.941284 371.161682 63.000000 90.509666 253.639511 359.984711 335.839233 93.193344 
300.000000 4 5.000000 382.000000 188.000000 a 417.698456 262.070587 101.533249 255.440796 112.929184 362.067688 34.828148 282.398651 266.317474 165.677399 39.115215 167.502243 363.324921 267.660217 103.831596 
300.000000 11 2.000000 347.000000 117.000000 a 435.598450 273.804688 30.805843 296.067566 147.962830 375.889618 113.371071 261.543488 343.960754 89.358826 67.675697 228.484131 354.644897 314.197388 87.321243 
300.000000 7 4.000000 146.000000 414.000000 a 110.290527 110.004547 348.793640 77.472572 430.600739 88.684837 325.829712 215.956009 299.821625 431.561127 364.869843 188.480774 182.452728 85.146935 426.948486 
300.000000 3 3.000000 203.000000 245.000000 a 243.347488 81.344948 176.694656 138.708328 300.780640 183.251190 203.226471 111.233986 314.459869 256.095673 219.317123 154.029221 176.400116 166.373077 272.662781 
300.000000 4 4.000000 395.000000 411.000000 a 359.168488 270.098145 310.942108 180.188797 273.058594 328.568115 196.206528 360.955688 60.802959 387.072357 256.124969 99.824844 390.800446 164.012192 316.172424 
300.000000 8 1.000000 381.000000 127.000000 a 453.927307 293.402466 66.219330 304.026306 112.538879 395.465546 90.956032 291.096191 326.142609 107.540688 35.608986 225.142181 381.461670 319.411957 59.169250 
300.000000 5 1.000000 217.000000 295.000000 a 221.110825 70.576202 210.297409 88.000000 306.804504 165.918655 203.393707 148.838837 273.190399 293.552368 232.800339 114.965210 189.169235 114.856430 292.282410 
300.000000 4 4.000000 191.000000 54.000000 a 399.310669 253.842468 137.884003 330.025757 315.597839 338.732941 267.001862 174.590958 467.394897 150.266434 234.829727 317.804962 273.210541 357.246399 244.806046 
300.000000 9 3.000000 135.000000 43.000000 a 391.716736 261.275726 193.940720 349.748474 372.248566 333.594055 319.288269 163.783386 508.622650 204.550720 290.461700 353.831879 254.159393 378.380768 301.869171 
300.000000 9 3.000000 123.000000 263.000000 a 181.245697 47.507893 247.072861 152.433594 382.561096 119.854080 285.070160 64.257294 369.995941 319.188019 300.106659 213.927551 94.641426 181.603958 350.766296 
300.000000 2 2.000000 181.000000 270.000000 a 210.069031 48.083260 209.990479 118.595955 329.705933 150.146591 229.682388 105.118980 317.014191 289.012115 250.018005 158.354034 152.052628 147.719330 304.844208 
300.000000 3 3.000000 164.000000 126.000000 a 322.490295 178.809952 153.834320 262.408081 327.287323 261.841553 255.970703 100.124924 425.958923 200.571686 240.752991 268.650330 200.322235 290.822968 269.564453 
300.000000 10 4.000000 57.000000 51.000000 a 371.593872 268.531189 266.610199 368.543091 445.314484 319.225616 383.803345 157.965179 553.701172 282.936401 361.292114 394.391937 224.750977 398.045227 377.810791 
300.000000 11 2.000000 479.000000 110.000000 a 541.842224 384.525696 162.000000 378.382080 46.324940 485.489441 129.034882 390.243500 338.812622 162.246719 88.323273 282.347290 478.953033 388.464935 48.764740 
300.000000 8 5.000000 287.000000 12.000000 a 480.729645 323.827118 102.489021 377.546021 248.310287 419.151520 234.303223 267.301331 462.465149 54.405884 184.133102 333.736420 367.706390 400.930176 168.077362 
300.000000 9 2.000000 355.000000 338.000000 a 329.874207 210.760529 231.144974 145.151642 227.407120 287.784637 132.400909 288.530762 140.719574 310.412628 189.190384 34.525352 332.222809 142.888062 253.001984 
Type de surveillance de chaque endroit(target):tab[nombre de target]
a a a a a a a a a a a a a a a 