Nombre des capteurs:
40
Nombre des targets:
15
Nombre de type de surveillance:
1

Caracteristiques:
300.000000 8 3.000000 22.000000 108.000000 a 325.399750 513.089661 302.337555 293.462097 181.107697 152.777618 329.660431 394.077393 250.744888 58.137768 423.548096 355.928375 467.124176 454.318176 297.753265 
300.000000 3 1.000000 99.000000 397.000000 a 32.015621 409.180878 57.567352 432.539001 163.884109 147.054413 233.310959 303.712036 368.126343 335.276001 256.322052 76.321686 229.270584 276.016296 28.792360 
300.000000 8 2.000000 242.000000 325.000000 a 149.626205 256.035156 103.773796 316.362122 128.222458 202.410477 73.817345 144.222046 255.538651 318.190186 121.078484 228.600082 163.682617 149.833237 131.529465 
300.000000 7 4.000000 295.000000 215.000000 a 264.660156 219.938629 217.039169 201.062180 151.082764 247.759964 67.364677 103.600197 146.154022 279.331329 166.784286 341.621124 256.859894 196.063766 241.132736 
300.000000 8 2.000000 352.000000 158.000000 a 345.057953 204.355087 297.469330 153.101273 221.720551 317.176605 133.701157 121.807228 119.553337 306.757233 213.009384 422.214386 315.063477 237.118118 321.740570 
300.000000 7 2.000000 278.000000 94.000000 a 357.833771 302.034760 311.724243 82.969872 196.824799 280.044647 189.525726 208.540161 24.351591 220.054535 287.236847 428.234741 378.910278 315.291931 330.080292 
300.000000 4 4.000000 326.000000 303.000000 a 231.948273 171.002930 188.448929 290.167206 190.706573 278.657501 31.890438 58.137768 238.662949 357.598938 73.539108 310.757141 168.297363 103.353760 216.923950 
300.000000 8 4.000000 76.000000 414.000000 a 48.093658 435.643188 85.088188 458.449554 187.552658 157.990509 261.725037 331.621765 394.062164 350.365509 281.305878 50.921509 246.675903 299.668152 56.824291 
300.000000 11 2.000000 406.000000 183.000000 a 366.442352 149.806549 319.864044 199.491852 266.174744 362.836060 143.586212 98.081596 176.181717 365.892059 195.058960 445.252747 301.734985 213.265091 346.433258 
300.000000 8 4.000000 329.000000 480.000000 a 214.462112 244.761108 201.556442 466.901489 301.809540 355.763977 199.832428 208.830078 413.233582 495.395813 111.830231 270.599335 15.811388 97.529480 223.289047 
300.000000 6 2.000000 19.000000 42.000000 a 389.422638 544.135986 363.962921 282.391571 235.229675 218.357498 371.064697 429.075745 252.669739 46.529560 469.538086 421.900452 521.775818 500.639587 361.211853 
300.000000 10 5.000000 458.000000 83.000000 a 472.347321 222.445496 425.000000 172.409393 349.274963 443.028229 252.857666 209.847565 188.382584 398.453247 306.202545 550.310791 413.168243 321.885071 450.155518 
300.000000 7 1.000000 447.000000 220.000000 a 378.335815 96.041656 333.839783 253.071136 301.663727 397.819061 157.699081 89.498604 231.365509 417.258911 177.341476 457.283295 283.128937 188.308258 361.842499 
300.000000 3 1.000000 481.000000 212.000000 a 411.672211 91.411156 367.631622 268.262939 336.168121 432.453461 192.200409 121.794907 253.775497 446.256653 203.494476 490.493622 307.092834 210.618134 395.790344 
300.000000 11 5.000000 355.000000 256.000000 a 281.570587 149.264862 236.171555 248.171310 209.611542 304.006592 59.033890 31.144823 203.592728 351.978699 115.004349 360.627228 218.508575 139.441742 263.821899 
300.000000 4 1.000000 224.000000 47.000000 a 383.275360 373.569275 340.277832 82.855293 208.165802 272.855286 247.606537 276.795959 51.884487 164.878738 349.107422 446.598267 433.866333 378.430969 353.841766 
300.000000 9 4.000000 351.000000 244.000000 a 285.408478 157.098694 239.384628 235.586502 205.039017 300.326477 62.008064 42.638012 191.023560 342.171021 127.035431 364.400879 229.682388 151.907867 266.597076 
300.000000 11 3.000000 299.000000 294.000000 a 213.901840 198.161545 168.585297 280.001801 162.249802 250.599289 12.369317 80.808418 224.877747 331.694122 94.625580 292.957336 177.814514 125.602547 196.412827 
300.000000 5 3.000000 361.000000 106.000000 a 391.011505 238.562363 343.402100 110.385689 253.339691 345.259308 185.625961 171.842957 97.498718 303.916107 265.092438 466.840454 367.763519 288.340088 366.314087 
300.000000 5 3.000000 307.000000 460.000000 a 187.984039 247.111313 172.652832 446.054932 272.618774 326.098145 178.070206 196.290604 390.755676 466.717255 100.647903 248.008072 14.212670 94.762863 195.166595 
300.000000 5 1.000000 437.000000 488.000000 a 320.951721 195.437973 302.907562 493.401459 382.341461 449.328400 246.294540 219.093582 449.197052 567.366699 143.450333 378.893127 122.188377 112.605507 326.989288 
300.000000 5 3.000000 327.000000 6.000000 a 458.399384 341.344391 412.074036 28.160255 295.832733 373.737885 277.129944 275.757141 86.452301 273.227020 365.997253 528.923462 465.130096 390.957794 430.769073 
300.000000 10 4.000000 374.000000 256.000000 a 297.356689 131.320221 252.539108 253.061264 228.560715 323.006195 76.550636 21.377558 212.228653 368.048920 116.726173 376.378784 222.685883 138.003616 280.472809 
300.000000 12 2.000000 35.000000 39.000000 a 388.336182 531.613586 361.167542 266.176636 229.612717 219.583694 361.023560 417.484131 237.168716 35.355339 460.418274 423.680298 515.349426 491.553650 359.701263 
300.000000 10 1.000000 79.000000 219.000000 a 203.049255 426.160767 177.611938 301.439880 70.213959 48.010414 231.728287 304.573486 241.629883 156.160172 314.211700 243.821655 345.937866 343.861877 174.450562 
300.000000 12 3.000000 349.000000 442.000000 a 226.384628 203.725311 204.619156 430.795776 286.379120 350.228485 166.760300 167.529099 379.317810 475.820343 71.175842 290.688843 43.931767 54.589375 229.682388 
300.000000 5 1.000000 138.000000 120.000000 a 297.329773 402.498444 260.491852 193.597519 120.266373 163.134918 230.521149 286.790863 140.801285 96.020828 331.144989 351.005707 393.554321 362.277527 267.269531 
300.000000 3 3.000000 343.000000 34.000000 a 441.191559 309.095459 394.255005 47.423622 285.035095 368.021729 251.366272 245.507645 81.841309 284.585663 337.179474 513.653564 437.833313 361.419434 414.364563 
300.000000 9 4.000000 59.000000 153.000000 a 271.884155 462.649963 246.077225 278.212158 123.036583 105.304321 275.118164 342.252838 226.373581 89.005615 366.809204 309.000000 408.867950 397.412872 243.402954 
300.000000 12 1.000000 479.000000 29.000000 a 525.898254 273.592773 478.357605 179.627396 394.220764 485.412201 308.768524 267.777893 213.178329 420.459259 364.127716 603.232117 471.097656 379.527344 502.765350 
300.000000 5 1.000000 258.000000 351.000000 a 149.372025 243.971313 107.967590 339.607117 157.686401 226.931702 81.835197 140.982269 280.257019 348.673187 98.061203 227.863998 133.281662 124.651512 136.821045 
300.000000 9 4.000000 226.000000 290.000000 a 162.889526 271.265564 115.256233 285.748138 94.339813 177.901657 76.419891 152.554901 223.376358 280.413971 151.476074 239.735275 202.141037 181.705811 139.316193 
300.000000 8 1.000000 346.000000 20.000000 a 454.854919 319.882782 408.000000 46.389652 297.321381 379.036926 265.668976 258.984558 91.525955 289.364807 351.091156 527.003784 451.996674 375.122650 427.889008 
300.000000 12 5.000000 256.000000 398.000000 a 133.360413 259.416656 103.576057 386.512604 192.520126 248.243835 124.787819 171.828400 327.299561 387.262177 101.651367 207.135223 94.493385 119.067207 130.464554 
300.000000 7 1.000000 81.000000 262.000000 a 160.853973 417.918640 138.755173 330.854950 68.622154 30.265491 221.903137 297.378540 268.704285 199.110519 293.955780 201.206360 314.493256 322.273163 132.853302 
300.000000 9 5.000000 13.000000 314.000000 a 151.426544 484.148743 155.682373 415.173462 152.200531 67.675697 290.766235 366.870544 353.691956 254.379639 345.731110 154.983871 341.259430 370.734406 134.528809 
300.000000 8 4.000000 48.000000 261.000000 a 173.528091 450.868042 159.364365 352.863983 100.224747 4.242640 254.866638 330.387665 292.205414 197.365143 325.170715 201.300766 340.476135 353.012756 148.189072 
300.000000 8 5.000000 356.000000 379.000000 a 235.091476 160.654907 202.002472 369.270905 251.835266 328.124969 111.018013 104.345581 319.781189 432.251099 8.246211 308.379639 100.319489 24.207438 230.139084 
300.000000 9 1.000000 132.000000 29.000000 a 388.082458 455.800385 351.688782 168.668320 211.463943 242.903275 304.809784 349.313599 144.249786 80.056229 407.735199 439.110474 478.769257 438.490601 358.050262 
300.000000 3 5.000000 458.000000 430.000000 a 334.252899 133.809570 308.084412 444.994385 365.299866 441.851776 215.034882 172.652832 405.246826 540.703247 119.570061 400.281158 147.800537 90.470993 334.773071 
Type de surveillance de chaque endroit(target):tab[nombre de target]
a a a a a a a a a a a a a a a 
Matrix of neighbour
1 1 0 1 0 0 0 0 0 0 0 0 0 0 0 0 0 0 0 0 0 0 0 0 1 0 1 0 1 0 0 1 0 0 1 1 1 0 0 0  
0 1 0 0 0 0 0 0 0 0 0 0 0 0 0 0 0 0 0 0 0 0 0 0 0 0 0 0 0 0 0 0 0 0 0 0 0 0 0 0  
0 1 1 0 0 0 0 1 0 0 0 0 0 0 0 0 0 0 0 0 0 0 0 0 0 0 0 0 0 0 0 0 0 1 1 1 1 0 0 0  
0 1 1 1 0 0 1 1 0 1 0 0 0 0 0 0 0 1 0 1 0 0 0 0 1 1 0 0 1 0 1 1 0 1 1 1 1 1 0 0  
0 0 1 1 1 0 1 0 0 0 0 0 0 0 1 0 1 1 0 0 0 0 1 0 1 1 1 0 1 0 1 1 0 1 1 0 0 1 0 0  
1 0 1 1 1 1 1 0 0 0 0 0 0 0 1 0 1 1 0 0 0 0 1 0 1 0 1 0 1 0 1 1 0 0 1 0 1 1 0 0  
0 1 1 0 0 0 1 1 0 1 0 0 0 0 0 0 0 1 0 1 0 0 0 0 1 0 0 0 0 0 1 1 0 1 1 0 1 0 0 0  
0 1 0 0 0 0 0 1 0 0 0 0 0 0 0 0 0 0 0 0 0 0 0 0 0 0 0 0 0 0 0 0 0 0 0 0 0 0 0 0  
0 0 1 1 1 1 1 0 1 0 0 0 0 0 1 1 1 1 0 1 0 0 1 0 0 1 1 0 0 0 1 1 0 1 0 0 0 1 0 1  
0 1 1 0 0 0 0 1 0 1 0 0 0 0 0 0 0 1 0 1 0 0 0 0 0 0 0 0 0 0 1 1 0 1 0 0 0 0 0 0  
1 0 0 0 0 1 0 0 0 0 1 0 0 0 0 0 0 0 0 0 0 0 0 1 1 0 1 0 1 0 0 0 0 0 1 1 1 0 0 0  
0 0 0 1 1 1 1 0 1 0 0 1 1 1 1 1 1 1 1 0 0 1 1 0 0 0 0 1 0 0 0 0 1 0 0 0 0 0 0 0  
0 0 1 1 1 1 1 0 1 1 0 0 1 0 1 1 1 1 0 1 1 0 1 0 0 1 0 0 0 0 1 1 0 1 0 0 0 1 0 1  
0 0 1 1 1 1 1 0 1 0 0 0 1 1 1 0 1 1 1 0 1 0 1 0 0 1 0 0 0 0 1 1 0 1 0 0 0 1 0 1  
0 1 1 1 0 0 1 0 0 1 0 0 0 0 1 0 0 1 0 1 0 0 0 0 1 1 1 0 0 0 1 1 0 1 1 0 0 1 0 0  
1 0 1 1 1 1 1 0 0 0 1 0 0 0 1 1 1 1 0 0 0 0 1 1 1 0 1 0 1 0 0 1 0 0 1 0 1 0 1 0  
0 1 1 1 0 0 1 0 0 1 0 0 0 0 1 0 1 1 0 1 0 0 0 0 1 1 1 0 0 0 1 1 0 1 1 0 0 1 0 0  
0 1 1 0 0 0 0 1 0 0 0 0 0 0 0 0 0 1 0 1 0 0 0 0 1 0 0 0 0 0 1 1 0 1 1 1 1 0 0 0  
0 0 1 1 1 1 1 0 1 0 0 0 1 0 1 1 1 1 1 0 0 0 1 0 0 0 1 0 0 0 1 1 0 0 0 0 0 1 1 0  
0 1 1 0 0 0 0 1 0 0 0 0 0 0 0 0 0 0 0 1 0 0 0 0 0 0 0 0 0 0 1 1 0 1 0 0 0 0 0 0  
0 0 1 0 0 0 1 0 0 1 0 0 0 0 1 0 1 1 0 1 1 0 1 0 0 1 0 0 0 0 1 1 0 1 0 0 0 1 0 0  
0 0 0 1 1 1 1 0 1 0 0 0 1 1 1 1 1 1 1 0 0 1 1 1 0 0 1 1 0 0 0 0 1 0 0 0 0 0 1 0  
0 0 1 1 0 0 1 0 0 1 0 0 0 0 1 0 1 1 0 1 0 0 1 0 1 1 1 0 0 0 1 1 0 1 1 0 0 1 0 0  
1 0 0 0 0 1 0 0 0 0 0 0 0 0 0 0 0 0 0 0 0 0 0 1 1 0 1 0 1 0 0 0 0 0 1 1 1 0 0 0  
0 1 1 0 0 0 0 1 0 0 0 0 0 0 0 0 0 0 0 0 0 0 0 0 1 0 0 0 0 0 1 1 0 1 1 1 1 0 0 0  
0 1 1 0 0 0 1 1 0 1 0 0 0 0 0 0 0 1 0 1 0 0 0 0 0 1 0 0 0 0 1 1 0 1 0 0 0 0 0 0  
0 1 1 1 0 0 1 0 0 0 0 0 0 0 0 0 0 1 0 0 0 0 0 0 1 0 1 0 1 0 1 1 0 0 1 1 1 0 0 0  
0 0 0 1 1 1 1 0 1 0 0 0 1 1 1 1 1 1 1 0 0 0 1 0 0 0 1 1 0 0 0 1 0 0 0 0 0 0 1 0  
0 1 1 0 0 0 0 1 0 0 0 0 0 0 0 0 0 1 0 0 0 0 0 0 1 0 0 0 1 0 1 1 0 0 1 1 1 0 0 0  
0 0 0 1 1 1 0 0 1 0 0 1 1 1 1 1 1 0 1 0 0 1 1 0 0 0 0 1 0 1 0 0 1 0 0 0 0 0 0 0  
0 1 1 0 0 0 0 1 0 0 0 0 0 0 0 0 0 0 0 0 0 0 0 0 0 0 0 0 0 0 1 0 0 1 1 1 1 0 0 0  
0 1 1 0 0 0 0 1 0 0 0 0 0 0 0 0 0 0 0 0 0 0 0 0 0 0 0 0 0 0 1 1 0 1 1 1 1 0 0 0  
0 0 0 1 1 1 1 0 1 0 0 0 1 1 1 1 1 1 1 0 0 0 1 0 0 0 1 1 0 0 0 1 1 0 0 0 0 0 1 0  
0 1 0 0 0 0 0 1 0 0 0 0 0 0 0 0 0 0 0 0 0 0 0 0 0 0 0 0 0 0 0 0 0 1 1 1 1 0 0 0  
0 1 0 0 0 0 0 1 0 0 0 0 0 0 0 0 0 0 0 0 0 0 0 0 0 0 0 0 0 0 0 0 0 0 1 1 0 0 0 0  
0 1 0 0 0 0 0 1 0 0 0 0 0 0 0 0 0 0 0 0 0 0 0 0 0 0 0 0 0 0 0 0 0 0 0 1 0 0 0 0  
0 1 0 0 0 0 0 1 0 0 0 0 0 0 0 0 0 0 0 0 0 0 0 0 0 0 0 0 0 0 0 0 0 0 1 1 1 0 0 0  
0 1 1 0 0 0 1 1 0 1 0 0 0 0 0 0 0 1 0 1 0 0 0 0 0 1 0 0 0 0 1 1 0 1 1 0 0 1 0 0  
1 0 0 1 1 1 0 0 0 0 1 0 0 0 0 0 0 0 0 0 0 0 0 1 1 0 1 0 1 0 0 1 0 0 1 0 1 0 1 0  
0 0 1 1 1 0 1 0 0 1 0 0 0 0 1 0 1 1 0 1 1 0 1 0 0 1 0 0 0 0 1 1 0 1 0 0 0 1 0 1  
Connect directly to BS 
0 1 1 1 0 0 1 1 0 1 0 0 0 0 1 0 1 1 0 1 0 0 0 0 1 1 1 0 1 0 1 1 0 1 1 1 1 1 0 0 
Cordinaates of sensors 
1 22.000000 108.000000
2 99.000000 397.000000
3 242.000000 325.000000
4 295.000000 215.000000
5 352.000000 158.000000
6 278.000000 94.000000
7 326.000000 303.000000
8 76.000000 414.000000
9 406.000000 183.000000
10 329.000000 480.000000
11 19.000000 42.000000
12 458.000000 83.000000
13 447.000000 220.000000
14 481.000000 212.000000
15 355.000000 256.000000
16 224.000000 47.000000
17 351.000000 244.000000
18 299.000000 294.000000
19 361.000000 106.000000
20 307.000000 460.000000
21 437.000000 488.000000
22 327.000000 6.000000
23 374.000000 256.000000
24 35.000000 39.000000
25 79.000000 219.000000
26 349.000000 442.000000
27 138.000000 120.000000
28 343.000000 34.000000
29 59.000000 153.000000
30 479.000000 29.000000
31 258.000000 351.000000
32 226.000000 290.000000
33 346.000000 20.000000
34 256.000000 398.000000
35 81.000000 262.000000
36 13.000000 314.000000
37 48.000000 261.000000
38 356.000000 379.000000
39 132.000000 29.000000
40 458.000000 430.000000
