Nombre des capteurs:
40
Nombre des targets:
15
Nombre de type de surveillance:
1

Caracteristiques:
300.000000 3 4.000000 45.000000 427.000000 a 463.777954 126.530632 377.201538 217.800369 545.091736 553.903442 60.745369 502.259888 133.240387 374.048126 187.970749 517.568359 269.185822 125.642349 267.091736 
300.000000 8 5.000000 76.000000 1.000000 a 438.348022 307.234436 248.809158 241.760208 424.699890 349.757050 477.004181 306.111084 295.584167 542.262878 496.517883 389.422638 479.270264 364.588806 493.137909 
300.000000 6 1.000000 24.000000 44.000000 a 466.840454 271.646820 276.739960 223.877197 467.402405 401.498444 437.346558 354.069214 250.337769 546.034790 475.509186 431.477692 472.471161 338.337097 484.813354 
300.000000 3 3.000000 198.000000 108.000000 a 281.538635 228.254242 91.394745 136.165344 289.000000 242.043381 388.972992 188.809433 246.002029 383.157928 367.147095 253.007904 330.056061 254.566299 345.357788 
300.000000 8 4.000000 245.000000 273.000000 a 220.494904 160.853973 142.720001 108.632408 292.897583 307.247467 264.412567 258.791412 209.057404 228.429413 201.804367 265.188599 159.677795 127.475487 174.384628 
300.000000 5 4.000000 243.000000 402.000000 a 284.290344 181.276031 269.295380 195.862198 382.062836 419.533081 181.661774 376.066498 232.594070 177.022598 73.756355 361.773407 72.567207 102.883430 76.059189 
300.000000 8 2.000000 342.000000 439.000000 a 251.366272 285.791870 308.314789 285.727142 361.366852 423.218628 266.865143 389.666534 337.712891 79.075912 120.208153 350.385498 35.608986 208.386658 30.413813 
300.000000 8 2.000000 82.000000 93.000000 a 395.607117 215.083710 207.504211 153.114334 405.277679 349.871399 385.020782 298.964874 205.975723 470.269073 407.659180 369.228912 398.497162 273.585449 411.316193 
300.000000 9 4.000000 24.000000 88.000000 a 452.482056 229.120056 265.377075 188.215302 463.431763 406.075104 393.720703 355.928375 206.409790 516.637207 436.124969 427.379211 438.566986 297.953003 450.177734 
300.000000 10 3.000000 144.000000 313.000000 a 328.641144 56.222771 226.296265 80.000000 399.592285 403.090546 177.710434 351.283356 108.673820 295.447113 181.135315 370.267456 199.288742 45.398239 207.038651 
300.000000 8 3.000000 8.000000 221.000000 a 450.027771 118.190521 289.748169 136.528381 492.148346 461.191925 266.362549 407.185455 78.549347 457.078766 334.619202 457.683289 363.389587 197.314468 371.194031 
300.000000 7 5.000000 258.000000 34.000000 a 270.414490 322.453094 105.513031 229.340363 240.659515 167.299133 479.099152 121.198181 341.234528 419.153900 441.090698 205.992722 387.072357 341.526001 403.628540 
300.000000 8 4.000000 364.000000 211.000000 a 94.132881 292.549133 108.931168 221.097260 160.430664 196.697739 391.260773 160.611328 337.369232 217.082932 296.543427 136.359818 211.981125 259.624725 228.982529 
300.000000 7 2.000000 185.000000 353.000000 a 305.447205 106.929886 238.933044 126.810883 388.881744 407.235809 164.541794 358.403412 159.326706 243.680115 128.082001 362.994476 144.003479 35.355339 150.632004 
300.000000 7 2.000000 386.000000 379.000000 a 178.193710 306.341309 263.153961 282.630493 289.209259 357.135834 323.519714 328.097534 359.201904 53.413483 185.218796 280.631439 81.412529 236.932480 92.200867 
300.000000 2 4.000000 346.000000 49.000000 a 201.079590 365.574890 106.254410 273.239807 152.846329 82.861328 505.830994 32.062439 394.342499 379.094971 441.345673 119.473846 369.388672 365.919403 386.498383 
300.000000 2 2.000000 64.000000 54.000000 a 426.004700 255.131332 235.722290 196.063766 426.432892 362.244385 424.231079 314.014343 241.513977 510.601593 450.520813 390.477905 440.759583 315.930359 453.766449 
300.000000 8 4.000000 338.000000 23.000000 a 227.264160 379.110809 124.811859 285.895081 171.540085 87.005745 524.046753 48.826221 405.020996 406.158844 464.458832 140.206985 394.730286 384.147095 411.821564 
300.000000 11 2.000000 367.000000 70.000000 a 172.037781 366.721954 105.261581 276.220917 125.872955 74.027023 499.984985 21.954498 398.843323 354.830933 427.569885 91.389275 351.024200 360.600891 368.131775 
300.000000 9 5.000000 92.000000 114.000000 a 379.947357 194.041229 194.249832 129.865311 395.045563 344.947815 364.269135 292.856628 188.215302 448.528717 384.480164 359.089111 375.623474 250.798721 388.329742 
300.000000 9 1.000000 131.000000 328.000000 a 345.648651 47.423622 246.130051 95.885345 418.492523 422.908966 159.088028 371.130707 99.959991 302.643341 174.734085 389.466309 203.494476 35.510563 209.754623 
300.000000 5 1.000000 142.000000 214.000000 a 316.006317 108.406639 162.889526 19.104973 360.916901 340.865082 271.646820 286.818756 132.003784 345.800507 273.541595 327.330109 266.069550 144.222046 278.028778 
300.000000 6 4.000000 213.000000 3.000000 a 324.644409 329.621002 151.238220 240.127045 293.429718 213.037552 493.811707 171.840042 340.083801 466.004303 471.208008 259.331848 426.141998 360.546814 442.223938 
300.000000 9 4.000000 158.000000 79.000000 a 329.801453 239.459808 139.204880 154.635056 330.275635 272.605957 406.941040 221.774658 246.710358 430.215057 400.981293 294.241394 372.263336 279.114685 386.963837 
300.000000 9 1.000000 344.000000 369.000000 a 190.800949 263.167236 240.353912 241.859467 297.607117 354.381165 287.466522 319.812439 316.028473 91.263351 157.206863 283.933105 56.603886 194.311600 72.449982 
300.000000 5 5.000000 88.000000 122.000000 a 381.753845 186.000000 197.496841 124.326187 399.245544 350.960114 356.140411 298.564911 179.401779 446.051575 378.450775 363.352448 371.619415 244.008194 384.083313 
300.000000 5 4.000000 365.000000 309.000000 a 131.521866 277.001801 190.601685 233.702805 235.127625 291.247314 333.061554 258.327301 328.342804 124.338249 215.102295 220.465424 119.436172 220.513031 135.771866 
300.000000 7 1.000000 154.000000 5.000000 a 370.049988 310.104828 185.261978 228.219193 348.565643 271.665222 479.066803 228.674438 311.785187 493.235229 474.647247 313.703674 441.977386 353.022675 457.170654 
300.000000 10 3.000000 90.000000 229.000000 a 368.229553 79.025314 216.041656 54.147945 415.030121 392.746735 249.288986 338.567566 83.868942 380.926514 280.702698 381.379089 292.438019 142.270874 302.173798 
300.000000 7 4.000000 140.000000 197.000000 a 318.567108 122.576508 157.308609 36.221542 358.231781 333.397675 287.758575 279.213165 141.484985 357.794647 290.341187 324.040131 280.492432 161.310257 292.836121 
300.000000 12 1.000000 86.000000 178.000000 a 373.935822 130.015381 203.383881 79.931221 407.063873 372.339905 300.106659 318.422668 125.924583 412.235382 327.867340 372.033600 330.310455 191.039261 341.484985 
300.000000 11 2.000000 327.000000 469.000000 a 284.903503 288.170074 335.638184 298.638580 394.868347 455.663239 249.162598 421.099762 338.710785 103.768974 100.124924 383.594849 53.600372 208.925827 38.078865 
300.000000 11 2.000000 254.000000 478.000000 a 332.054199 237.604721 343.402100 268.560974 437.251648 485.136078 176.000000 444.640289 284.508362 174.568039 27.294687 420.942993 85.562843 158.795471 72.801102 
300.000000 7 5.000000 482.000000 73.000000 a 145.000000 458.760284 206.828430 373.957214 35.355339 75.166481 572.049805 106.301460 496.856110 353.656616 475.211517 45.276924 382.831543 437.548859 399.025055 
300.000000 3 2.000000 324.000000 277.000000 a 147.231110 238.027313 146.294220 185.299759 234.797791 272.415131 317.674347 232.361786 287.503052 172.513763 219.585968 213.002350 140.356689 191.929672 157.457932 
300.000000 8 3.000000 35.000000 419.000000 a 469.188660 123.004066 377.609589 215.585251 548.657471 555.090088 73.006851 503.063629 125.015999 384.005219 199.722305 520.600586 279.007172 130.176804 277.405853 
300.000000 11 1.000000 77.000000 477.000000 a 461.824646 169.357605 399.430847 253.031616 551.598572 571.238159 1.414214 521.609985 187.320587 346.554474 150.029999 526.798828 244.476990 139.606583 238.901657 
300.000000 5 2.000000 480.000000 234.000000 a 28.425341 398.923553 218.240692 336.001495 126.194298 217.082932 470.255249 209.506561 447.044739 196.697739 348.724823 131.244049 247.072861 352.528015 261.197235 
300.000000 5 5.000000 142.000000 225.000000 a 316.128143 99.020203 168.433960 8.246211 364.299316 347.116699 260.969360 293.209808 125.642349 339.330231 263.108337 331.122345 257.775085 133.240387 269.408600 
300.000000 10 3.000000 381.000000 42.000000 a 190.276108 395.733490 134.357727 304.384613 124.867928 47.539455 530.947266 9.486833 426.427002 380.900238 458.628387 94.847244 380.938324 391.429443 398.026367 
Type de surveillance de chaque endroit(target):tab[nombre de target]
a a a a a a a a a a a a a a a 