Nombre des capteurs:
40
Nombre des targets:
15
Nombre de type de surveillance:
1

Caracteristiques:
300.000000 12 1.000000 63.000000 7.000000 a 461.069397 443.217773 403.267914 235.325302 343.036438 322.442230 362.927002 152.816879 116.606178 241.290283 326.220795 132.230865 435.784363 393.600037 397.830353 
300.000000 6 4.000000 25.000000 277.000000 a 394.670746 195.862198 366.580139 80.062477 464.096985 349.143250 156.064087 179.635742 205.973297 204.707108 75.073296 148.569855 502.493774 277.670654 413.551697 
300.000000 4 5.000000 102.000000 257.000000 a 319.903107 190.276108 288.340088 18.027756 390.436920 270.233246 115.104301 123.967735 158.858429 126.657021 80.653580 156.473633 423.727509 207.446381 333.997009 
300.000000 12 1.000000 432.000000 392.000000 a 92.913940 312.697937 154.806335 368.781769 380.888428 253.300217 275.234436 386.358643 417.948547 293.899628 361.842499 495.549194 308.690796 150.296371 220.111328 
300.000000 8 1.000000 139.000000 227.000000 a 289.359650 219.513092 251.509445 44.922153 342.803162 224.875519 131.529465 88.005684 126.194298 80.230919 123.822456 160.415085 378.084656 186.077942 291.240448 
300.000000 3 5.000000 430.000000 145.000000 a 155.389832 429.228363 105.848946 347.247742 135.148071 79.309517 344.071228 290.062073 301.230804 222.912537 401.707611 418.306122 82.807007 220.204453 27.459061 
300.000000 6 3.000000 34.000000 24.000000 a 473.709839 431.490448 417.967712 224.722046 372.193512 341.866943 355.688080 156.400131 124.631454 248.243835 311.708191 107.280006 461.599396 398.784393 418.072968 
300.000000 11 1.000000 451.000000 148.000000 a 155.331909 442.417236 112.898186 366.727417 143.251526 100.079971 359.089111 311.130188 322.443787 242.792099 419.047729 439.410980 71.281136 231.041122 35.383614 
300.000000 8 2.000000 67.000000 123.000000 a 393.996185 327.990845 344.570740 120.540451 356.709961 285.476807 251.435883 74.732857 68.622154 163.232956 210.152328 55.326305 425.361023 305.655029 361.337799 
300.000000 8 1.000000 329.000000 127.000000 a 195.010254 379.191254 131.061050 258.955597 138.397980 33.301651 286.006989 189.380569 198.708328 134.970367 327.035156 317.006317 166.397110 197.294189 106.023582 
300.000000 12 1.000000 257.000000 446.000000 a 218.082550 133.000000 242.689102 261.451721 458.864899 308.661621 132.382019 328.539185 366.946869 253.842468 214.226517 400.641998 426.854767 130.919830 321.403168 
300.000000 9 3.000000 36.000000 346.000000 a 385.752502 133.206604 368.680084 121.803123 498.453613 369.947296 123.490891 231.657074 263.136841 232.010773 41.109608 218.323151 522.564819 264.092773 426.141998 
300.000000 1 2.000000 261.000000 499.000000 a 254.096436 146.894516 286.665314 307.092834 508.127930 358.481506 174.837067 379.790741 418.383789 306.778412 249.303024 445.983185 470.106384 181.033142 365.820984 
300.000000 10 1.000000 194.000000 50.000000 a 336.340607 402.139282 275.072723 213.784943 215.378738 187.224457 308.988678 104.100914 80.280754 147.231110 307.001617 198.406143 299.549652 291.563019 261.237427 
300.000000 1 1.000000 195.000000 309.000000 a 224.180725 154.304886 205.866455 120.673111 364.321289 221.325546 60.000000 178.675690 217.331543 114.424644 122.376465 256.688538 368.803467 104.809349 267.710663 
300.000000 12 3.000000 467.000000 113.000000 a 193.062164 478.056488 151.092682 392.135193 117.991524 122.380554 392.937653 328.032013 335.214844 267.217133 449.515289 455.281219 33.941124 268.151062 72.422371 
300.000000 10 3.000000 265.000000 437.000000 a 206.118896 141.286942 230.783447 259.557312 447.778961 297.692780 132.800598 323.154755 361.365479 246.546143 216.601013 398.588776 414.945770 119.920807 309.556122 
300.000000 8 3.000000 49.000000 122.000000 a 410.589813 332.567291 361.831451 127.015747 373.562592 303.486420 259.470612 92.574295 85.615417 179.922211 212.595856 37.656342 443.230194 320.156219 379.309906 
300.000000 8 2.000000 290.000000 281.000000 a 130.391724 234.053406 106.976631 198.285141 292.945374 142.695480 151.449661 206.552658 239.507828 114.690887 221.199005 316.840668 277.965820 41.976185 173.510803 
300.000000 9 2.000000 8.000000 110.000000 a 452.792450 355.460266 404.491028 156.984070 409.887787 345.561859 289.499573 135.148071 124.326187 222.308350 232.847595 19.416489 483.456299 360.034729 421.583923 
300.000000 6 1.000000 70.000000 154.000000 a 378.308075 296.951172 332.146057 89.844307 364.773895 281.007111 221.652878 71.589104 81.565926 149.040268 179.069824 63.158531 425.988251 284.015839 355.456055 
300.000000 6 4.000000 307.000000 136.000000 a 198.595062 359.984711 135.417877 235.238174 158.672623 46.818798 265.979309 167.026947 178.465683 111.516815 304.356689 295.083038 189.907867 186.171967 123.369362 
300.000000 11 5.000000 53.000000 362.000000 a 371.214233 109.986366 357.393341 129.356094 497.100586 364.559998 106.117859 239.370010 272.693970 230.555847 36.400551 236.579803 516.113342 249.230820 417.712830 
300.000000 5 1.000000 386.000000 451.000000 a 154.563904 262.047699 208.038452 358.637695 439.455353 301.041534 245.692902 397.316010 432.453461 308.146057 332.633423 493.517975 376.920410 155.595627 281.712616 
300.000000 4 3.000000 365.000000 432.000000 a 142.618378 241.406296 190.646271 330.492065 421.996460 280.349792 219.228195 369.423889 404.783905 280.713379 306.432709 465.207489 365.410736 128.280945 266.833282 
300.000000 3 4.000000 335.000000 327.000000 a 88.232651 242.243683 100.404182 254.342285 322.902466 175.729904 178.538513 270.867126 303.784454 179.011169 260.069214 378.857483 284.569855 36.345562 179.234482 
300.000000 5 4.000000 286.000000 4.000000 a 324.507324 470.752594 260.647278 302.978546 120.266373 161.644669 375.150635 198.849182 182.002747 205.409348 390.847809 301.166077 221.923416 318.265625 218.048157 
300.000000 9 3.000000 108.000000 276.000000 a 311.924683 170.751282 283.924286 37.947330 398.120575 272.809448 95.718338 140.687592 176.638046 132.003784 65.863495 175.570496 426.213562 196.461197 333.624054 
300.000000 6 3.000000 144.000000 456.000000 a 316.166107 22.360680 325.399750 221.269073 515.538574 367.783905 100.129913 317.025238 355.202759 269.000000 141.031906 352.637207 505.072266 204.892654 399.520966 
300.000000 4 3.000000 157.000000 326.000000 a 263.286926 124.454811 247.341873 105.437187 400.745544 260.599304 31.064449 187.771133 226.384628 141.548584 82.298241 244.609894 409.542419 142.056320 309.095459 
300.000000 1 1.000000 343.000000 157.000000 a 161.941345 362.604462 98.005104 260.572449 158.094910 9.433981 271.764618 203.796463 218.304840 135.723984 320.624390 332.182190 162.874191 170.765915 83.360664 
300.000000 9 5.000000 36.000000 37.000000 a 464.605194 418.359894 409.575378 211.681366 370.843628 335.335663 342.825043 145.670868 115.377640 237.928558 298.558197 95.078911 457.961792 387.806641 411.759644 
300.000000 8 5.000000 440.000000 267.000000 a 39.115215 363.176270 55.461697 345.057953 257.256683 145.416641 295.061005 326.165588 349.885681 237.844482 370.919128 449.697662 185.162094 151.347290 96.176918 
300.000000 10 1.000000 270.000000 350.000000 a 157.165512 174.734085 160.776245 205.854324 364.335022 213.927551 111.220505 247.832611 284.684021 164.210236 195.739624 339.713104 341.997070 40.311287 236.027542 
300.000000 5 3.000000 68.000000 95.000000 a 406.480011 355.439178 354.383972 147.678711 348.041656 288.683228 277.353577 84.380089 64.280632 176.708801 238.102921 65.513359 423.042542 323.867249 365.209534 
300.000000 5 2.000000 34.000000 137.000000 a 418.083710 321.840027 371.445831 120.220627 392.439819 317.354706 253.031616 106.018867 104.403069 188.472809 200.242355 23.409399 459.513885 323.187256 392.563385 
300.000000 11 1.000000 180.000000 270.000000 a 240.875488 184.694336 211.728607 89.196411 342.986877 207.761887 89.498604 136.970795 175.684372 81.024689 122.449989 219.328522 359.836060 129.865311 263.873077 
300.000000 9 1.000000 437.000000 362.000000 a 64.560051 324.075623 127.945297 362.167084 351.370178 226.927307 278.044952 371.400055 401.429932 278.804596 363.159760 484.679260 278.289429 143.680206 190.378571 
300.000000 11 2.000000 31.000000 332.000000 a 389.317352 147.122391 369.867554 112.645462 492.975647 367.151184 130.418564 221.652878 252.115051 227.200348 44.011364 203.887222 520.239380 268.186493 425.248169 
300.000000 7 1.000000 137.000000 455.000000 a 321.790314 15.811388 330.080292 218.874390 518.276001 370.951477 100.439034 316.014252 354.035309 269.920349 136.850281 349.143250 509.187592 209.602005 403.773438 
Type de surveillance de chaque endroit(target):tab[nombre de target]
a a a a a a a a a a a a a a a 