Nombre des capteurs:
40
Nombre des targets:
30
Nombre de type de surveillance:
1

Caracteristiques:
300.000000 7 1.000000 24.000000 98.000000 a 147.851273 284.838562 396.729126 164.906036 476.765137 49.010204 44.911022 436.354218 346.394287 175.570496 395.345428 192.626587 547.563721 492.001007 76.694199 142.688477 348.574249 398.548615 427.852783 36.359318 258.048431 218.009171 299.292511 330.928986 306.184570 304.041107 374.040100 394.457855 410.581299 484.232391 
300.000000 7 4.000000 147.000000 45.000000 a 111.758667 292.104431 286.503052 87.658424 373.846222 91.607857 114.354713 310.001617 219.009125 49.244289 453.118073 61.131008 509.273987 441.249359 134.238586 127.003937 425.734650 273.117188 314.350128 116.824654 336.310883 296.786133 168.315186 308.292084 284.339600 274.308228 361.773407 458.938995 286.504791 435.000000 
300.000000 11 1.000000 15.000000 288.000000 a 196.084167 173.487747 432.001160 238.346390 487.165283 197.699265 234.691284 504.876221 428.049072 325.779053 209.554291 313.461334 447.983246 415.740295 143.265488 174.977142 158.382446 468.241394 465.472870 175.616058 68.117546 30.083218 398.869659 246.148331 228.372498 238.209991 264.077637 205.912598 475.184174 406.784943 
300.000000 11 5.000000 351.000000 251.000000 a 213.321350 188.724670 134.461884 208.038452 154.029221 316.840668 374.076202 232.561813 208.540161 307.247467 371.827911 254.064957 233.383804 157.496033 293.462097 219.695236 398.037689 209.678329 160.860184 324.918457 348.208282 331.436279 229.995651 124.739731 125.399361 108.687622 165.855362 391.081818 206.021851 153.013077 
300.000000 1 2.000000 108.000000 84.000000 a 88.814415 261.681091 315.153931 88.102211 398.096710 38.078865 80.777473 351.284790 261.237427 103.406960 409.059906 108.853111 500.545715 437.699677 80.956779 95.854057 376.643066 313.536285 345.441742 62.433964 286.190491 246.065033 214.560013 290.175812 265.324341 258.497589 340.332184 413.145264 325.743774 430.675049 
300.000000 2 4.000000 204.000000 116.000000 a 59.464275 220.102249 215.837906 18.384777 297.107727 132.098450 181.892822 263.045624 177.687927 118.680244 399.241791 75.106590 418.819763 350.218506 137.266159 80.622574 385.875641 225.000000 247.163910 149.003357 303.026398 267.738678 143.401535 223.378601 200.631500 188.480774 278.485199 409.019562 235.280685 344.013092 
300.000000 4 5.000000 11.000000 76.000000 a 169.118301 310.357849 412.243866 182.167511 494.095123 66.128662 31.112698 447.146515 356.530518 176.283859 418.761261 200.084976 572.147705 515.713074 102.004898 165.653259 370.066223 409.646179 442.720001 60.141499 280.114258 240.468292 307.429657 355.759766 330.953156 328.402191 399.340698 417.228943 422.232178 508.033478 
300.000000 10 2.000000 289.000000 199.000000 a 135.977936 173.046234 144.899963 127.200630 203.246155 238.025208 294.212494 228.580399 173.968384 229.636673 366.807861 177.552811 305.011475 233.257370 220.045456 145.526627 377.139221 196.155548 178.101089 247.951614 312.328339 287.850647 176.776703 137.767914 123.308556 105.342300 192.353836 382.576782 198.758652 227.589539 
300.000000 12 3.000000 431.000000 12.000000 a 306.882721 407.835754 123.583977 268.061554 187.216446 368.419586 400.209930 41.231056 72.013885 260.192230 601.612000 224.877747 461.069397 382.256470 386.249908 326.840942 608.839050 42.449970 114.756264 390.385712 536.730835 506.400024 117.613777 365.126007 355.418060 336.867920 414.382660 617.206604 50.039986 381.693604 
300.000000 6 3.000000 244.000000 359.000000 a 219.692963 66.483078 284.255157 242.785919 300.672577 311.192871 370.871948 380.255188 338.732941 364.387146 220.800812 320.031250 212.219223 176.504959 264.660156 211.123184 255.282196 353.004242 312.417999 307.058624 225.020004 222.200363 342.235291 29.068884 46.043457 61.660358 33.541019 241.018677 352.036926 167.487320 
300.000000 10 5.000000 227.000000 399.000000 a 252.067444 78.236816 326.435303 278.883484 338.119812 337.218018 395.804230 422.995270 382.174042 400.930176 184.564346 358.503845 209.504181 190.065781 286.844910 241.018677 227.899094 396.188080 353.909607 330.315002 212.398209 217.462646 384.959747 72.498276 87.298340 104.292854 33.526108 206.167404 394.974670 181.099426 
300.000000 10 4.000000 82.000000 91.000000 a 101.533249 263.696808 339.860260 109.767937 421.549530 12.041595 61.400326 377.933868 288.027771 125.865005 400.281158 135.558105 512.059570 451.701233 66.610809 103.232750 363.468018 340.129395 370.563080 37.483330 272.385742 231.864182 241.480850 298.645264 273.649414 268.495819 346.602081 402.892059 352.195953 444.387207 
300.000000 1 5.000000 249.000000 365.000000 a 227.160736 73.409805 286.006989 249.815933 300.041656 318.954529 378.651550 382.498352 342.597443 371.285614 221.359436 326.583832 204.792572 170.484604 272.470184 218.764709 258.042633 355.787872 313.694122 314.865051 230.176025 228.319946 347.139740 32.984844 52.469040 67.119293 26.000000 242.002060 354.492584 161.446579 
300.000000 10 1.000000 135.000000 449.000000 a 294.064606 123.308556 423.381622 330.121185 441.643524 355.449005 407.957092 517.406006 467.115631 448.447327 79.924965 414.479187 288.998260 287.313416 298.509644 277.218323 131.034348 487.894470 452.583679 341.502563 148.677505 171.959305 461.157227 168.344879 173.046234 191.637680 137.753403 101.552940 488.439362 278.684418 
300.000000 3 1.000000 468.000000 448.000000 a 424.414886 307.514221 316.812256 429.634735 260.109589 527.092041 586.908020 404.149719 417.646973 535.840454 403.298889 482.958588 51.478149 74.276512 490.617981 424.099060 464.004303 397.905762 323.447052 529.273071 458.328491 461.289490 451.100861 240.303970 263.250824 262.154541 217.168137 427.271576 387.583527 81.394104 
300.000000 12 4.000000 224.000000 116.000000 a 75.471848 222.991028 195.923462 37.656342 277.764282 151.953934 200.810852 243.870865 159.665268 125.717941 406.539063 76.687675 408.717499 338.427246 156.467255 96.020828 396.610626 205.876175 227.178345 169.002960 315.634277 281.432037 128.701202 219.494873 197.820633 184.295959 275.234436 417.297241 215.863388 332.543243 
300.000000 5 1.000000 432.000000 104.000000 a 276.925995 340.383606 33.615471 245.735626 104.043259 359.034821 402.120636 65.000000 89.872131 280.223114 531.971802 232.690781 369.109741 290.387665 362.891174 293.972778 547.857666 52.392746 28.319605 377.224060 483.810913 458.017456 142.562271 288.211731 282.455292 263.964020 333.397675 549.422424 42.011902 289.994843 
300.000000 11 4.000000 280.000000 131.000000 a 122.576508 226.318359 139.057541 93.343452 219.790817 209.458832 258.723785 197.225754 123.044708 168.884583 418.292969 115.256233 370.692596 296.543427 208.626465 140.132080 418.809021 160.262283 171.105225 225.435135 344.595428 314.230804 112.271988 203.305191 185.924713 169.168549 258.853241 431.844879 167.839203 291.595612 
300.000000 8 4.000000 389.000000 446.000000 a 369.514557 234.882950 312.443604 380.963257 276.871826 469.323975 529.528076 407.710693 403.655792 494.631165 325.129211 443.605682 43.416588 59.059292 428.225403 366.230804 385.000000 394.220764 326.932709 468.825134 380.788666 385.576202 428.612885 173.761337 198.237228 200.997513 141.947174 349.044403 386.512604 56.302753 
300.000000 12 3.000000 96.000000 474.000000 a 324.376312 163.453354 468.241394 362.604462 487.894470 375.704681 424.698730 561.445435 508.587250 477.921539 33.615471 447.250488 327.001526 330.818695 317.833282 306.111084 96.166519 531.241028 497.821259 359.346619 140.900681 172.812042 500.023987 214.014023 217.340744 235.849533 183.831451 55.973209 532.271545 322.342987 
300.000000 9 4.000000 22.000000 454.000000 a 328.402191 199.401611 509.283813 369.845917 539.559998 358.644684 400.151215 597.766663 535.963623 475.925415 58.258045 452.951447 401.449860 399.530975 301.346985 308.058441 19.697716 564.982300 540.631104 338.611877 98.045906 138.057953 519.773010 264.321777 261.306335 278.741821 245.751907 43.416588 567.965698 390.790222 
300.000000 5 5.000000 377.000000 229.000000 a 228.949783 221.948196 102.956299 217.568375 121.757957 330.629700 385.954651 201.556442 186.324982 306.537109 405.886688 252.794388 248.298203 169.779266 312.409973 237.928558 431.529846 181.176712 127.640121 340.922272 379.859192 361.621338 214.462112 158.795471 159.000000 141.904892 198.806442 425.117645 176.139145 166.904160 
300.000000 12 4.000000 297.000000 296.000000 a 195.880066 121.433105 202.002472 205.009750 222.427521 298.303528 358.134064 298.502930 262.240356 319.862457 301.537720 270.085175 217.267120 154.932236 263.622833 195.389359 329.164093 272.356384 230.123886 301.006653 284.401123 271.737000 272.530731 54.488529 57.567352 44.045429 100.463921 320.830170 270.651062 147.410995 
300.000000 12 2.000000 0.000000 223.000000 a 173.461807 213.700729 428.141327 212.058960 493.173401 143.892319 172.191757 490.805450 407.867615 279.431580 276.248077 276.383789 491.354248 450.699463 98.412399 154.651215 223.035873 453.100433 461.524658 119.419426 134.350296 96.566040 371.748566 279.551422 258.193726 263.882538 307.631287 272.415131 461.963196 442.000000 
300.000000 2 1.000000 32.000000 120.000000 a 132.966156 262.154541 387.290588 155.029022 465.146210 46.065170 66.007576 431.741821 342.760864 182.332108 372.647278 192.917084 526.773193 472.547363 55.226807 125.299644 327.200256 393.742310 419.029846 23.194826 236.357773 196.091812 297.892609 309.828979 285.217468 283.769287 351.980103 372.162598 405.172791 464.655792 
300.000000 2 5.000000 308.000000 62.000000 a 175.328262 300.674255 132.853302 135.506454 223.573257 237.894928 275.116333 150.083313 61.032780 149.562698 492.058929 102.181213 426.785675 349.435272 253.475830 195.816238 489.767303 112.361023 156.262604 258.909241 412.258423 379.526031 38.470768 275.757141 259.532257 242.324158 330.650879 505.098999 125.000000 345.775940 
300.000000 7 3.000000 446.000000 362.000000 a 352.465607 265.377075 228.600082 352.423035 179.011169 456.396759 515.201904 318.190186 328.878387 453.017670 400.352356 399.606049 113.357841 43.185646 425.621887 355.105621 449.911102 310.091919 237.052734 461.417389 427.042145 422.511536 362.860840 191.211929 209.802292 203.334702 188.939148 423.448944 300.281525 49.040798 
300.000000 10 1.000000 167.000000 139.000000 a 18.384777 196.573135 252.031738 25.612497 328.823669 102.156746 158.685226 305.163879 220.945694 137.058380 365.928955 106.230881 420.822998 357.106415 95.707886 39.115215 347.588837 267.217133 284.344849 114.140266 262.665192 226.296265 186.638687 213.859772 189.475586 180.767807 266.390686 374.145691 276.920563 350.138550 
300.000000 5 5.000000 256.000000 436.000000 a 296.000000 125.207825 342.301025 320.515198 341.621124 383.481415 442.326813 440.528107 408.104156 442.245392 196.840042 397.905762 171.049698 166.388107 333.661499 286.000000 252.198334 416.635345 367.077637 377.043762 250.137955 259.422424 416.062500 103.004852 123.794182 138.032608 47.095646 220.238510 413.769257 157.965179 
300.000000 8 4.000000 194.000000 170.000000 a 36.769554 165.435791 227.705948 47.518417 298.605103 140.292557 198.436386 291.624756 213.805984 169.567093 345.210083 129.757462 379.802582 316.077515 121.696342 48.041649 335.076111 254.489685 260.909943 148.761551 255.384018 222.575836 188.986771 174.751251 150.840973 140.943253 228.442551 355.647308 262.268951 309.071198 
300.000000 6 3.000000 243.000000 300.000000 a 166.207703 70.327805 241.248840 185.647522 272.620605 263.250824 323.443970 333.664490 284.917542 306.574615 259.724854 261.354156 249.657761 197.767548 222.146347 160.601990 280.066071 303.871674 271.825317 262.360443 230.893921 217.589066 284.985962 35.846897 13.038404 10.198039 90.426765 277.243561 304.539001 189.404327 
300.000000 5 3.000000 357.000000 160.000000 a 197.040604 247.487381 66.850578 173.979889 138.079681 290.477203 340.898804 153.153519 117.345642 244.049179 440.069305 190.688232 319.882782 241.569870 284.015839 211.340958 454.318176 124.169243 100.304535 305.045898 390.717285 365.919403 142.635895 199.822418 191.400101 172.800461 249.088333 456.968262 124.016129 238.516251 
300.000000 2 3.000000 48.000000 487.000000 a 349.435272 202.632675 511.414703 389.637024 534.733582 388.804565 433.259735 602.934509 546.131836 500.353882 19.416489 473.831207 375.261230 380.539093 330.945618 329.892395 60.141499 571.611755 541.713013 370.066223 134.171539 172.409393 533.970947 259.609314 260.599304 278.829712 232.647797 7.071068 573.454468 372.069885 
300.000000 10 5.000000 107.000000 441.000000 a 289.886169 129.849915 437.012573 327.908539 460.140198 343.685913 394.011414 529.253235 474.852600 443.640625 64.031242 412.554230 317.616119 313.542664 286.027985 271.812439 103.121284 498.510773 467.110260 328.146301 122.347862 148.949661 465.551300 184.835068 186.034943 204.364868 160.648682 81.835197 499.916992 304.803223 
300.000000 7 4.000000 414.000000 200.000000 a 257.782867 268.419434 65.192024 239.703979 78.771820 355.643066 408.015930 161.817795 164.173691 313.453339 452.868622 260.224915 273.148315 194.023193 343.700439 269.458710 478.138062 147.122391 83.630135 368.469818 424.689301 404.969147 202.425293 205.761993 205.798447 188.480774 244.429947 472.128174 139.301834 193.093246 
300.000000 10 2.000000 188.000000 110.000000 a 53.851646 225.079987 232.348877 13.038404 314.097107 115.524887 164.805954 276.978333 190.192001 109.329773 399.752411 71.840103 432.428040 364.824615 124.233650 74.886581 383.082245 238.899567 263.427399 133.184082 298.457703 262.068695 152.551636 233.430939 210.059509 198.919586 287.892334 408.593933 249.657761 358.453613 
300.000000 3 4.000000 268.000000 274.000000 a 159.962494 105.437187 205.236450 171.353439 239.585052 262.011444 321.908386 297.692780 250.928284 288.778473 295.787079 240.601334 252.241943 191.313873 227.407120 159.022018 315.087280 268.225647 235.987289 264.609131 262.154541 245.617584 254.196777 60.016663 46.872166 28.301943 115.351639 313.287415 268.642883 183.741669 
300.000000 6 2.000000 412.000000 83.000000 a 262.360443 341.180298 52.469040 228.527893 132.800598 339.377380 380.107880 59.548298 60.959003 254.247910 534.311707 208.278656 390.155090 311.040192 346.982697 280.494202 546.107117 31.048349 57.314919 358.615387 478.516449 450.871368 114.389687 294.151337 286.006989 267.406067 342.118408 550.855713 29.698484 310.025818 
300.000000 5 4.000000 378.000000 392.000000 a 321.278687 204.120056 260.249878 329.912109 232.819672 422.934998 482.979309 356.854309 349.206238 441.530304 326.377075 390.001282 92.660675 39.051247 385.032471 319.724884 377.878296 341.591858 276.799561 424.209839 360.800507 360.111084 373.523773 134.617981 157.279999 156.400131 119.037811 349.606934 334.551941 30.016663 
300.000000 10 2.000000 219.000000 202.000000 a 74.813103 138.050720 210.924164 85.234970 273.309357 178.675690 237.697281 285.671143 216.540985 205.679367 326.534851 161.375336 339.200531 275.804291 152.777618 78.924011 325.209167 250.203918 244.444275 184.718704 252.420288 224.153961 201.764709 136.400146 113.357841 101.843018 191.230225 339.228546 255.726410 268.704285 
Type de surveillance de chaque endroit(target):tab[nombre de target]
a a a a a a a a a a a a a a a a a a a a a a a a a a a a a a 
Matrix of neighbour
1 0 1 0 0 1 0 1 0 0 0 1 0 0 0 1 0 0 0 0 0 0 0 1 1 0 0 1 0 1 1 0 0 0 0 1 0 0 0 1  
1 1 1 1 1 1 1 1 0 0 0 1 0 0 0 1 0 1 0 0 0 1 1 1 1 0 0 1 0 1 1 1 0 0 0 1 1 0 0 1  
0 0 1 0 0 0 0 0 0 0 1 0 0 1 0 0 0 0 0 1 1 0 0 0 0 0 0 0 0 0 0 0 1 1 0 0 0 0 0 0  
0 0 0 1 0 0 0 1 0 1 1 0 1 1 0 0 0 0 0 0 0 0 1 0 0 0 0 1 1 1 1 0 0 0 0 0 1 0 1 1  
1 0 1 1 1 1 0 1 0 0 0 1 0 0 0 1 0 0 0 0 0 0 1 1 1 0 0 1 0 1 1 0 0 0 0 1 1 0 0 1  
0 0 1 1 0 1 0 1 0 1 1 0 1 0 0 0 0 0 0 0 0 0 1 1 1 0 0 1 0 1 1 0 0 0 0 0 1 0 0 1  
1 0 1 0 1 1 1 0 0 0 0 1 0 0 0 1 0 1 0 0 0 0 0 1 1 0 0 1 0 1 0 0 0 0 0 1 0 0 0 1  
0 0 1 0 0 0 0 1 0 1 1 0 1 1 0 0 0 0 0 0 0 0 1 1 0 0 0 1 1 1 1 0 0 0 0 0 1 0 0 1  
0 1 0 1 0 1 0 1 1 0 0 0 0 0 0 1 1 1 0 0 0 1 0 0 0 1 0 1 0 1 0 1 0 0 1 1 0 1 0 1  
0 0 1 0 0 0 0 0 0 1 1 0 0 1 0 0 0 0 0 1 1 0 0 0 0 0 0 0 0 0 0 0 1 1 0 0 0 0 0 0  
0 0 0 0 0 0 0 0 0 0 1 0 0 1 0 0 0 0 0 1 1 0 0 0 0 0 0 0 0 0 0 0 1 1 0 0 0 0 0 0  
0 0 1 0 0 1 0 1 0 0 0 1 0 0 0 0 0 0 0 0 0 0 1 1 1 0 0 1 0 1 1 0 0 0 0 1 1 0 0 1  
0 0 1 0 0 0 0 0 0 1 1 0 1 1 0 0 0 0 0 1 1 0 0 0 0 0 0 0 0 0 0 0 1 1 0 0 0 0 0 0  
0 0 0 0 0 0 0 0 0 0 0 0 0 1 0 0 0 0 0 0 0 0 0 0 0 0 0 0 0 0 0 0 0 1 0 0 0 0 0 0  
0 0 0 1 0 0 0 0 0 1 1 0 1 0 1 0 0 0 1 0 0 1 1 0 0 0 1 0 1 0 1 0 0 0 0 0 1 0 1 0  
0 0 1 1 0 1 0 1 0 1 1 1 1 0 0 1 0 0 0 0 0 0 1 1 1 0 0 1 0 1 1 0 0 0 0 1 1 0 0 1  
0 1 0 1 0 1 0 1 0 0 0 0 0 0 0 1 1 1 0 0 0 1 1 0 0 1 1 1 0 1 1 1 0 0 1 1 1 1 1 1  
1 0 0 1 1 1 0 1 0 1 1 1 1 0 0 1 0 1 0 0 0 0 1 1 1 0 0 1 0 1 1 0 0 0 0 1 1 0 1 1  
0 0 0 1 0 0 0 1 0 1 1 0 1 1 0 0 0 0 1 1 0 0 1 0 0 0 0 0 1 0 1 0 0 1 0 0 1 0 1 1  
0 0 0 0 0 0 0 0 0 0 0 0 0 1 0 0 0 0 0 1 0 0 0 0 0 0 0 0 0 0 0 0 0 1 0 0 0 0 0 0  
0 0 0 0 0 0 0 0 0 0 0 0 0 1 0 0 0 0 0 1 1 0 0 0 0 0 0 0 0 0 0 0 0 1 0 0 0 0 0 0  
0 0 0 1 0 1 0 1 0 1 1 0 1 0 0 1 0 1 1 0 0 1 1 0 0 0 0 1 1 1 1 0 0 0 0 1 1 0 1 1  
0 0 1 0 0 0 0 0 0 1 1 0 1 1 0 0 0 0 0 1 0 0 1 0 0 0 0 0 1 0 1 0 0 1 0 0 1 0 0 0  
0 0 1 0 0 0 0 0 0 1 1 0 1 1 0 0 0 0 0 1 1 0 0 1 0 0 0 0 0 0 1 0 1 1 0 0 0 0 0 0  
0 0 1 0 0 0 0 1 0 0 0 0 0 0 0 0 0 0 0 0 0 0 0 1 1 0 0 1 0 1 1 0 0 0 0 0 1 0 0 1  
1 1 0 1 1 1 1 1 0 0 0 1 0 0 0 1 0 1 0 0 0 1 1 0 1 1 0 1 0 1 1 1 0 0 1 1 1 0 0 1  
0 0 0 1 0 0 0 1 0 1 1 0 1 0 0 0 0 1 1 0 0 1 1 0 0 0 1 0 1 0 1 0 0 0 0 0 1 0 1 1  
0 0 1 0 0 0 0 0 0 1 1 0 1 0 0 0 0 0 0 0 0 0 1 1 0 0 0 1 0 1 1 0 0 0 0 0 1 0 0 1  
0 0 1 0 0 0 0 0 0 1 1 0 1 1 0 0 0 0 0 1 1 0 0 0 0 0 0 0 1 0 0 0 1 1 0 0 0 0 0 0  
0 0 1 0 0 0 0 0 0 1 1 0 1 1 0 0 0 0 0 0 0 0 1 1 0 0 0 0 1 1 1 0 0 1 0 0 1 0 0 1  
0 0 1 0 0 0 0 0 0 1 1 0 1 1 0 0 0 0 0 1 1 0 0 0 0 0 0 0 1 0 1 0 1 1 0 0 0 0 0 0  
0 0 0 1 1 1 0 1 0 1 1 1 1 0 0 1 0 1 1 0 0 1 1 0 0 0 1 1 1 1 1 1 0 0 0 1 1 0 1 1  
0 0 0 0 0 0 0 0 0 0 0 0 0 1 0 0 0 0 0 1 1 0 0 0 0 0 0 0 0 0 0 0 1 1 0 0 0 0 0 0  
0 0 0 0 0 0 0 0 0 0 0 0 0 0 0 0 0 0 0 0 0 0 0 0 0 0 0 0 0 0 0 0 0 1 0 0 0 0 0 0  
0 0 0 1 0 1 0 1 0 1 1 0 1 0 1 1 0 1 1 0 0 1 1 0 0 0 1 1 1 1 1 1 0 0 1 1 1 0 1 1  
0 0 1 1 0 1 0 1 0 1 1 0 1 0 0 0 0 0 0 0 0 0 1 1 1 0 0 1 0 1 1 0 0 0 0 1 1 0 0 1  
0 0 1 0 0 0 0 0 0 1 1 0 1 1 0 0 0 0 0 1 0 0 0 1 0 0 0 0 1 0 1 0 0 1 0 0 1 0 0 0  
0 1 0 1 0 1 0 1 0 0 0 0 0 0 0 1 0 1 0 0 0 1 1 0 0 1 1 1 0 1 1 1 0 0 1 1 1 1 0 1  
0 0 0 0 0 0 0 1 0 1 1 0 1 1 0 0 0 0 0 1 0 0 1 0 0 0 0 0 1 1 1 0 0 1 0 0 1 0 1 1  
0 0 1 0 0 0 0 0 0 1 1 0 1 1 0 0 0 0 0 1 0 0 1 1 0 0 0 0 1 0 1 0 0 1 0 0 1 0 0 1  
Connect directly to BS 
0 0 1 1 0 0 0 1 0 1 1 0 1 1 0 0 0 0 1 1 1 0 1 1 1 0 0 1 1 1 1 0 1 1 0 0 1 0 1 1 
Cordinaates of sensors 
1 24.000000 98.000000
2 147.000000 45.000000
3 15.000000 288.000000
4 351.000000 251.000000
5 108.000000 84.000000
6 204.000000 116.000000
7 11.000000 76.000000
8 289.000000 199.000000
9 431.000000 12.000000
10 244.000000 359.000000
11 227.000000 399.000000
12 82.000000 91.000000
13 249.000000 365.000000
14 135.000000 449.000000
15 468.000000 448.000000
16 224.000000 116.000000
17 432.000000 104.000000
18 280.000000 131.000000
19 389.000000 446.000000
20 96.000000 474.000000
21 22.000000 454.000000
22 377.000000 229.000000
23 297.000000 296.000000
24 0.000000 223.000000
25 32.000000 120.000000
26 308.000000 62.000000
27 446.000000 362.000000
28 167.000000 139.000000
29 256.000000 436.000000
30 194.000000 170.000000
31 243.000000 300.000000
32 357.000000 160.000000
33 48.000000 487.000000
34 107.000000 441.000000
35 414.000000 200.000000
36 188.000000 110.000000
37 268.000000 274.000000
38 412.000000 83.000000
39 378.000000 392.000000
40 219.000000 202.000000
