Nombre des capteurs:
40
Nombre des targets:
15
Nombre de type de surveillance:
1

Caracteristiques:
300.000000 8 3.000000 29.000000 336.000000 a 415.985565 208.614471 448.091522 127.632286 184.000000 433.626556 115.974136 118.966385 261.191498 243.821655 205.039017 431.223846 216.566391 431.045227 175.641678 
300.000000 3 1.000000 59.000000 372.000000 a 375.712646 185.440018 436.176575 154.434448 222.036026 428.042053 128.444534 144.682404 297.672638 199.602112 201.734970 420.601959 185.270081 441.075958 128.817703 
300.000000 11 3.000000 103.000000 294.000000 a 368.048920 136.499084 363.881836 78.447433 160.124954 348.539825 40.024994 68.622154 228.160034 217.800369 119.954155 346.701599 156.540726 352.022736 178.263855 
300.000000 3 5.000000 20.000000 361.000000 a 416.213898 220.839310 466.274597 154.155762 209.193695 454.209198 140.356689 145.413208 286.630432 239.259277 225.763153 449.911102 224.002228 455.940796 164.657227 
300.000000 1 1.000000 108.000000 246.000000 a 391.255676 148.717850 345.162292 38.897301 122.788437 322.622070 9.848858 31.906113 184.396317 255.264572 100.498756 326.718536 178.751221 311.295685 224.243164 
300.000000 5 2.000000 483.000000 182.000000 a 311.081970 282.063812 41.785164 404.694946 454.990112 99.639351 378.113739 404.738190 456.711060 379.205750 280.251678 61.983868 299.200592 243.244736 441.354736 
300.000000 10 2.000000 452.000000 127.000000 a 360.702087 288.918671 40.792156 383.207520 423.738129 47.518417 363.296021 384.766174 416.260742 404.728302 267.239594 45.607018 313.829559 183.221176 457.423218 
300.000000 8 1.000000 309.000000 322.000000 a 196.367004 72.027771 205.548050 251.097595 327.566772 223.651520 208.081711 246.237686 365.935791 164.137131 132.653687 196.229462 76.321686 312.006409 218.160492 
300.000000 12 1.000000 6.000000 382.000000 a 423.954010 239.175674 487.923157 179.011169 231.147141 477.331116 165.423691 170.393661 308.768524 243.680115 249.238846 471.895111 238.838852 481.049896 163.783386 
300.000000 11 4.000000 490.000000 378.000000 a 130.357208 259.563080 215.956009 439.751068 513.416992 271.641296 397.508484 435.295288 543.332336 271.359528 315.734070 224.902206 246.519775 409.224884 355.326599 
300.000000 10 3.000000 466.000000 236.000000 a 254.756744 243.920074 72.422371 386.374176 445.000000 131.061050 354.509521 385.063629 456.344177 328.097534 258.000000 84.219948 255.264572 274.045624 394.665680 
300.000000 2 5.000000 220.000000 229.000000 a 323.817841 92.574295 232.422028 140.356689 205.936890 214.723083 111.085556 139.000000 237.648895 239.409683 13.892444 214.410828 135.148071 237.153961 249.238846 
300.000000 2 2.000000 385.000000 70.000000 a 417.228943 290.523651 113.534134 339.449554 365.321777 53.851646 329.778717 343.069977 346.036133 425.681793 242.662323 100.846420 324.260712 95.268044 463.389679 
300.000000 1 3.000000 330.000000 395.000000 a 125.896782 119.473846 254.911743 305.738464 386.846222 285.043854 259.083008 299.260742 432.528625 120.602654 200.412079 250.319794 92.114059 385.468536 197.585419 
300.000000 8 2.000000 73.000000 258.000000 a 412.698425 175.328262 381.997375 39.623226 114.769333 359.538605 39.115215 30.083218 186.131668 264.614807 136.780853 363.628937 200.142456 343.726624 221.382019 
300.000000 8 4.000000 226.000000 53.000000 a 473.254700 267.226501 246.008133 221.070129 220.476761 191.128235 231.948273 228.037277 188.289673 415.077087 183.883118 226.503860 309.523834 95.257545 421.658630 
300.000000 1 4.000000 445.000000 31.000000 a 455.860718 356.068817 136.003677 410.571564 433.240112 97.575615 401.329041 414.366974 408.377289 485.273132 313.359222 133.660019 387.249268 135.635544 528.674744 
300.000000 12 1.000000 491.000000 145.000000 a 348.936951 308.449341 51.894123 417.608673 462.053040 89.560036 394.640350 418.516418 457.388245 412.768707 297.270935 69.375786 328.782593 225.000000 471.920532 
300.000000 6 5.000000 89.000000 84.000000 a 518.833313 278.567780 364.573730 135.299667 90.686272 318.044037 172.539856 145.220520 50.803543 410.464386 193.041443 344.188904 318.290741 234.008545 387.218292 
300.000000 4 5.000000 81.000000 130.000000 a 489.522217 245.837341 364.880798 89.005615 56.462376 324.154297 128.786652 99.000000 69.202599 371.016174 165.423691 344.583801 283.536591 259.422424 343.211304 
300.000000 6 4.000000 278.000000 85.000000 a 424.407837 238.549789 185.148590 239.081573 257.856537 131.734589 237.604721 244.018448 239.209106 385.519135 166.436172 165.529449 279.078827 81.939003 404.163330 
300.000000 3 4.000000 26.000000 16.000000 a 611.376343 370.049988 444.437836 210.059509 136.033081 393.010193 254.001968 219.986359 60.415230 497.562042 285.524078 424.279388 408.949860 285.063141 466.691559 
300.000000 8 3.000000 295.000000 183.000000 a 326.638947 148.771637 149.856598 217.993118 267.800293 126.763557 196.654526 218.888092 277.848877 291.454956 101.872467 130.541183 186.123611 173.738312 320.713257 
300.000000 1 1.000000 394.000000 391.000000 a 97.744568 172.307861 229.512527 358.022339 436.286591 271.223145 313.081451 352.438660 475.269409 177.564072 242.117737 229.965210 152.777618 389.935883 259.383881 
300.000000 5 3.000000 276.000000 207.000000 a 312.605194 119.540787 172.696259 196.367004 253.049408 155.595627 170.880081 196.237106 271.280304 264.357727 73.925636 154.402069 158.268753 200.084976 290.688843 
300.000000 3 5.000000 417.000000 422.000000 a 64.000000 206.891281 256.425415 393.418365 472.698639 302.238312 347.726898 387.485474 513.120850 188.692871 279.780273 259.094574 183.109253 425.417450 274.710754 
300.000000 5 3.000000 253.000000 355.000000 a 209.897598 38.483765 268.001862 220.056808 302.299530 279.873199 172.861221 213.213501 352.414520 114.586212 127.224213 257.108917 11.401754 349.841400 154.896744 
300.000000 4 3.000000 25.000000 454.000000 a 393.303955 250.798721 507.868103 241.350372 302.026489 505.920929 217.186554 231.864182 379.258484 209.468369 284.627838 493.844116 237.539474 528.140137 121.696342 
300.000000 2 4.000000 232.000000 285.000000 a 273.177612 35.355339 242.627289 165.710587 242.689102 239.069031 123.693169 161.049683 285.217468 183.010925 54.561890 227.481873 77.929459 286.122345 201.295807 
300.000000 6 2.000000 223.000000 325.000000 a 252.105133 14.866069 271.670746 178.002808 259.932678 274.133179 131.228806 171.405945 310.412628 143.422455 90.255196 258.156921 42.544094 327.061157 161.533279 
300.000000 11 3.000000 428.000000 32.000000 a 454.133240 345.579224 135.944839 395.060760 416.654541 90.956032 386.762207 399.021301 391.369385 477.212738 300.026672 131.061050 377.830658 119.050407 518.410095 
300.000000 11 3.000000 134.000000 270.000000 a 356.012634 114.494545 326.663422 74.276512 157.952530 309.743439 26.627054 67.007462 216.910126 221.819748 81.437096 309.110016 143.401535 314.529816 197.365143 
300.000000 8 1.000000 270.000000 272.000000 a 259.624725 58.249462 203.226471 197.253647 269.222961 203.295349 158.911926 193.829819 303.595123 199.278702 71.693794 188.671677 93.680305 265.188599 231.086563 
300.000000 3 4.000000 430.000000 338.000000 a 148.569855 193.837555 171.572144 369.676880 442.037323 219.428802 328.653320 365.625488 471.221802 235.193542 244.311279 175.102829 187.541992 348.919769 311.924683 
300.000000 4 4.000000 29.000000 13.000000 a 611.778564 370.827454 442.652222 212.219223 139.000000 390.928375 255.837845 222.171112 62.801273 499.049103 285.954529 422.522186 409.909760 282.015961 468.833649 
300.000000 10 5.000000 327.000000 113.000000 a 383.704315 225.718857 128.860382 268.784302 300.541168 78.313469 257.660645 271.977936 290.496124 366.979553 171.143219 109.128365 262.469055 104.235313 397.588989 
300.000000 5 2.000000 194.000000 197.000000 a 365.034241 130.299652 251.793564 116.103401 171.026306 224.610779 100.439034 117.443604 197.253647 273.936127 41.436699 232.499466 172.409393 220.585587 274.233490 
300.000000 2 1.000000 194.000000 195.000000 a 366.619690 132.189255 251.563110 116.498924 170.511002 223.933029 101.607086 118.004234 196.022964 275.914856 43.324360 232.215424 174.324417 218.892670 276.202820 
300.000000 6 2.000000 383.000000 480.000000 a 34.525352 216.601013 318.888702 399.912476 482.597137 360.671600 352.230042 392.689453 531.376526 149.482437 300.268219 319.640411 182.332108 475.482910 237.356277 
300.000000 9 1.000000 2.000000 286.000000 a 460.678833 237.446838 457.739014 102.825096 136.693085 435.849731 114.284729 97.416634 214.219513 294.869476 211.981125 439.559998 253.653305 414.315094 231.294189 
Type de surveillance de chaque endroit(target):tab[nombre de target]
a a a a a a a a a a a a a a a 