Nombre des capteurs:
40
Nombre des targets:
15
Nombre de type de surveillance:
1

Caracteristiques:
300.000000 3 4.000000 55.000000 404.000000 a 153.394913 144.346802 261.747955 445.925995 281.780060 339.911743 200.803391 186.775269 429.962799 266.308105 75.432091 446.401154 451.735535 494.489624 289.006927 
300.000000 11 4.000000 17.000000 271.000000 a 216.695633 219.665649 214.114456 375.644775 200.601593 217.947235 311.873383 269.584869 393.676270 356.674927 192.210815 487.283295 445.360535 457.341217 365.395691 
300.000000 7 4.000000 199.000000 324.000000 a 53.460266 70.000000 125.602547 305.473389 175.385284 279.692688 174.545120 105.702415 270.296143 185.234985 236.224472 300.043335 287.111481 333.766388 182.879745 
300.000000 12 5.000000 151.000000 326.000000 a 75.006668 83.234612 143.178207 328.319977 177.910095 266.833282 188.281708 130.862518 306.307037 216.748703 198.035355 347.761414 331.549408 370.799133 221.415894 
300.000000 5 2.000000 128.000000 213.000000 a 181.603958 194.427368 91.923882 253.337723 79.812279 151.584961 301.264008 236.712906 269.432739 316.660706 277.308502 394.203003 328.440247 332.580811 310.517303 
300.000000 9 3.000000 299.000000 35.000000 a 354.419250 372.667419 183.371216 16.155495 167.657394 210.297409 464.569702 390.333191 123.842644 435.225220 517.556763 371.748566 224.877747 148.556381 405.287567 
300.000000 8 5.000000 223.000000 426.000000 a 51.865211 40.000000 226.035400 395.608398 279.807068 383.437073 69.871307 18.681541 340.000000 100.179840 218.160492 285.576599 327.397308 398.361633 119.603508 
300.000000 5 2.000000 122.000000 71.000000 a 317.320038 332.051208 161.400131 194.329620 96.260063 31.400637 438.543030 369.676880 266.732086 442.359589 408.240112 467.610962 356.624451 315.572510 427.889008 
300.000000 8 1.000000 58.000000 328.000000 a 155.900604 155.682373 205.681793 384.584198 214.114456 264.070068 242.621109 205.275421 382.660431 291.871552 143.961807 440.500854 419.318481 447.532135 304.558685 
300.000000 4 4.000000 252.000000 467.000000 a 101.074226 90.210861 269.031586 430.488098 325.751434 432.113403 33.286633 47.296936 365.297150 61.073727 244.032791 272.836945 339.200531 419.945221 94.556862 
300.000000 2 1.000000 486.000000 12.000000 a 460.027161 477.800171 326.547089 174.427643 338.415436 398.674042 544.787109 476.766205 153.639191 489.584503 657.179565 337.213593 186.429611 92.114059 449.679901 
300.000000 4 4.000000 150.000000 193.000000 a 192.333038 206.886444 69.354164 223.606796 50.774010 140.035706 313.464508 245.489304 242.441742 321.400055 305.063934 381.365967 306.014709 304.922943 311.269989 
300.000000 10 2.000000 21.000000 120.000000 a 316.660706 326.741486 213.550934 303.463348 158.858429 88.408142 431.270203 372.828369 362.049713 455.811371 343.246277 529.121887 441.589172 417.080322 451.846222 
300.000000 1 2.000000 74.000000 128.000000 a 281.824402 293.906433 161.891937 255.282196 105.323311 64.288414 400.361084 337.250641 309.006470 417.234955 341.439606 478.139099 388.005157 364.983551 409.785309 
300.000000 2 4.000000 97.000000 498.000000 a 162.855759 145.670868 322.006226 505.903168 357.077026 432.041656 137.032837 163.294220 469.233429 217.807251 95.634720 427.787323 469.132172 531.096985 252.239960 
300.000000 10 5.000000 465.000000 423.000000 a 263.053223 267.576172 332.031616 410.761475 396.828674 517.034790 241.960739 224.008926 308.112000 159.100601 458.747192 81.024689 227.178345 334.175110 123.911255 
300.000000 10 2.000000 205.000000 175.000000 a 202.002472 219.082184 28.653097 172.733902 37.536648 157.724442 321.311371 248.620193 184.621231 314.148041 348.931213 340.771179 251.876953 247.080963 296.543427 
300.000000 7 4.000000 376.000000 434.000000 a 179.301422 181.463501 281.788940 397.860535 346.780914 465.455688 154.547729 135.624481 308.079529 72.560318 369.140900 148.690948 251.085648 349.366577 34.234486 
300.000000 10 2.000000 151.000000 346.000000 a 63.134777 67.882248 161.058990 345.823669 197.716965 286.356415 170.557907 117.153748 319.724884 204.009796 184.764709 347.012970 339.889679 383.838501 212.002365 
300.000000 12 3.000000 445.000000 427.000000 a 244.174118 248.203552 320.320160 407.623596 385.425751 505.605591 221.686722 204.088211 307.319061 138.827225 438.480316 94.302704 231.261749 337.094940 103.585716 
300.000000 10 5.000000 143.000000 475.000000 a 116.503220 98.473343 285.308594 466.472931 326.773621 412.292358 93.171883 111.892807 423.557556 170.073517 135.532288 376.697479 419.297028 484.418213 202.410477 
300.000000 8 4.000000 441.000000 287.000000 a 251.644592 264.599701 238.438675 276.848328 297.430664 413.933563 293.450165 240.740524 171.128601 223.322632 467.402405 84.219948 92.227982 197.040604 180.560242 
300.000000 11 1.000000 94.000000 394.000000 a 113.282829 105.000000 230.783447 415.943512 257.730469 328.013733 172.629654 149.459030 394.138306 231.812424 110.258789 406.498474 412.611206 458.328491 251.872986 
300.000000 1 3.000000 63.000000 415.000000 a 147.962830 137.611771 265.633209 450.418701 288.480499 350.121399 188.788239 178.101089 431.185577 255.978516 73.000000 439.978394 449.899994 495.480560 279.946411 
300.000000 8 4.000000 331.000000 43.000000 a 356.624451 375.000000 192.854874 17.117243 187.523331 241.099564 462.291046 388.566589 97.943863 427.379211 529.838684 348.604370 197.570236 115.952576 395.153137 
300.000000 11 3.000000 307.000000 227.000000 a 180.834183 198.879364 92.048897 186.131668 151.092682 269.401184 277.764282 204.919495 126.400162 243.074066 380.916016 226.638474 152.190674 188.862381 213.883148 
300.000000 1 3.000000 479.000000 27.000000 a 443.879486 461.615631 312.296326 165.592880 326.087402 389.955139 528.250916 460.304260 137.902145 473.080322 641.823181 322.560059 170.557907 75.716576 433.232025 
300.000000 6 3.000000 485.000000 251.000000 a 306.132324 319.757721 270.844971 270.815430 324.137329 435.271179 350.052856 297.381897 161.335052 278.469025 521.989441 98.858482 62.177166 168.002975 235.410278 
300.000000 12 1.000000 158.000000 426.000000 a 68.593002 52.009613 234.087585 415.404633 276.653198 366.181641 102.649887 83.150467 375.000000 161.124176 154.495956 348.610107 376.435913 436.734467 184.390884 
300.000000 3 4.000000 198.000000 390.000000 a 15.264338 4.123106 191.156998 367.773041 240.916992 341.211090 111.000000 53.009434 322.367798 140.089264 203.541153 302.788696 322.800262 383.563568 151.789322 
300.000000 3 5.000000 73.000000 26.000000 a 375.353180 388.972992 227.138718 241.466354 161.839432 43.863426 495.864899 429.242371 325.729950 504.713776 441.807648 533.810852 419.033417 369.583557 492.041656 
300.000000 8 2.000000 497.000000 188.000000 a 346.989899 362.270630 278.258881 234.729630 322.248352 423.933960 404.249908 346.157471 129.769028 336.719482 561.022278 161.003113 41.773197 114.908661 294.151337 
300.000000 12 2.000000 198.000000 48.000000 a 329.097260 346.001434 153.443802 116.211014 104.139328 108.503456 448.447327 375.470367 200.771011 437.388855 456.426331 424.971771 297.435699 242.662323 415.735504 
300.000000 8 3.000000 244.000000 483.000000 a 112.605507 99.729637 284.102081 447.508667 339.673370 444.182404 15.620500 62.072536 383.105743 70.213959 236.845947 287.179382 356.809479 437.833313 107.837845 
300.000000 5 1.000000 171.000000 405.000000 a 44.821869 30.083218 210.544525 391.081818 255.070572 348.311646 109.859001 71.805290 350.406921 156.169785 173.011566 331.760468 353.420441 412.287506 174.155106 
300.000000 6 4.000000 430.000000 426.000000 a 229.296753 233.205917 309.187653 402.095764 374.412872 494.490662 207.790756 189.066132 303.659363 125.000000 423.618927 102.727798 231.464905 336.072906 88.814415 
300.000000 4 3.000000 430.000000 322.000000 a 230.653427 241.960739 243.731415 304.001648 305.929718 424.802307 261.428772 213.358856 201.556442 188.661072 444.932587 73.164200 128.654572 232.105576 145.602203 
300.000000 11 5.000000 44.000000 458.000000 a 181.121506 167.693176 311.751495 496.778625 335.489197 394.807556 193.569107 200.444504 474.494476 269.267517 36.345562 466.901489 488.249939 538.398560 298.670380 
300.000000 4 4.000000 151.000000 18.000000 a 363.188660 379.051453 194.288452 164.614700 134.536240 76.837494 484.167328 412.927368 255.906235 480.154144 467.412018 479.551880 353.141602 294.923706 461.390289 
300.000000 7 3.000000 331.000000 326.000000 a 135.003708 148.485687 168.582321 285.506561 233.863205 353.836121 194.858917 130.862518 206.649460 145.120636 350.853241 168.576385 180.346893 258.712189 112.538879 
Type de surveillance de chaque endroit(target):tab[nombre de target]
a a a a a a a a a a a a a a a 