Nombre des capteurs:
40
Nombre des targets:
15
Nombre de type de surveillance:
1

Caracteristiques:
300.000000 7 4.000000 35.000000 449.000000 a 329.028870 456.694641 199.090439 324.887665 462.550537 113.600174 400.026245 452.823364 157.622971 380.663879 45.000000 267.217133 339.838196 386.358643 132.230865 
300.000000 6 2.000000 136.000000 347.000000 a 191.313873 342.118408 145.835526 236.247757 322.074524 134.238586 285.015778 311.852539 128.809937 273.239807 156.588638 152.839783 212.077820 247.309525 89.196411 
300.000000 6 4.000000 348.000000 148.000000 a 138.917236 230.217285 327.482819 277.218323 72.006943 390.518890 209.153061 61.587337 351.512451 232.862625 442.001129 223.215149 176.283859 103.368271 336.471405 
300.000000 10 1.000000 361.000000 6.000000 a 222.991028 352.012787 466.615479 419.004761 182.279999 522.220276 343.284149 179.293060 487.247375 369.997284 564.660950 364.387146 230.531998 165.517365 467.600250 
300.000000 8 5.000000 363.000000 449.000000 a 316.840668 159.831161 129.139465 24.331051 272.442657 221.325546 119.954155 270.542053 171.572144 88.323273 303.145172 114.109596 364.968506 343.198181 197.820633 
300.000000 4 5.000000 187.000000 270.000000 a 101.867561 298.839417 190.876923 231.536179 241.962814 215.336945 245.422089 230.846268 193.064758 243.823700 248.696609 137.295303 132.849533 156.000000 162.363785 
300.000000 7 3.000000 461.000000 452.000000 a 376.113007 115.260574 227.019821 105.513031 275.394257 318.323730 115.169441 277.780487 269.224823 95.131485 400.362335 194.550766 426.751678 389.964111 295.746521 
300.000000 12 2.000000 41.000000 231.000000 a 180.277557 449.908875 295.677185 372.505035 374.354095 270.386749 396.445465 362.465179 276.812225 393.513672 254.866638 280.058929 160.654907 231.216354 235.849533 
300.000000 10 2.000000 490.000000 464.000000 a 404.586212 126.570137 256.158142 136.682114 293.552368 346.417389 138.423264 296.966339 298.001678 122.494896 428.514862 225.842865 455.411896 416.284760 325.676208 
300.000000 5 2.000000 152.000000 275.000000 a 119.570061 332.031616 197.797882 255.634506 276.470612 206.155289 277.708466 265.216888 192.208221 274.116760 228.473190 161.987656 138.452164 176.708801 156.626938 
300.000000 7 4.000000 29.000000 430.000000 a 316.551727 458.328491 206.518768 330.037872 456.826019 125.801430 401.322815 446.813171 166.306946 383.262299 64.140472 267.525696 325.135345 374.085541 137.003647 
300.000000 10 2.000000 481.000000 258.000000 a 283.670593 80.056229 315.939880 206.816345 103.392456 404.101471 104.861816 111.758667 354.324707 136.213074 476.539612 219.713455 331.483032 268.663361 359.380035 
300.000000 10 2.000000 323.000000 303.000000 a 173.112686 158.902481 176.139145 127.200630 151.013245 252.438110 106.230881 144.267120 206.787323 110.113579 318.190186 69.462219 223.664932 192.626587 202.566040 
300.000000 3 1.000000 295.000000 78.000000 a 125.319588 317.944977 381.903137 352.852661 155.878159 430.360321 294.333130 147.085007 398.539825 315.901886 468.975464 285.085938 136.853943 67.882248 375.832397 
300.000000 4 3.000000 175.000000 376.000000 a 208.136978 305.373535 98.600204 190.412704 306.910400 109.480591 248.072571 297.741486 88.645363 233.019318 157.003189 113.745331 238.018906 260.161499 55.731499 
300.000000 4 4.000000 227.000000 174.000000 a 16.278820 299.828278 281.087189 283.593018 185.132385 318.022003 257.945740 173.141556 291.111664 269.001862 352.059662 198.600098 65.734314 52.000000 264.140106 
300.000000 7 3.000000 39.000000 317.000000 a 225.610291 439.501984 238.891190 337.733612 397.020142 194.733154 382.953003 385.768066 211.482864 373.225128 169.567093 253.213348 223.002243 282.391571 170.660477 
300.000000 10 4.000000 184.000000 496.000000 a 326.119598 333.766388 64.660652 188.854446 388.856018 42.720020 281.554626 381.943726 33.955853 255.548431 122.494896 168.834244 358.201050 375.325195 67.446274 
300.000000 12 2.000000 200.000000 178.000000 a 13.038404 320.755371 279.078827 293.751587 212.021225 308.131470 276.400085 200.022491 285.112244 285.112244 336.590240 204.863373 48.826221 70.092796 255.274368 
300.000000 4 1.000000 239.000000 300.000000 a 132.003784 242.002060 155.080627 173.277237 209.976196 204.416245 187.243164 200.204895 169.640793 184.092361 256.035156 79.812279 175.308304 174.183807 149.966660 
300.000000 7 1.000000 119.000000 182.000000 a 92.655273 391.429443 296.233002 341.539154 293.001709 300.043335 342.706879 281.001770 290.327393 346.413055 308.314789 247.632797 68.883957 139.713989 253.396927 
300.000000 7 3.000000 226.000000 141.000000 a 33.541019 319.864044 314.101898 313.600067 190.252457 349.748474 281.485352 178.538513 323.790070 294.869476 381.093170 230.495117 54.083271 25.806976 296.141846 
300.000000 5 2.000000 216.000000 111.000000 a 60.207973 346.659790 344.470612 345.028992 208.124969 376.940308 310.344971 196.865433 352.817230 324.819946 404.465088 262.083954 51.623638 34.438351 323.882690 
300.000000 6 1.000000 369.000000 243.000000 a 173.631790 144.589066 251.334442 182.274521 75.451973 327.519470 113.600174 69.318108 282.363251 135.723984 390.913025 144.779144 223.235306 169.035492 276.682129 
300.000000 12 2.000000 357.000000 195.000000 a 147.959457 187.323257 287.626495 230.008698 56.753853 356.602020 162.163498 45.221676 314.720520 185.162094 413.672577 181.617737 193.582031 129.849915 303.606659 
300.000000 8 2.000000 486.000000 402.000000 a 359.146210 64.498062 257.513092 129.065872 233.060074 351.005707 87.114868 237.143417 300.261566 83.216583 432.047455 201.804367 410.234070 365.098602 321.311371 
300.000000 7 1.000000 252.000000 206.000000 a 53.907330 261.725037 249.649750 243.741669 161.941345 295.447113 218.185699 150.096634 263.910980 228.527893 337.551483 161.074524 104.995239 80.156097 240.875488 
300.000000 10 3.000000 323.000000 375.000000 a 232.723007 159.354950 119.670380 61.611687 213.440857 208.031250 102.786186 208.722305 157.813187 85.023529 283.233124 37.000000 281.016022 260.340149 166.688339 
300.000000 8 4.000000 22.000000 32.000000 a 234.610321 549.155701 473.152191 517.704529 417.493713 465.279480 506.502716 406.306549 463.315216 515.050476 454.762573 424.637482 183.673630 243.846268 424.189819 
300.000000 11 3.000000 467.000000 4.000000 a 305.655029 334.181091 507.631744 434.632019 185.348328 576.071167 343.097656 189.256439 535.075684 373.687042 628.797241 401.150848 324.007721 251.563110 522.427002 
300.000000 9 2.000000 214.000000 213.000000 a 42.107006 292.097595 242.825043 256.844299 200.569183 276.990967 244.969391 188.732620 250.966141 251.467697 311.589478 167.260269 85.959290 93.048378 223.221863 
300.000000 3 2.000000 157.000000 249.000000 a 94.868332 333.109589 219.920441 267.917908 263.910980 232.363937 280.572632 252.335098 216.843262 279.958923 254.403229 173.657715 112.008926 152.410629 182.222397 
300.000000 10 2.000000 310.000000 408.000000 a 256.846252 182.000000 89.358826 51.865211 248.863419 181.342224 128.128845 244.190506 130.188324 104.062485 259.678650 50.089920 303.222687 288.951538 145.825241 
300.000000 8 2.000000 220.000000 278.000000 a 107.377838 264.884888 177.552811 202.311646 215.111603 216.760239 211.558502 204.472488 187.106918 210.639496 260.409302 108.853111 148.000000 154.379410 162.249802 
300.000000 11 2.000000 94.000000 265.000000 a 150.083313 390.877228 236.008469 309.556122 328.907288 221.711517 336.407501 317.320038 220.925323 332.054199 222.315094 217.347641 149.040268 206.712357 180.941986 
300.000000 9 1.000000 257.000000 412.000000 a 245.350769 233.060074 48.764740 102.825096 278.183380 132.400909 177.538727 271.679962 82.619614 155.955124 208.216232 57.982758 286.881500 286.174774 92.962357 
300.000000 8 5.000000 224.000000 132.000000 a 41.109608 327.035156 323.154755 322.605011 194.280731 358.051666 289.401093 182.693726 332.543243 303.211151 388.397980 239.701904 52.345009 23.769728 304.573486 
300.000000 12 5.000000 32.000000 11.000000 a 240.085403 553.032532 487.790924 527.565186 416.293152 483.160431 512.064453 405.368958 479.483063 521.938721 474.948425 435.247070 189.021164 243.823700 440.858246 
300.000000 5 1.000000 17.000000 432.000000 a 325.203003 470.485931 218.215485 342.071625 468.002136 136.124939 413.473083 457.919220 177.724503 395.426361 69.526970 279.646210 332.356750 382.800201 149.003357 
300.000000 4 3.000000 430.000000 258.000000 a 235.648041 93.295227 277.893860 181.466248 79.075912 362.663757 86.469650 82.637764 314.116211 117.085442 432.380615 176.604080 284.541748 225.639099 315.634277 
Type de surveillance de chaque endroit(target):tab[nombre de target]
a a a a a a a a a a a a a a a 
Matrix of neighbour
1 1 0 0 0 0 0 0 0 0 1 0 0 0 1 0 0 0 0 0 0 0 0 0 0 0 0 0 0 0 0 0 0 0 0 0 0 0 0 0  
0 1 0 0 0 0 0 0 0 0 0 0 0 0 0 0 0 0 0 0 0 0 0 0 0 0 0 0 0 0 0 0 0 0 0 0 0 0 0 0  
0 1 1 0 0 1 0 0 0 1 0 0 1 0 1 1 0 0 1 1 1 1 1 1 1 0 1 1 0 0 1 1 1 1 1 1 1 0 0 0  
0 0 1 1 0 0 0 0 0 0 0 1 1 1 0 1 0 0 1 0 1 1 1 1 1 0 1 0 0 0 1 0 0 0 0 0 1 0 0 1  
0 1 0 0 1 1 0 0 0 1 0 0 1 0 1 0 0 1 0 1 0 0 0 0 0 0 1 1 0 0 1 1 1 1 0 1 0 0 0 0  
1 1 0 0 0 1 0 0 0 1 1 0 0 0 1 0 1 1 0 0 0 0 0 0 0 0 0 0 0 0 0 0 0 0 1 0 0 0 1 0  
0 0 0 0 1 0 1 0 0 0 0 0 1 0 1 0 0 1 0 1 0 0 0 1 1 0 0 1 0 0 0 0 1 1 0 1 0 0 0 1  
1 1 0 0 0 1 0 1 0 1 1 0 0 0 1 0 1 0 0 1 0 0 0 0 0 0 0 0 0 0 0 1 0 1 1 1 0 0 1 0  
0 0 0 0 1 0 1 0 1 0 0 0 1 0 0 0 0 0 0 1 0 0 0 1 0 1 0 1 0 0 0 0 1 0 0 1 0 0 0 1  
1 1 0 0 0 0 0 0 0 1 1 0 0 0 1 0 1 1 0 0 0 0 0 0 0 0 0 0 0 0 0 0 0 0 1 0 0 0 1 0  
0 1 0 0 0 0 0 0 0 0 1 0 0 0 0 0 0 0 0 0 0 0 0 0 0 0 0 0 0 0 0 0 0 0 0 0 0 0 0 0  
0 0 1 0 1 1 1 0 1 0 0 1 1 1 0 1 0 0 1 1 0 1 0 1 1 1 1 1 0 0 1 0 1 1 0 1 1 0 0 1  
0 1 0 0 0 1 0 1 0 1 0 0 1 0 1 0 1 1 0 1 1 0 0 0 0 0 0 1 0 0 1 1 1 1 1 1 0 0 0 0  
0 0 1 0 0 1 0 1 0 1 0 0 1 1 0 1 0 0 1 1 1 1 1 1 1 0 1 1 1 0 1 1 0 1 1 0 1 0 0 1  
0 1 0 0 0 0 0 0 0 0 1 0 0 0 1 0 0 0 0 0 0 0 0 0 0 0 0 0 0 0 0 0 0 0 0 0 0 0 0 0  
0 1 0 0 0 1 0 1 0 1 0 0 1 0 1 1 1 0 1 1 1 0 0 0 0 0 1 1 0 0 1 1 1 1 1 1 0 0 0 0  
1 1 0 0 0 0 0 0 0 0 1 0 0 0 1 0 1 0 0 0 0 0 0 0 0 0 0 0 0 0 0 0 0 0 0 0 0 0 1 0  
1 1 0 0 0 0 0 0 0 0 1 0 0 0 1 0 1 1 0 0 0 0 0 0 0 0 0 0 0 0 0 0 0 0 0 0 0 0 1 0  
0 1 0 0 0 1 0 1 0 1 0 0 1 0 1 0 1 0 1 1 1 0 0 0 0 0 0 1 0 0 1 1 1 1 1 1 0 0 0 0  
1 1 0 0 0 1 0 0 0 1 1 0 0 0 1 0 1 1 0 1 0 0 0 0 0 0 0 0 0 0 0 1 0 1 1 1 0 0 1 0  
1 1 0 0 0 1 0 1 0 1 1 0 0 0 1 0 1 0 0 1 1 0 0 0 0 0 0 0 0 0 0 1 1 1 1 1 0 0 1 0  
0 1 0 0 0 1 0 1 0 1 0 0 1 0 1 1 1 0 1 1 1 1 0 0 0 0 1 1 0 0 1 1 1 1 1 1 0 0 0 0  
0 1 0 0 0 1 0 1 0 1 0 0 1 0 1 1 1 0 1 1 1 1 1 0 0 0 1 1 0 0 1 1 0 1 1 0 1 0 0 0  
0 1 0 0 1 1 0 0 0 1 0 0 1 0 1 1 0 0 1 1 1 1 1 1 0 0 1 1 0 0 1 1 1 1 1 1 1 0 0 0  
0 1 0 0 1 1 0 0 0 1 0 0 1 0 1 1 0 0 1 1 1 1 1 1 1 0 1 1 0 0 1 1 1 1 1 1 1 0 0 0  
0 0 1 0 1 0 1 0 0 0 0 0 1 0 0 0 0 0 0 1 0 0 0 1 1 1 0 1 0 0 0 0 1 1 0 1 0 0 0 1  
0 1 0 0 0 1 0 1 0 1 0 0 1 0 1 0 1 1 1 1 1 0 0 0 0 0 1 1 0 0 1 1 1 1 1 1 0 0 0 0  
1 1 0 0 0 1 0 0 0 1 1 0 0 0 1 0 1 1 0 1 1 0 0 0 0 0 0 1 0 0 1 1 1 1 1 1 0 0 0 0  
0 0 0 0 0 1 0 1 0 1 0 0 0 0 0 1 1 0 1 0 1 1 1 0 0 0 1 0 1 0 1 1 0 0 1 0 1 0 0 0  
0 0 1 1 0 0 0 0 0 0 0 1 0 1 0 1 0 0 0 0 0 1 1 1 1 0 1 0 0 1 0 0 0 0 0 0 1 0 0 1  
1 1 0 0 0 1 0 1 0 1 1 0 0 0 1 0 1 1 0 1 1 0 0 0 0 0 0 0 0 0 1 1 1 1 1 1 0 0 1 0  
1 1 0 0 0 1 0 0 0 1 1 0 0 0 1 0 1 1 0 0 0 0 0 0 0 0 0 0 0 0 0 1 0 0 1 1 0 0 1 0  
1 1 0 0 0 1 0 0 0 1 1 0 0 0 1 0 1 1 0 1 0 0 0 0 0 0 0 0 0 0 0 1 1 1 1 1 0 0 1 0  
1 1 0 0 0 1 0 0 0 1 1 0 0 0 1 0 1 1 0 0 0 0 0 0 0 0 0 0 0 0 0 1 0 1 1 1 0 0 1 0  
1 1 0 0 0 0 0 0 0 0 1 0 0 0 1 0 1 1 0 0 0 0 0 0 0 0 0 0 0 0 0 0 0 0 1 0 0 0 1 0  
1 1 0 0 0 1 0 0 0 1 1 0 0 0 1 0 1 1 0 0 0 0 0 0 0 0 0 0 0 0 0 0 0 0 1 1 0 0 1 0  
0 1 0 0 0 1 0 1 0 1 0 0 1 0 1 1 1 0 1 1 1 1 0 0 0 0 1 1 0 0 1 1 1 1 1 1 1 0 0 0  
0 0 0 0 0 0 0 1 0 1 0 0 0 1 0 1 0 0 1 0 1 1 1 0 0 0 1 0 1 0 1 1 0 0 1 0 1 1 0 0  
1 1 0 0 0 0 0 0 0 0 1 0 0 0 1 0 0 0 0 0 0 0 0 0 0 0 0 0 0 0 0 0 0 0 0 0 0 0 1 0  
0 0 1 0 1 1 0 0 0 1 0 0 1 0 1 1 0 0 1 1 0 1 1 1 1 0 1 1 0 0 1 1 1 1 0 1 1 0 0 1  
Connect directly to BS 
1 1 0 0 1 1 0 1 0 1 1 0 1 0 1 1 1 1 1 1 1 1 0 0 0 0 1 1 0 0 1 1 1 1 1 1 1 0 1 0 
Cordinaates of sensors 
1 35.000000 449.000000
2 136.000000 347.000000
3 348.000000 148.000000
4 361.000000 6.000000
5 363.000000 449.000000
6 187.000000 270.000000
7 461.000000 452.000000
8 41.000000 231.000000
9 490.000000 464.000000
10 152.000000 275.000000
11 29.000000 430.000000
12 481.000000 258.000000
13 323.000000 303.000000
14 295.000000 78.000000
15 175.000000 376.000000
16 227.000000 174.000000
17 39.000000 317.000000
18 184.000000 496.000000
19 200.000000 178.000000
20 239.000000 300.000000
21 119.000000 182.000000
22 226.000000 141.000000
23 216.000000 111.000000
24 369.000000 243.000000
25 357.000000 195.000000
26 486.000000 402.000000
27 252.000000 206.000000
28 323.000000 375.000000
29 22.000000 32.000000
30 467.000000 4.000000
31 214.000000 213.000000
32 157.000000 249.000000
33 310.000000 408.000000
34 220.000000 278.000000
35 94.000000 265.000000
36 257.000000 412.000000
37 224.000000 132.000000
38 32.000000 11.000000
39 17.000000 432.000000
40 430.000000 258.000000
