Nombre des capteurs:
40
Nombre des targets:
15
Nombre de type de surveillance:
1

Caracteristiques:
300.000000 6 4.000000 25.000000 472.000000 a 465.145142 406.109589 338.053253 392.378632 457.739014 454.200409 280.919922 483.264923 559.046509 400.359833 442.557343 412.662079 114.109596 560.863647 119.774788 
300.000000 4 4.000000 79.000000 193.000000 a 183.000000 294.183624 234.437622 135.092560 264.775391 468.739807 228.659134 342.005859 321.726593 343.925873 218.009171 178.193710 172.122055 321.224213 240.842270 
300.000000 2 2.000000 172.000000 252.000000 a 259.254700 195.002563 128.891434 137.186005 201.375275 358.615387 118.848640 255.440796 294.608215 236.239288 178.218964 148.529465 177.200455 296.319092 178.664490 
300.000000 4 4.000000 407.000000 288.000000 a 429.962799 53.150730 108.903625 276.898895 165.109055 166.859222 146.996597 94.047859 279.515656 37.363083 217.267120 234.763718 383.443604 285.271790 304.568542 
300.000000 10 2.000000 480.000000 10.000000 a 401.000000 267.988800 320.089050 308.765289 191.175308 429.004669 382.205444 194.180328 133.093948 324.784546 223.163620 262.611877 568.862000 137.000000 540.578369 
300.000000 1 2.000000 130.000000 138.000000 a 137.786072 263.427399 216.926254 63.906181 208.000000 460.114105 231.449783 296.529938 249.435364 325.399750 153.394913 113.282829 241.660919 248.501511 289.062286 
300.000000 6 1.000000 81.000000 465.000000 a 455.004395 356.005615 289.836151 365.625488 415.906250 397.850464 230.601395 434.165863 522.738953 346.030334 406.590698 379.811798 118.532700 525.041931 66.850578 
300.000000 3 3.000000 1.000000 368.000000 a 366.398682 383.641754 312.473999 315.000000 408.006134 482.255127 267.320038 454.234528 494.292419 398.436951 380.064453 345.094177 30.675724 495.104034 147.329559 
300.000000 11 4.000000 456.000000 341.000000 a 501.687164 125.159897 170.698563 348.397766 234.804169 100.439034 191.588104 150.136612 343.739716 61.400326 289.006927 306.913666 426.339081 349.757050 331.354797 
300.000000 9 1.000000 159.000000 237.000000 a 240.684448 208.614471 144.806763 124.907967 204.553177 377.577820 138.408813 265.345062 290.908936 253.402847 175.385284 142.635895 176.867188 292.207123 191.387039 
300.000000 3 5.000000 51.000000 139.000000 a 132.003784 335.934509 282.363251 140.890030 287.001740 521.851501 284.191833 374.213837 320.923676 392.353149 231.698074 191.846298 220.004547 319.225616 300.281525 
300.000000 1 3.000000 89.000000 98.000000 a 88.566360 318.290741 274.000000 102.591423 252.192383 517.302612 288.027771 345.880035 271.022125 382.020935 192.439606 154.719101 266.610199 268.812195 332.340179 
300.000000 9 1.000000 166.000000 395.000000 a 394.707489 246.099579 179.805450 280.030365 309.245850 315.087280 120.673111 324.075623 420.904968 241.665054 306.400055 284.344849 140.943253 423.738129 43.863426 
300.000000 7 2.000000 405.000000 303.000000 a 438.320648 62.801273 109.895409 284.945618 178.084244 154.353485 141.876709 109.178749 293.782227 22.472204 228.560715 244.321503 379.011871 299.487885 296.204315 
300.000000 9 1.000000 464.000000 257.000000 a 457.421021 97.082436 165.873444 308.150940 173.311859 182.537674 210.622879 75.451973 268.799194 94.752312 234.104675 260.345917 445.597351 275.045441 369.437408 
300.000000 7 3.000000 225.000000 300.000000 a 324.678314 149.576065 78.434685 187.299225 197.517090 288.669373 47.707443 222.353317 310.014526 173.666351 197.121796 179.805450 203.442871 313.087860 155.080627 
300.000000 10 4.000000 398.000000 79.000000 a 326.377075 176.739929 218.691559 211.265244 84.148682 368.781769 280.531647 118.258194 81.835197 245.002045 121.297157 161.554947 461.806244 88.238312 435.600739 
300.000000 11 4.000000 145.000000 469.000000 a 463.720825 309.741821 248.477356 355.856720 383.157928 334.348633 186.678864 388.911316 496.910461 290.738708 382.962128 361.265839 159.831161 499.884979 42.953465 
300.000000 1 1.000000 417.000000 403.000000 a 518.356079 158.113876 174.828491 365.920746 276.524872 70.830788 170.390732 208.038452 394.263885 81.492332 322.117981 331.887024 389.607483 399.906250 282.023041 
300.000000 9 4.000000 386.000000 103.000000 a 320.777191 151.198547 191.859329 196.430649 59.405388 348.367615 253.712433 98.432716 96.254868 221.273590 105.304321 145.120636 437.905243 102.459747 409.238312 
300.000000 5 2.000000 107.000000 36.000000 a 38.209946 338.657654 305.790771 115.277924 252.517319 547.768188 330.248383 351.961639 240.916992 408.710175 189.475586 159.530563 331.078552 237.427887 392.073975 
300.000000 3 1.000000 427.000000 69.000000 a 352.966003 193.535522 241.679535 241.615402 112.614388 373.498322 303.797638 126.142776 96.519424 256.758636 151.921036 192.169189 491.049896 102.649887 461.351288 
300.000000 2 3.000000 335.000000 220.000000 a 331.113281 45.967381 64.899925 178.440460 82.054863 261.553040 127.027557 89.560036 205.350922 121.078484 121.642921 135.830780 334.767090 210.152328 287.141083 
300.000000 12 1.000000 465.000000 23.000000 a 386.218842 250.007996 300.926910 290.299835 171.330093 416.203064 363.055084 177.538727 118.270874 308.585480 203.960785 243.583664 549.044617 122.690666 521.015381 
300.000000 3 2.000000 370.000000 21.000000 a 291.207825 232.019394 262.773682 203.531326 121.297157 431.726776 322.567810 181.320160 23.769728 304.200592 126.574089 162.431519 478.716003 29.154760 468.606445 
300.000000 1 4.000000 383.000000 182.000000 a 349.284973 72.780495 124.579292 203.973038 62.936478 273.996338 186.171967 40.162170 170.836182 142.688477 124.277916 153.629425 394.442657 176.589920 347.899414 
300.000000 10 1.000000 138.000000 487.000000 a 480.635010 327.409515 267.001862 374.626495 402.244965 343.371521 205.060974 406.636200 516.202454 306.022888 402.274780 380.489166 168.240906 519.185913 60.033325 
300.000000 10 1.000000 492.000000 244.000000 a 474.684113 125.323578 195.317688 328.006104 186.954544 195.501923 241.356583 86.267029 271.046112 124.197426 249.419327 278.619812 475.857117 277.411255 400.281158 
300.000000 5 2.000000 337.000000 219.000000 a 332.031616 45.343136 66.850578 179.493729 81.006172 261.306335 128.968994 87.361320 204.244949 120.933868 121.655251 136.488098 337.001495 209.086105 289.249023 
300.000000 3 1.000000 409.000000 427.000000 a 531.779114 178.997208 188.438324 380.370880 297.593689 70.035706 175.889175 232.310135 416.638947 103.696671 340.939880 348.604370 385.229797 422.190704 273.000000 
300.000000 6 2.000000 343.000000 249.000000 a 356.113739 24.331051 50.606323 202.726410 111.112556 233.077240 109.603828 94.868332 234.034180 92.417534 151.287811 163.049072 331.436279 239.000000 273.007324 
300.000000 4 1.000000 488.000000 30.000000 a 409.488708 253.712433 308.637329 310.161255 184.835068 409.122223 370.600861 178.084244 141.795624 307.761261 222.283600 262.291809 563.336487 146.372818 530.578003 
300.000000 6 1.000000 366.000000 338.000000 a 435.835968 85.005882 92.655273 283.301971 201.950485 150.814453 101.710373 153.212265 323.558350 34.014702 242.392242 249.929993 336.594727 328.805420 246.619141 
300.000000 9 5.000000 343.000000 368.000000 a 444.814575 117.477661 103.788246 294.810120 230.054337 152.531967 88.588936 189.770920 353.022675 69.656296 264.372833 266.852020 313.159698 358.000000 215.244049 
300.000000 9 2.000000 247.000000 137.000000 a 210.601517 166.901169 146.536682 60.745369 91.005493 380.217041 189.855209 183.412109 157.746628 239.726929 42.801868 16.763054 309.725677 159.201126 310.517303 
300.000000 8 5.000000 478.000000 406.000000 a 562.153870 189.023804 222.407288 408.710175 302.364014 33.000000 227.528015 218.563492 412.361481 115.260574 354.730896 370.028381 450.564087 418.379028 342.644135 
300.000000 12 3.000000 371.000000 287.000000 a 402.483551 34.234486 73.164200 249.002014 152.610611 185.884369 112.946892 104.709122 273.056763 45.221676 197.676498 210.230820 348.313080 278.411560 273.541595 
300.000000 6 2.000000 467.000000 287.000000 a 476.731567 105.621971 168.502228 325.530334 197.083740 152.397507 205.730408 102.859123 297.294464 79.177017 256.070313 279.608643 442.730164 303.488068 359.389771 
300.000000 2 1.000000 8.000000 255.000000 a 255.080383 359.005585 291.619629 229.008728 350.127106 504.733582 266.627075 417.335602 415.356476 395.072144 308.650299 269.651642 105.323311 415.030121 214.401489 
300.000000 5 3.000000 480.000000 358.000000 a 530.947266 154.253036 199.541977 377.708893 261.847290 81.024689 217.368347 173.349365 367.883148 89.693924 317.190796 335.876465 450.000000 373.996002 350.851807 
Type de surveillance de chaque endroit(target):tab[nombre de target]
a a a a a a a a a a a a a a a 