Nombre des capteurs:
40
Nombre des targets:
30
Nombre de type de surveillance:
1

Caracteristiques:
300.000000 7 4.000000 32.000000 85.000000 a 340.052948 200.551743 61.846584 497.129761 206.021851 370.482117 218.082550 217.043777 106.826965 47.434166 293.656250 140.982269 456.838043 250.379715 330.169647 545.000000 437.567139 58.694122 204.782806 279.308075 87.641312 428.401672 342.838165 398.027649 198.698257 458.607666 212.219223 331.605194 107.563934 72.732384 
300.000000 5 4.000000 155.000000 51.000000 a 218.798996 225.175491 66.753281 414.773438 133.461609 306.894104 260.892700 128.222458 50.447994 103.812332 309.646576 161.607544 362.505157 144.917221 340.001465 477.797028 419.411499 164.468842 246.975708 155.157990 189.282852 399.500946 215.956009 419.577179 124.907967 432.622223 250.567352 282.639343 165.024246 55.108982 
300.000000 8 4.000000 417.000000 221.000000 a 148.959732 314.006378 364.943817 113.600174 203.302734 116.000000 351.757019 191.846298 362.498291 362.763000 314.396240 311.411316 50.219517 167.538055 311.481934 197.691681 280.417542 406.745636 346.953888 194.982056 413.284393 242.002060 204.707108 377.699615 210.052368 267.884308 341.256500 159.326706 355.534821 353.747070 
300.000000 11 1.000000 248.000000 433.000000 a 375.089325 214.767319 404.555298 247.309525 267.366791 157.000000 219.617844 286.111877 434.534241 366.565125 134.528809 268.603790 278.548035 308.561188 101.133575 221.000000 28.017851 370.919128 226.909668 380.090790 357.459076 42.426407 428.441376 120.805626 274.869049 55.072678 217.690140 133.154053 307.001617 399.061401 
300.000000 4 1.000000 235.000000 97.000000 a 138.177429 216.009262 150.372864 324.624390 71.386276 226.318359 258.311829 50.249378 142.284927 164.684540 281.369873 168.240906 270.440369 52.697250 304.428986 391.808624 360.169403 221.616791 246.221451 84.534019 239.098312 334.551941 153.561066 386.694977 65.802734 368.089661 246.454865 212.049530 194.589310 138.495483 
300.000000 8 5.000000 335.000000 226.000000 a 151.584961 232.398361 296.211060 164.839310 128.362762 75.026665 271.016602 123.555656 301.346985 287.562164 240.740524 229.960861 125.319588 114.612389 243.446091 228.659134 240.709366 327.940552 265.635101 169.849930 332.915894 205.975723 206.813919 316.764893 136.077179 237.227737 260.247955 94.868332 274.641571 285.748138 
300.000000 2 3.000000 206.000000 289.000000 a 267.686371 100.623062 256.267426 265.062256 122.918671 127.565666 132.378250 146.013702 284.604980 222.607285 100.409164 130.598618 255.000000 178.600113 113.595772 289.435669 176.785187 238.648270 130.061523 253.331802 232.381149 161.554947 312.822632 195.166595 129.387024 193.238190 123.016258 76.485291 175.071411 250.107971 
300.000000 4 4.000000 233.000000 276.000000 a 241.101639 126.099167 258.768250 240.441254 109.658562 103.077644 160.654907 129.189789 282.379181 230.521149 129.073624 145.499146 226.497238 156.894867 138.397980 271.516113 182.649933 253.339691 157.257751 231.199051 250.049988 161.400131 288.118042 218.256729 117.239075 194.486496 150.748138 55.569775 191.426224 251.435883 
300.000000 9 4.000000 440.000000 423.000000 a 350.656525 366.050537 504.227142 105.080925 336.893158 162.274460 386.434998 340.846008 517.872559 482.578491 311.438599 398.848328 173.933899 337.831329 285.797119 30.083218 179.067032 506.996063 389.281403 387.459686 502.001007 150.053329 407.237030 310.576874 345.463470 148.677505 380.621857 198.600098 444.245422 495.219147 
300.000000 1 5.000000 321.000000 134.000000 a 75.006668 254.096436 243.213898 239.265549 105.304321 167.430588 297.042084 82.036575 235.053192 250.966141 292.697784 226.419968 179.513229 42.755116 305.407928 314.472565 327.006104 303.105591 287.795074 76.791924 315.944611 294.635376 121.852371 385.019470 108.171158 326.957184 285.119263 174.642487 263.590607 231.482178 
300.000000 8 1.000000 498.000000 333.000000 a 283.534821 395.885071 491.187347 31.016125 322.931885 168.074387 425.361023 318.056610 494.489624 480.801422 364.002747 412.368774 92.135773 301.346985 346.883270 84.504440 264.357727 516.605286 424.721100 333.120087 517.664978 228.254242 336.692749 389.864075 330.836823 238.606369 417.119873 218.929214 458.530273 480.676605 
300.000000 6 4.000000 351.000000 243.000000 a 165.339050 245.601303 319.010986 142.003525 150.585526 60.728905 282.603973 146.754898 324.655212 309.129425 245.652191 247.929428 107.228729 137.379044 244.804001 205.548050 230.082596 347.979889 278.188782 189.488785 351.869293 193.847885 221.731827 314.726868 158.473969 223.861557 272.264587 92.849342 293.204712 308.643799 
300.000000 5 2.000000 104.000000 128.000000 a 272.442657 143.031464 68.658577 413.353363 123.328827 287.001740 173.611633 137.320786 109.658562 36.674240 234.061951 77.025970 374.432892 175.011429 268.091400 461.683868 364.943817 87.132080 159.477264 217.568375 105.309067 352.132080 285.413727 343.227325 116.481758 383.520538 164.347198 249.609695 72.670486 66.068146 
300.000000 7 5.000000 370.000000 487.000000 a 408.004913 340.330719 510.330292 192.421417 352.988678 189.644409 350.656525 364.005493 532.484741 479.610260 267.121704 386.290039 252.810211 372.292908 234.546371 123.405838 110.440025 492.878296 356.707153 433.175476 482.589874 100.000000 465.001068 237.608917 361.448486 78.771820 347.541351 203.494476 428.544037 502.977142 
300.000000 4 3.000000 66.000000 259.000000 a 355.015503 42.720020 199.331375 407.894592 180.247055 270.283173 40.792156 206.929947 245.153015 147.085007 122.319252 67.201187 392.103302 251.113525 159.762329 430.131378 279.308075 126.463432 27.856777 316.128143 107.615051 280.000000 384.679077 221.382019 179.724792 305.452118 36.235340 219.658829 71.063354 200.084976 
300.000000 1 1.000000 226.000000 422.000000 a 372.780090 192.255035 386.121735 262.771759 255.049011 161.523987 195.532608 275.356140 417.742737 346.590546 110.113579 247.969757 288.804443 300.707489 76.557167 242.206528 50.990196 348.803680 203.147736 373.566589 334.619202 64.195015 424.792877 104.656578 262.190765 79.649231 193.932983 130.188324 285.175385 381.083984 
300.000000 4 3.000000 492.000000 366.000000 a 311.077148 396.547607 505.404785 49.648766 336.217194 171.773102 423.335571 333.863739 511.649292 491.687897 357.050415 418.230804 120.880104 320.887817 336.928772 51.884487 245.120377 524.263306 423.812469 357.754120 523.482544 211.009476 365.328613 373.760620 344.400940 217.375244 415.819672 219.920441 464.462067 495.274658 
300.000000 9 2.000000 337.000000 320.000000 a 243.528229 235.161652 358.587494 132.015152 192.002609 19.416489 263.837067 198.338089 373.419342 337.668488 205.922318 258.042633 139.789124 202.484573 194.427368 160.078110 154.353485 365.301239 263.336273 263.387543 362.906311 116.867447 299.713196 253.211380 200.601593 145.880081 255.650146 58.240879 304.138123 349.656982 
300.000000 3 4.000000 144.000000 381.000000 a 378.401917 116.056023 324.692169 330.311981 227.431305 205.234009 107.814659 252.926865 363.081268 278.729248 22.847319 180.055542 340.230804 288.530762 15.620500 325.479645 141.509720 270.179565 117.643532 363.159760 252.414337 153.075150 423.681488 89.677200 232.432785 171.303818 108.724419 157.155975 209.308380 321.885071 
300.000000 10 5.000000 160.000000 273.000000 a 287.367371 53.037724 223.573257 312.860992 122.298813 175.251251 89.844307 149.251465 257.782867 183.961960 90.520714 86.833176 298.886261 189.129578 118.067780 337.912720 210.487534 193.196793 84.852814 262.154541 185.000000 201.534119 326.622101 198.841644 126.115028 231.225006 79.075912 124.907967 128.972870 219.093582 
300.000000 7 5.000000 449.000000 134.000000 a 94.625580 368.419586 367.326843 189.060837 230.375778 203.334702 409.695007 209.403915 352.298157 378.639679 386.874664 350.271332 116.348618 170.188126 389.740936 278.648529 371.361023 431.074249 402.405273 158.420334 443.383575 333.361664 137.637207 461.250488 234.446152 360.118042 398.252441 239.006271 389.758911 355.370239 
300.000000 3 1.000000 126.000000 79.000000 a 246.000000 192.937820 41.146080 420.354614 129.495178 303.534180 226.061935 132.740341 60.827625 64.140472 281.144104 127.577431 373.450134 160.056244 313.438995 477.339508 401.463562 125.031998 211.981125 185.194489 149.201202 384.707672 249.595673 391.062653 121.082619 417.206177 216.316895 273.221527 125.896782 30.232433 
300.000000 12 2.000000 256.000000 147.000000 a 134.461884 193.847885 187.843018 275.670105 40.311287 172.177231 237.124435 16.000000 189.694489 188.281708 244.969391 160.822891 226.744354 31.144823 263.696808 339.365570 309.103546 238.052521 226.812698 104.100914 249.970001 282.056732 168.505188 345.626953 42.059483 315.545563 225.088867 158.977982 197.306870 176.776703 
300.000000 4 1.000000 440.000000 375.000000 a 303.710388 348.862427 470.953278 60.415230 302.034760 130.096115 373.807434 303.288635 481.364716 453.133545 305.368622 374.774597 126.289352 296.516449 284.450348 46.400433 193.744675 482.050842 374.961334 342.620789 479.504944 158.757675 360.069427 321.362732 310.485107 167.215424 366.749237 174.132141 420.830139 461.400055 
300.000000 10 4.000000 66.000000 9.000000 a 313.904449 265.188599 56.859474 510.272491 221.334595 395.667786 290.110321 222.081070 50.990196 103.121284 357.717773 200.039993 460.157593 243.018524 392.458923 569.221375 488.889557 141.396606 276.181091 248.871460 170.531525 474.236237 303.278748 465.843323 212.840317 506.261780 282.511932 365.034241 179.025131 63.513779 
300.000000 6 1.000000 451.000000 162.000000 a 114.586212 360.855927 375.825745 161.009323 230.054337 182.332108 401.120941 211.532501 364.244415 383.275360 372.907501 347.669373 88.277969 175.727066 373.451477 250.577332 348.432190 433.461639 394.656799 175.205597 444.055176 310.074188 162.246719 442.705322 235.008514 335.900269 389.955139 221.503952 388.870148 364.005493 
300.000000 11 4.000000 252.000000 339.000000 a 286.356415 160.153046 322.262329 217.664886 174.771286 89.470665 182.439026 192.374634 347.701019 290.327393 118.869675 198.171646 224.403656 214.704453 109.178749 228.002197 117.613777 305.883972 184.097794 286.923340 298.202942 95.854057 337.902344 176.980225 182.584229 128.751694 175.684372 45.453274 241.913208 315.483765 
300.000000 1 1.000000 174.000000 164.000000 a 215.473892 126.245789 133.544006 334.647583 47.095646 209.880920 168.002975 68.154236 156.169785 115.381973 199.842438 79.404030 296.735565 111.664673 227.712540 384.629700 305.555237 157.543640 155.708054 172.429703 167.074829 287.445648 241.223969 308.734528 42.190044 320.156219 156.237000 176.207260 113.564957 125.431259 
300.000000 11 1.000000 127.000000 350.000000 a 365.329987 81.492332 291.487549 343.144287 205.730408 211.747498 73.552704 232.331665 331.182739 244.499481 12.806249 146.512802 345.775940 270.702789 50.219517 346.590546 173.219513 234.829727 82.619614 344.605560 217.165833 180.272018 407.612549 120.149910 209.811813 201.645721 73.600273 160.723358 174.183807 289.171234 
300.000000 9 2.000000 153.000000 222.000000 a 261.553040 67.208633 173.254150 331.445313 87.458565 196.573135 110.317726 114.865135 206.344376 137.200577 139.168961 49.979996 306.282562 158.404541 169.026627 367.865479 258.992279 156.923553 99.488693 227.035233 155.322250 246.564392 294.373901 248.805145 88.391174 277.656250 98.290382 152.013153 96.208107 168.237930 
300.000000 4 5.000000 129.000000 315.000000 a 338.740326 49.193497 257.130310 340.072052 174.264160 204.479828 57.280014 201.357895 296.285339 211.123184 45.398239 112.378822 335.359497 241.290283 80.653580 352.604584 195.207581 205.548050 60.901562 314.340576 190.262970 196.124954 378.746613 155.051605 177.747009 221.165100 51.884487 152.397507 143.125824 254.544693 
300.000000 6 4.000000 396.000000 10.000000 a 73.054771 389.412384 311.207336 320.426270 235.104233 297.741486 432.671936 207.617432 280.144592 340.630310 436.601654 349.463867 247.878998 164.757401 450.289917 408.396851 465.123627 400.384827 421.930084 98.488579 420.240417 430.261536 29.546574 529.876404 234.307495 460.977234 420.630493 315.691315 377.588409 299.548004 
300.000000 8 1.000000 290.000000 90.000000 a 82.734512 257.390747 203.081268 293.027313 103.392456 215.336945 300.561127 75.822159 187.928177 220.102249 311.327789 216.981567 232.000000 37.643059 329.479889 367.923920 366.922333 276.925995 289.518555 37.735924 293.819672 337.000000 104.235313 411.155701 101.862656 370.048645 288.530762 214.189163 247.250885 191.062820 
300.000000 1 3.000000 133.000000 308.000000 a 331.001495 45.221676 250.888428 336.291534 166.207703 200.122467 59.682495 193.313217 289.499573 205.572372 52.038448 106.480042 330.134827 233.323807 86.127815 350.772003 197.648682 201.943054 61.465439 306.315186 187.608643 197.002533 370.799133 162.000000 169.684998 222.874405 52.810986 148.054047 138.924438 248.072571 
300.000000 7 5.000000 312.000000 389.000000 a 315.753082 236.535416 396.627014 170.698563 239.927078 90.470993 254.448425 252.483658 418.707550 367.164825 179.359970 276.210052 201.586212 265.062256 156.012817 157.686401 82.419655 383.985687 257.899200 331.006042 376.065155 43.908997 371.400055 196.473923 248.308273 72.780495 249.088333 90.476517 320.003113 389.165771 
300.000000 9 1.000000 292.000000 205.000000 a 149.251465 196.420471 248.887527 212.174454 80.529495 104.388695 237.402618 77.897369 256.070313 239.770721 220.621841 186.000000 171.991272 80.062477 230.417007 271.707550 252.556931 281.149414 230.338882 148.097946 287.264679 222.009003 198.539673 309.040436 88.323273 255.031372 226.002213 99.609238 229.630142 238.600082 
300.000000 11 1.000000 401.000000 222.000000 a 145.910934 298.055359 351.091156 120.929733 188.215302 104.235313 335.943451 177.611938 349.905701 347.850555 299.666473 295.489410 63.505905 155.241745 297.634003 201.467117 271.154938 391.265900 331.049835 187.555328 397.548737 233.122284 202.543823 365.141083 195.112793 260.132660 325.399750 145.340973 339.705750 340.000000 
300.000000 1 3.000000 305.000000 103.000000 a 71.168816 259.669006 220.045456 273.600067 105.603027 199.970001 302.947205 78.492035 206.826019 234.173019 308.137970 223.617981 212.174454 34.713108 324.260712 349.356537 355.373047 289.637695 292.514954 45.276924 305.221222 324.347046 103.232750 405.306061 105.688217 357.113434 290.908936 202.427765 256.493652 208.079315 
300.000000 9 2.000000 258.000000 206.000000 a 170.660477 164.395859 222.679138 240.784134 53.758720 121.037186 206.167404 61.684681 234.804169 209.296448 197.091354 152.003296 204.782806 82.710335 211.255768 294.170013 250.071991 248.386795 198.406143 156.869370 253.712433 223.304718 214.888336 292.097595 62.289646 256.826782 194.550766 100.662804 195.829010 213.037552 
300.000000 10 5.000000 408.000000 330.000000 a 253.568527 306.727905 417.279297 61.522354 248.068542 80.411446 335.435547 248.421021 426.596985 401.363922 274.643402 326.847046 94.339813 241.364868 259.277832 101.607086 191.342621 432.948029 335.035828 289.115906 432.113403 152.751434 310.459351 308.585480 256.444916 171.592545 327.331635 129.634094 373.080414 407.520538 
Type de surveillance de chaque endroit(target):tab[nombre de target]
a a a a a a a a a a a a a a a a a a a a a a a a a a a a a a 
Matrix of neighbour
1 0 0 0 0 0 1 1 0 0 0 0 1 0 1 0 0 0 0 1 0 1 1 0 0 0 0 1 1 1 1 0 0 1 0 1 0 0 1 0  
1 1 0 0 1 1 1 1 0 1 0 1 1 0 1 0 0 0 0 1 0 1 1 0 0 0 0 1 0 1 1 0 0 1 0 1 1 0 1 0  
0 0 1 1 1 1 1 1 1 1 0 1 0 1 0 1 0 1 0 1 0 0 1 1 0 0 1 1 0 1 0 0 1 1 1 1 1 1 1 1  
0 0 0 1 0 0 0 0 0 0 0 0 0 0 1 1 0 0 1 1 0 0 0 0 0 0 0 0 1 0 1 0 0 1 0 0 0 0 0 0  
1 0 0 0 1 1 1 1 0 0 0 1 1 0 1 0 0 1 1 1 0 1 1 0 0 0 1 1 1 1 1 0 0 1 0 1 0 0 1 1  
0 0 0 1 0 1 1 1 0 0 0 0 1 1 1 1 0 1 1 1 0 0 0 0 0 0 1 1 1 1 1 0 0 1 1 1 0 0 1 0  
0 0 0 1 0 0 1 0 0 0 0 0 0 0 1 1 0 0 1 1 0 0 0 0 0 0 0 0 1 0 1 0 0 1 0 0 0 0 0 0  
0 0 0 1 0 0 1 1 0 0 0 0 0 0 1 1 0 0 1 1 0 0 0 0 0 0 1 0 1 0 1 0 0 1 0 0 0 0 0 0  
0 0 0 1 0 1 1 1 1 0 0 1 0 1 0 1 0 1 1 0 0 0 0 0 0 0 1 0 0 0 0 0 0 0 1 1 0 0 1 1  
1 0 0 0 1 1 1 1 0 1 0 1 1 0 1 0 0 1 0 1 0 1 1 1 0 0 1 1 1 1 1 0 0 1 1 1 0 0 1 1  
0 0 1 1 0 1 1 1 1 1 1 1 0 1 0 1 1 1 0 0 0 0 0 1 0 0 1 0 0 0 0 0 0 0 1 1 1 0 1 1  
0 0 0 1 0 1 1 1 0 0 0 1 1 1 1 1 0 1 1 1 0 0 0 0 0 0 1 1 1 1 1 0 0 1 1 1 0 0 1 0  
0 0 0 0 0 0 1 1 0 0 0 0 1 0 1 0 0 0 1 1 0 0 0 0 0 0 1 1 1 1 1 0 0 1 0 0 0 0 1 0  
0 0 0 1 0 0 1 1 0 0 0 0 0 1 0 1 0 1 1 1 0 0 0 0 0 0 1 0 1 0 1 0 0 1 1 1 0 0 0 0  
0 0 0 0 0 0 0 0 0 0 0 0 0 0 1 1 0 0 1 1 0 0 0 0 0 0 0 0 1 0 1 0 0 1 0 0 0 0 0 0  
0 0 0 0 0 0 0 0 0 0 0 0 0 0 0 1 0 0 1 0 0 0 0 0 0 0 0 0 1 0 1 0 0 1 0 0 0 0 0 0  
0 0 1 1 0 1 1 1 1 1 0 1 0 1 0 1 1 1 0 0 0 0 0 1 0 0 1 0 0 0 0 0 0 0 1 1 1 0 1 1  
0 0 0 1 0 0 1 1 0 0 0 0 0 0 1 1 0 1 1 1 0 0 0 0 0 0 1 1 1 1 1 0 0 1 1 0 0 0 0 0  
0 0 0 0 0 0 0 0 0 0 0 0 0 0 0 0 0 0 1 0 0 0 0 0 0 0 0 0 0 0 0 0 0 0 0 0 0 0 0 0  
0 0 0 0 0 0 0 0 0 0 0 0 0 0 0 1 0 0 1 1 0 0 0 0 0 0 0 0 1 0 1 0 0 1 0 0 0 0 0 0  
0 0 1 0 1 1 1 1 1 1 1 1 0 0 0 0 1 1 0 0 1 0 1 1 0 1 1 1 0 0 0 0 1 0 1 1 1 1 1 1  
0 0 0 0 0 1 1 1 0 0 0 1 1 0 1 0 0 0 0 1 0 1 1 0 0 0 1 1 1 1 1 0 0 1 0 1 0 0 1 0  
0 0 0 1 0 1 1 1 0 0 0 1 1 0 1 1 0 1 1 1 0 0 1 0 0 0 1 1 1 1 1 0 0 1 1 1 0 0 1 0  
0 0 0 1 0 1 1 1 1 0 0 1 0 1 0 1 0 1 1 1 0 0 1 1 0 0 1 0 0 0 0 0 0 0 1 1 0 0 1 1  
1 1 0 0 1 0 0 0 0 1 0 0 1 0 1 0 0 0 0 1 0 1 1 0 1 0 0 1 0 1 0 0 1 0 0 1 0 1 1 0  
0 0 1 0 1 1 1 1 1 1 1 1 0 0 0 0 1 1 0 0 0 0 1 1 0 1 1 1 0 0 0 0 1 0 1 1 1 1 1 1  
0 0 0 1 0 0 1 0 0 0 0 0 0 0 1 1 0 0 1 1 0 0 0 0 0 0 1 0 1 0 1 0 0 1 0 0 0 0 0 0  
0 0 0 1 0 0 1 1 0 0 0 0 0 0 1 1 0 0 1 1 0 0 0 0 0 0 1 1 1 1 1 0 0 1 1 0 0 0 0 0  
0 0 0 0 0 0 0 0 0 0 0 0 0 0 0 0 0 0 1 0 0 0 0 0 0 0 0 0 1 0 0 0 0 0 0 0 0 0 0 0  
0 0 0 1 0 0 1 1 0 0 0 0 0 0 1 1 0 0 1 1 0 0 0 0 0 0 1 0 1 1 1 0 0 1 0 0 0 0 0 0  
0 0 0 0 0 0 0 0 0 0 0 0 0 0 0 0 0 0 1 0 0 0 0 0 0 0 0 0 1 0 1 0 0 0 0 0 0 0 0 0  
0 1 1 0 1 1 0 0 0 1 0 1 0 0 0 0 0 0 0 0 1 1 1 0 0 1 0 1 0 0 0 1 1 0 0 1 1 1 1 0  
1 1 0 0 1 1 1 1 0 1 0 1 1 0 1 0 0 1 0 1 0 1 1 0 0 0 1 1 0 1 1 0 1 1 1 1 1 1 1 1  
0 0 0 0 0 0 0 0 0 0 0 0 0 0 0 0 0 0 1 0 0 0 0 0 0 0 0 0 1 0 1 0 0 1 0 0 0 0 0 0  
0 0 0 1 0 0 1 1 0 0 0 0 0 0 1 1 0 0 1 1 0 0 0 0 0 0 1 0 1 1 1 0 0 1 1 0 0 0 0 0  
0 0 0 1 0 0 1 1 0 0 0 0 1 0 1 1 0 1 1 1 0 0 0 0 0 0 1 1 1 1 1 0 0 1 1 1 0 0 1 0  
0 0 0 1 1 1 1 1 1 1 0 1 0 1 0 1 0 1 0 1 0 0 1 1 0 0 1 1 0 1 1 0 0 1 1 1 1 0 1 1  
1 1 0 0 1 1 1 1 0 1 0 1 1 0 1 0 0 1 0 1 0 1 1 0 0 0 1 1 0 1 1 0 0 1 1 1 1 1 1 1  
0 0 0 1 0 0 1 1 0 0 0 0 0 0 1 1 0 1 1 1 0 0 0 0 0 0 1 1 1 1 1 0 0 1 1 0 0 0 1 0  
0 0 0 1 0 1 1 1 0 0 0 1 0 1 0 1 0 1 1 1 0 0 1 0 0 0 1 1 1 1 1 0 0 1 1 1 0 0 1 1  
Connect directly to BS 
0 0 0 1 0 1 1 1 0 0 0 1 1 1 1 1 0 1 1 1 0 0 1 0 0 0 1 1 1 1 1 0 0 1 1 1 0 0 1 0 
Cordinaates of sensors 
1 32.000000 85.000000
2 155.000000 51.000000
3 417.000000 221.000000
4 248.000000 433.000000
5 235.000000 97.000000
6 335.000000 226.000000
7 206.000000 289.000000
8 233.000000 276.000000
9 440.000000 423.000000
10 321.000000 134.000000
11 498.000000 333.000000
12 351.000000 243.000000
13 104.000000 128.000000
14 370.000000 487.000000
15 66.000000 259.000000
16 226.000000 422.000000
17 492.000000 366.000000
18 337.000000 320.000000
19 144.000000 381.000000
20 160.000000 273.000000
21 449.000000 134.000000
22 126.000000 79.000000
23 256.000000 147.000000
24 440.000000 375.000000
25 66.000000 9.000000
26 451.000000 162.000000
27 252.000000 339.000000
28 174.000000 164.000000
29 127.000000 350.000000
30 153.000000 222.000000
31 129.000000 315.000000
32 396.000000 10.000000
33 290.000000 90.000000
34 133.000000 308.000000
35 312.000000 389.000000
36 292.000000 205.000000
37 401.000000 222.000000
38 305.000000 103.000000
39 258.000000 206.000000
40 408.000000 330.000000
