Nombre des capteurs:
40
Nombre des targets:
30
Nombre de type de surveillance:
1

Caracteristiques:
300.000000 6 4.000000 25.000000 472.000000 a 465.145142 406.109589 338.053253 392.378632 457.739014 454.200409 280.919922 483.264923 559.046509 400.359833 442.557343 412.662079 114.109596 560.863647 119.774788 292.494446 568.031677 479.525818 444.207153 381.451172 544.206787 114.284729 497.756958 255.820251 136.058807 218.229233 440.028412 269.235962 335.886871 484.357300 
300.000000 4 4.000000 79.000000 193.000000 a 183.000000 294.183624 234.437622 135.092560 264.775391 468.739807 228.659134 342.005859 321.726593 343.925873 218.009171 178.193710 172.122055 321.224213 240.842270 257.841034 354.966187 432.733185 160.252930 101.212646 337.440369 170.557907 378.191742 242.621109 151.489273 88.413803 225.157730 120.569481 85.094063 201.467117 
300.000000 2 2.000000 172.000000 252.000000 a 259.254700 195.002563 128.891434 137.186005 201.375275 358.615387 118.848640 255.440796 294.608215 236.239288 178.218964 148.529465 177.200455 296.319092 178.664490 148.054047 308.183380 326.098145 229.897797 153.160049 285.804138 159.862442 285.476807 136.209396 165.846313 157.012741 176.867188 11.180340 88.955048 250.353745 
300.000000 4 4.000000 407.000000 288.000000 a 429.962799 53.150730 108.903625 276.898895 165.109055 166.859222 146.996597 94.047859 279.515656 37.363083 217.267120 234.763718 383.443604 285.271790 304.568542 131.518066 240.033325 94.578011 399.224243 332.825775 216.390854 358.715759 81.400246 168.190369 381.035431 393.471741 200.551743 226.565659 277.272430 386.453094 
300.000000 10 2.000000 480.000000 10.000000 a 401.000000 267.988800 320.089050 308.765289 191.175308 429.004669 382.205444 194.180328 133.093948 324.784546 223.163620 262.611877 568.862000 137.000000 540.578369 385.253174 85.866173 330.054535 381.755157 363.628937 106.018867 551.071655 214.347855 416.082916 556.486328 525.129517 218.490280 384.376129 356.029480 334.073334 
300.000000 1 2.000000 130.000000 138.000000 a 137.786072 263.427399 216.926254 63.906181 208.000000 460.114105 231.449783 296.529938 249.435364 325.399750 153.394913 113.282829 241.660919 248.501511 289.062286 259.615112 287.452606 409.316498 108.521889 33.015148 272.124969 235.906769 336.899109 254.772446 222.272354 163.343201 163.688736 127.534309 38.948685 135.944839 
300.000000 6 1.000000 81.000000 465.000000 a 455.004395 356.005615 289.836151 365.625488 415.906250 397.850464 230.601395 434.165863 522.738953 346.030334 406.590698 379.811798 118.532700 525.041931 66.850578 239.770721 526.851990 423.851379 431.375702 363.185913 502.412170 105.990562 446.305939 203.226471 139.086304 221.081436 402.377930 234.360840 310.942108 466.550110 
300.000000 3 3.000000 1.000000 368.000000 a 366.398682 383.641754 312.473999 315.000000 408.006134 482.255127 267.320038 454.234528 494.292419 398.436951 380.064453 345.094177 30.675724 495.104034 147.329559 288.001740 513.813171 485.807587 348.080444 292.494446 492.001007 55.326305 477.545807 254.125946 42.520584 114.856430 381.167938 214.755676 258.031006 392.746735 
300.000000 11 4.000000 456.000000 341.000000 a 501.687164 125.159897 170.698563 348.397766 234.804169 100.439034 191.588104 150.136612 343.739716 61.400326 289.006927 306.913666 426.339081 349.757050 331.354797 168.026779 297.754944 30.016663 470.848175 403.267914 276.052521 400.550873 118.000000 201.896011 427.029266 449.499725 272.200287 286.527496 345.742676 458.632751 
300.000000 9 1.000000 159.000000 237.000000 a 240.684448 208.614471 144.806763 124.907967 204.553177 377.577820 138.408813 265.345062 290.908936 253.402847 175.385284 142.635895 176.867188 292.207123 191.387039 167.600723 308.637329 342.838165 211.681366 135.366165 287.141083 161.969131 297.329773 156.028839 163.404404 145.000000 175.931808 29.410883 73.000000 234.360840 
300.000000 3 5.000000 51.000000 139.000000 a 132.003784 335.934509 282.363251 140.890030 287.001740 521.851501 284.191833 374.213837 320.923676 392.353149 231.698074 191.846298 220.004547 319.225616 300.281525 313.359222 363.572540 479.193085 115.451286 85.088188 349.482483 223.056046 413.619385 300.760712 198.224625 120.503113 242.528351 175.068558 110.855759 165.894547 
300.000000 1 3.000000 89.000000 98.000000 a 88.566360 318.290741 274.000000 102.591423 252.192383 517.302612 288.027771 345.880035 271.022125 382.020935 192.439606 154.719101 266.610199 268.812195 332.340179 316.412720 317.955963 464.944092 64.776543 40.607880 306.106201 266.054504 387.703491 310.161255 245.446533 172.661514 205.526154 182.131821 96.208107 110.788086 
300.000000 9 1.000000 166.000000 395.000000 a 394.707489 246.099579 179.805450 280.030365 309.245850 315.087280 120.673111 324.075623 420.904968 241.665054 306.400055 284.344849 140.943253 423.738129 43.863426 132.230865 420.211853 324.692169 367.164825 292.350830 395.364380 114.843369 337.170593 95.634720 149.164337 206.596222 300.188263 142.021118 231.106033 392.509888 
300.000000 7 2.000000 405.000000 303.000000 a 438.320648 62.801273 109.895409 284.945618 178.084244 154.353485 141.876709 109.178749 293.782227 22.472204 228.560715 244.321503 379.011871 299.487885 296.204315 123.975807 255.007843 89.050545 407.427307 339.676331 231.261749 353.951965 94.873604 160.464951 377.445374 393.066162 212.000000 227.343353 282.554413 396.334442 
300.000000 9 1.000000 464.000000 257.000000 a 457.421021 97.082436 165.873444 308.150940 173.311859 182.537674 210.622879 75.451973 268.799194 94.752312 234.104675 260.345917 445.597351 275.045441 369.437408 196.328812 217.720001 85.866173 427.731232 367.870911 197.800400 421.294434 34.928497 233.002151 442.115356 449.010010 217.248703 281.016022 318.863617 406.988953 
300.000000 7 3.000000 225.000000 300.000000 a 324.678314 149.576065 78.434685 187.299225 197.517090 288.669373 47.707443 222.353317 310.014526 173.666351 197.121796 179.805450 203.442871 313.087860 155.080627 76.843994 308.525513 264.047333 294.333130 217.349945 283.804504 180.013885 243.495377 67.082039 199.278702 214.979065 189.612762 62.289646 151.168777 307.327179 
300.000000 10 4.000000 398.000000 79.000000 a 326.377075 176.739929 218.691559 211.265244 84.148682 368.781769 280.531647 118.258194 81.835197 245.002045 121.297157 161.554947 461.806244 88.238312 435.600739 286.923340 31.400637 275.436005 302.367340 270.253571 8.062258 443.906525 155.241745 315.293518 449.677673 421.086700 113.846390 277.218323 253.665131 263.210938 
300.000000 11 4.000000 145.000000 469.000000 a 463.720825 309.741821 248.477356 355.856720 383.157928 334.348633 186.678864 388.911316 496.910461 290.738708 382.962128 361.265839 159.831161 499.884979 42.953465 189.931564 493.766144 364.584686 437.425415 364.351471 468.625641 139.176147 396.531219 154.858002 176.479462 251.246887 376.324341 218.332321 305.321136 466.001068 
300.000000 1 1.000000 417.000000 403.000000 a 518.356079 158.113876 174.828491 365.920746 276.524872 70.830788 170.390732 208.038452 394.263885 81.492332 322.117981 331.887024 389.607483 399.906250 282.023041 141.852036 355.275940 93.434471 487.119080 414.424896 331.798126 363.320801 184.176544 167.609665 393.742310 428.724854 306.228668 277.411255 351.688782 483.157318 
300.000000 9 4.000000 386.000000 103.000000 a 320.777191 151.198547 191.859329 196.430649 59.405388 348.367615 253.712433 98.432716 96.254868 221.273590 105.304321 145.120636 437.905243 102.459747 409.238312 260.163422 57.567352 257.233368 295.177917 257.007782 32.015621 419.500885 138.924438 288.461426 426.307404 400.552124 95.126228 253.001984 235.053192 260.000000 
300.000000 5 2.000000 107.000000 36.000000 a 38.209946 338.657654 305.790771 115.277924 252.517319 547.768188 330.248383 351.961639 240.916992 408.710175 189.475586 159.530563 331.078552 237.427887 392.073975 357.246399 296.243134 485.856964 8.246211 72.422371 289.249023 329.965149 395.941925 356.202179 309.974182 236.617828 205.341187 230.867935 138.159332 51.088158 
300.000000 3 1.000000 427.000000 69.000000 a 352.966003 193.535522 241.679535 241.615402 112.614388 373.498322 303.797638 126.142776 96.519424 256.758636 151.921036 192.169189 491.049896 102.649887 461.351288 308.133087 31.890438 277.348145 329.862091 300.166626 33.136082 472.747284 156.706726 338.031067 479.262970 451.629272 144.471451 306.204193 284.339600 288.646851 
300.000000 2 3.000000 335.000000 220.000000 a 331.113281 45.967381 64.899925 178.440460 82.054863 261.553040 127.027557 89.560036 205.350922 121.078484 121.642921 135.830780 334.767090 210.152328 287.141083 132.608444 184.954056 192.875610 300.486267 235.925842 159.326706 313.057495 121.037186 161.245148 327.249146 321.801178 105.702415 155.756226 184.694336 287.767273 
300.000000 12 1.000000 465.000000 23.000000 a 386.218842 250.007996 300.926910 290.299835 171.330093 416.203064 363.055084 177.538727 118.270874 308.585480 203.960785 243.583664 549.044617 122.690666 521.015381 366.565125 66.850578 317.694824 366.165253 345.861237 86.267029 531.226868 200.202393 397.075562 536.716858 505.827057 198.957275 364.533936 336.922852 319.626343 
300.000000 3 2.000000 370.000000 21.000000 a 291.207825 232.019394 262.773682 203.531326 121.297157 431.726776 322.567810 181.320160 23.769728 304.200592 126.574089 162.431519 478.716003 29.154760 468.606445 333.246155 42.638012 339.436310 271.311615 255.219513 56.364883 463.548279 219.544983 357.974854 464.226227 424.633972 127.800629 298.760773 254.892136 224.722046 
300.000000 1 4.000000 383.000000 182.000000 a 349.284973 72.780495 124.579292 203.973038 62.936478 273.996338 186.171967 40.162170 170.836182 142.688477 124.277916 153.629425 394.442657 176.589920 347.899414 187.800430 135.484314 188.608063 320.249908 265.414764 110.548630 373.268005 83.725746 219.244156 386.046631 374.977325 107.615051 212.565277 224.722046 297.001678 
300.000000 10 1.000000 138.000000 487.000000 a 480.635010 327.409515 267.001862 374.626495 402.244965 343.371521 205.060974 406.636200 516.202454 306.022888 402.274780 380.489166 168.240906 519.185913 60.033325 207.241409 512.782593 377.773743 454.675720 382.106018 487.607422 149.495819 413.303772 172.678894 186.231033 263.472961 395.627350 237.305710 323.681946 484.066101 
300.000000 10 1.000000 492.000000 244.000000 a 474.684113 125.323578 195.317688 328.006104 186.954544 195.501923 241.356583 86.267029 271.046112 124.197426 249.419327 278.619812 475.857117 277.411255 400.281158 227.191544 215.260315 96.187317 445.588379 388.702972 197.959595 451.685730 41.677334 263.865509 472.051910 477.104797 232.899124 309.161774 342.474823 421.659821 
300.000000 5 2.000000 337.000000 219.000000 a 332.031616 45.343136 66.850578 179.493729 81.006172 261.306335 128.968994 87.361320 204.244949 120.933868 121.655251 136.488098 337.001495 209.086105 289.249023 134.260941 183.294846 191.942703 301.444855 237.191910 157.664200 315.293518 119.067207 163.110397 329.473816 323.896576 105.603027 157.927200 186.303513 288.334869 
300.000000 3 1.000000 409.000000 427.000000 a 531.779114 178.997208 188.438324 380.370880 297.593689 70.035706 175.889175 232.310135 416.638947 103.696671 340.939880 348.604370 385.229797 422.190704 273.000000 146.731049 379.047485 116.180893 500.548706 426.713013 355.316772 358.934540 209.344208 167.943436 390.744171 430.308044 325.379791 284.613770 362.862244 498.943878 
300.000000 6 2.000000 343.000000 249.000000 a 356.113739 24.331051 50.606323 202.726410 111.112556 233.077240 109.603828 94.868332 234.034180 92.417534 151.287811 163.049072 331.436279 239.000000 273.007324 109.772491 209.764160 169.499268 325.209167 257.937988 184.200974 308.444489 115.952576 141.650986 325.829712 328.038116 135.558105 160.078110 202.684479 315.158691 
300.000000 4 1.000000 488.000000 30.000000 a 409.488708 253.712433 308.637329 310.161255 184.835068 409.122223 370.600861 178.084244 141.795624 307.761261 222.283600 262.291809 563.336487 146.372818 530.578003 372.284851 86.884979 310.006439 389.020569 366.750610 102.956299 544.837585 195.634857 403.966583 551.649353 523.359314 216.041656 378.419067 355.242157 343.064148 
300.000000 6 1.000000 366.000000 338.000000 a 435.835968 85.005882 92.655273 283.301971 201.950485 150.814453 101.710373 153.212265 323.558350 34.014702 242.392242 249.929993 336.594727 328.805420 246.619141 78.230431 292.350830 120.016663 404.604736 332.352234 267.469635 310.927643 146.030823 113.159180 337.005920 360.911346 227.055054 201.357895 270.416351 400.780487 
300.000000 9 5.000000 343.000000 368.000000 a 444.814575 117.477661 103.788246 294.810120 230.054337 152.531967 88.588936 189.770920 353.022675 69.656296 264.372833 266.852020 313.159698 358.000000 215.244049 60.008331 325.576416 145.715469 413.632690 339.064880 300.361450 287.062714 183.831451 88.362885 315.626373 347.246307 250.049988 196.458649 274.721680 414.769806 
300.000000 9 2.000000 247.000000 137.000000 a 210.601517 166.901169 146.536682 60.745369 91.005493 380.217041 189.855209 183.412109 157.746628 239.726929 42.801868 16.763054 309.725677 159.201126 310.517303 211.021332 179.602341 313.576141 180.313614 122.262016 160.729584 295.137268 226.002213 223.143448 295.169434 259.832642 48.083260 133.360413 92.048897 167.800476 
300.000000 8 5.000000 478.000000 406.000000 a 562.153870 189.023804 222.407288 408.710175 302.364014 33.000000 227.528015 218.563492 412.361481 115.260574 354.730896 370.028381 450.564087 418.379028 342.644135 199.859955 365.771790 66.483078 531.060242 460.870911 344.400940 424.287628 184.317657 227.694977 454.423798 487.312012 338.103546 331.856903 400.406036 522.142700 
300.000000 12 3.000000 371.000000 287.000000 a 402.483551 34.234486 73.164200 249.002014 152.610611 185.884369 112.946892 104.709122 273.056763 45.221676 197.676498 210.230820 348.313080 278.411560 273.541595 100.687637 241.132736 126.625435 371.474091 302.800262 216.226730 323.805511 106.400185 137.058380 345.492401 357.526215 181.603958 190.874298 245.097946 362.327209 
300.000000 6 2.000000 467.000000 287.000000 a 476.731567 105.621971 168.502228 325.530334 197.083740 152.397507 205.730408 102.859123 297.294464 79.177017 256.070313 279.608643 442.730164 303.488068 359.389771 187.856323 247.420700 56.302753 446.579224 383.885406 227.055054 417.787018 64.938431 224.216415 440.732330 453.203033 239.106674 285.910828 331.651917 428.598877 
300.000000 2 1.000000 8.000000 255.000000 a 255.080383 359.005585 291.619629 229.008728 350.127106 504.733582 266.627075 417.335602 415.356476 395.072144 308.650299 269.651642 105.323311 415.030121 214.401489 293.804352 445.952911 485.498718 239.002090 192.720001 427.182617 117.273186 449.141388 268.391510 83.677956 7.071068 314.084381 175.002853 176.300873 287.311676 
300.000000 5 3.000000 480.000000 358.000000 a 530.947266 154.253036 199.541977 377.708893 261.847290 81.024689 217.368347 173.349365 367.883148 89.693924 317.190796 335.876465 450.000000 373.996002 350.851807 192.509735 319.419800 18.973665 500.136993 432.677704 298.650299 424.018860 137.116745 225.008896 451.536255 476.488190 300.323151 314.682373 375.069336 487.422821 
Type de surveillance de chaque endroit(target):tab[nombre de target]
a a a a a a a a a a a a a a a a a a a a a a a a a a a a a a 
Matrix of neighbour
1 0 0 0 0 0 1 0 0 0 0 0 1 0 0 0 0 1 0 0 0 0 0 0 0 0 1 0 0 0 0 0 0 0 0 0 0 0 0 0  
1 1 1 0 0 0 1 1 0 1 0 0 1 0 0 1 0 1 0 0 0 0 0 0 0 0 1 0 0 0 0 0 0 0 0 0 0 0 1 0  
1 0 1 0 0 0 1 1 0 0 0 0 1 0 0 1 0 1 0 0 0 0 0 0 0 0 1 0 0 0 0 0 0 0 0 0 0 0 0 0  
0 0 1 1 0 0 0 0 0 1 0 0 1 1 0 1 0 0 1 0 0 0 1 0 0 0 0 0 1 1 1 0 1 1 1 0 1 0 0 0  
0 0 0 1 1 0 0 0 0 0 0 0 0 0 1 0 1 0 0 1 0 1 1 1 1 1 0 1 1 0 1 1 0 0 1 0 1 1 0 0  
0 1 1 0 0 1 0 1 0 1 0 0 1 0 0 1 0 0 0 0 0 0 0 0 0 0 0 0 0 0 0 0 0 0 0 0 0 0 1 0  
0 0 0 0 0 0 1 0 0 0 0 0 1 0 0 0 0 0 0 0 0 0 0 0 0 0 0 0 0 0 0 0 0 0 0 0 0 0 0 0  
1 0 0 0 0 0 1 1 0 0 0 0 1 0 0 0 0 1 0 0 0 0 0 0 0 0 1 0 0 0 0 0 0 0 0 0 0 0 0 0  
0 0 1 1 0 0 0 0 1 0 0 0 1 1 0 1 0 0 1 0 0 0 1 0 0 1 0 0 1 1 1 0 1 1 1 0 1 0 0 0  
1 0 1 0 0 0 1 1 0 1 0 0 1 0 0 1 0 1 0 0 0 0 0 0 0 0 1 0 0 0 0 0 0 0 0 0 0 0 1 0  
0 1 1 0 0 1 0 1 0 1 1 0 1 0 0 1 0 0 0 0 0 0 0 0 0 0 0 0 0 0 0 0 0 0 0 0 0 0 1 0  
0 1 1 0 0 1 0 1 0 1 1 1 0 0 0 1 0 0 0 0 0 0 1 0 0 0 0 0 1 0 1 0 0 0 1 0 0 0 1 0  
0 0 0 0 0 0 0 0 0 0 0 0 1 0 0 0 0 0 0 0 0 0 0 0 0 0 0 0 0 0 0 0 0 0 0 0 0 0 0 0  
0 0 1 0 0 0 0 0 0 1 0 0 1 1 0 1 0 0 1 0 0 0 1 0 0 0 0 0 1 1 1 0 1 1 1 0 1 0 0 0  
0 0 1 1 0 0 0 0 1 0 0 0 0 1 1 1 0 0 1 0 0 0 1 0 0 1 0 0 1 1 1 0 1 1 1 1 1 1 0 1  
1 0 0 0 0 0 1 1 0 0 0 0 1 0 0 1 0 1 0 0 0 0 0 0 0 0 1 0 0 0 0 0 0 0 0 0 0 0 0 0  
0 0 1 1 0 1 0 0 1 1 0 0 0 1 1 1 1 0 0 1 1 0 1 0 0 1 0 1 1 0 1 0 1 1 1 0 1 1 0 1  
0 0 0 0 0 0 1 0 0 0 0 0 1 0 0 0 0 1 0 0 0 0 0 0 0 0 0 0 0 0 0 0 0 0 0 0 0 0 0 0  
0 0 1 0 0 0 0 0 0 0 0 0 1 0 0 1 0 1 1 0 0 0 1 0 0 0 1 0 1 1 1 0 1 1 0 0 1 0 0 0  
0 0 1 1 0 1 0 0 1 1 0 1 0 1 1 1 0 0 0 1 1 0 1 0 0 1 0 0 1 0 1 0 1 1 1 0 1 1 0 1  
0 1 1 0 0 1 0 0 0 1 1 1 0 0 0 1 0 0 0 0 1 0 1 0 0 0 0 0 1 0 0 0 0 0 1 0 0 0 1 0  
0 0 0 1 0 0 0 0 1 0 0 0 0 1 1 0 1 0 0 1 0 1 1 0 0 1 0 1 1 0 1 0 1 0 1 0 1 1 0 1  
0 1 1 0 0 1 0 0 0 1 1 0 1 0 0 1 0 0 0 0 0 0 1 0 0 0 0 0 0 0 1 0 1 1 0 0 1 0 0 0  
0 0 0 1 0 0 0 0 0 0 0 0 0 1 1 0 1 0 0 1 0 1 1 1 1 1 0 1 1 0 1 0 0 0 1 0 1 1 0 0  
0 0 0 1 0 1 0 0 0 0 0 1 0 1 1 0 1 0 0 1 1 1 1 0 1 1 0 1 1 0 1 0 0 0 1 0 1 1 0 0  
0 0 1 1 0 1 0 0 0 1 0 0 0 1 0 1 0 0 1 0 0 0 1 0 0 1 0 0 1 1 1 0 1 1 1 0 1 0 0 0  
0 0 0 0 0 0 1 0 0 0 0 0 1 0 0 0 0 1 0 0 0 0 0 0 0 0 1 0 0 0 0 0 0 0 0 0 0 0 0 0  
0 0 0 1 0 0 0 0 1 0 0 0 0 1 1 1 0 0 1 1 0 0 1 0 0 1 0 1 1 1 1 0 1 1 1 1 1 1 0 1  
0 1 1 0 0 1 0 0 0 1 1 0 1 0 0 1 0 0 0 0 0 0 1 0 0 0 0 0 1 0 1 0 1 1 0 0 1 0 0 0  
0 0 1 0 0 0 0 0 0 0 0 0 1 0 0 1 0 1 0 0 0 0 1 0 0 0 1 0 1 1 1 0 1 1 0 0 1 0 0 0  
0 1 1 0 0 1 0 0 0 1 0 0 1 0 0 1 0 1 0 0 0 0 0 0 0 0 0 0 0 0 1 0 1 1 0 0 0 0 0 0  
0 0 0 1 0 0 0 0 0 0 0 0 0 1 1 0 1 0 0 1 0 1 1 1 1 1 0 1 1 0 1 1 0 0 1 0 1 1 0 0  
0 0 1 0 0 0 0 0 0 1 0 0 1 0 0 1 0 1 0 0 0 0 0 0 0 0 1 0 0 0 0 0 1 1 0 0 0 0 0 0  
0 0 1 0 0 0 1 0 0 1 0 0 1 0 0 1 0 1 0 0 0 0 0 0 0 0 1 0 0 0 0 0 0 1 0 0 0 0 0 0  
0 1 1 0 0 1 0 0 0 1 1 0 1 0 0 1 0 0 0 0 0 0 1 0 0 0 0 0 1 0 1 0 1 1 1 0 1 0 1 0  
0 0 0 1 0 0 0 0 1 0 0 0 0 1 0 1 0 0 1 0 0 0 1 0 0 1 0 0 1 1 1 0 1 1 0 1 1 0 0 0  
0 0 1 0 0 1 0 0 0 1 0 0 1 0 0 1 0 1 0 0 0 0 0 0 0 0 0 0 0 0 1 0 1 1 0 0 1 0 0 0  
0 0 1 1 0 0 0 0 1 0 0 0 0 1 0 1 0 0 1 0 0 0 1 0 0 1 0 0 1 1 1 0 1 1 1 1 1 1 0 1  
1 0 1 0 0 0 1 1 0 0 0 0 1 0 0 1 0 1 0 0 0 0 0 0 0 0 1 0 0 0 0 0 0 0 0 0 0 0 1 0  
0 0 0 1 0 0 0 0 1 0 0 0 0 1 0 1 0 0 1 0 0 0 1 0 0 1 0 0 1 1 1 0 1 1 0 1 1 0 0 1  
Connect directly to BS 
1 1 1 0 0 1 1 1 0 1 1 0 1 0 0 1 0 1 0 0 0 0 1 0 0 0 1 0 1 0 1 0 1 1 0 0 1 0 1 0 
Cordinaates of sensors 
1 25.000000 472.000000
2 79.000000 193.000000
3 172.000000 252.000000
4 407.000000 288.000000
5 480.000000 10.000000
6 130.000000 138.000000
7 81.000000 465.000000
8 1.000000 368.000000
9 456.000000 341.000000
10 159.000000 237.000000
11 51.000000 139.000000
12 89.000000 98.000000
13 166.000000 395.000000
14 405.000000 303.000000
15 464.000000 257.000000
16 225.000000 300.000000
17 398.000000 79.000000
18 145.000000 469.000000
19 417.000000 403.000000
20 386.000000 103.000000
21 107.000000 36.000000
22 427.000000 69.000000
23 335.000000 220.000000
24 465.000000 23.000000
25 370.000000 21.000000
26 383.000000 182.000000
27 138.000000 487.000000
28 492.000000 244.000000
29 337.000000 219.000000
30 409.000000 427.000000
31 343.000000 249.000000
32 488.000000 30.000000
33 366.000000 338.000000
34 343.000000 368.000000
35 247.000000 137.000000
36 478.000000 406.000000
37 371.000000 287.000000
38 467.000000 287.000000
39 8.000000 255.000000
40 480.000000 358.000000
