Nombre des capteurs:
40
Nombre des targets:
30
Nombre de type de surveillance:
1

Caracteristiques:
300.000000 6 4.000000 35.000000 449.000000 a 329.028870 456.694641 199.090439 324.887665 462.550537 113.600174 400.026245 452.823364 157.622971 380.663879 45.000000 267.217133 339.838196 386.358643 132.230865 378.651550 501.042908 35.000000 483.712738 425.131744 484.430603 533.251343 376.616516 433.756836 244.182312 296.710297 428.889252 428.160004 441.453278 171.732346 
300.000000 4 2.000000 136.000000 347.000000 a 191.313873 342.118408 145.835526 236.247757 322.074524 134.238586 285.015778 311.852539 128.809937 273.239807 156.588638 152.839783 212.077820 247.309525 89.196411 238.549789 360.661896 170.205765 340.177887 330.711365 340.898804 391.931122 250.545410 321.038940 160.654907 186.424240 297.026947 310.522156 359.947205 85.702972 
300.000000 5 4.000000 348.000000 148.000000 a 138.917236 230.217285 327.482819 277.218323 72.006943 390.518890 209.153061 61.587337 351.512451 232.862625 442.001129 223.215149 176.283859 103.368271 336.471405 97.514099 97.867256 459.200378 51.884487 291.926361 52.773098 130.003845 160.853973 248.943771 294.762604 223.635864 133.146530 205.827591 361.232605 300.975067 
300.000000 10 1.000000 361.000000 6.000000 a 222.991028 352.012787 466.615479 419.004761 182.279999 522.220276 343.284149 179.293060 487.247375 369.997284 564.660950 364.387146 230.531998 165.517365 467.600250 171.825500 176.298050 578.584473 96.628151 423.494995 95.634720 16.970562 299.808258 230.867935 362.220917 366.191193 260.762329 333.997009 346.005768 395.288513 
300.000000 7 5.000000 363.000000 449.000000 a 316.840668 159.831161 129.139465 24.331051 272.442657 221.325546 119.954155 270.542053 171.572144 88.323273 303.145172 114.109596 364.968506 343.198181 197.820633 330.552582 299.446167 329.862091 347.116699 100.881119 348.116364 431.227325 145.382248 482.444824 389.185059 89.470665 197.408203 145.907501 561.769531 328.955933 
300.000000 3 5.000000 187.000000 270.000000 a 101.867561 298.839417 190.876923 231.536179 241.962814 215.336945 245.422089 230.846268 193.064758 243.823700 248.696609 137.295303 132.849533 156.000000 162.363785 146.696960 280.080353 262.488098 249.897980 309.657867 250.571350 299.579712 199.100479 250.343765 143.108353 167.200485 233.214493 265.635101 313.413452 108.779594 
300.000000 6 3.000000 461.000000 452.000000 a 376.113007 115.260574 227.019821 105.513031 275.394257 318.323730 115.169441 277.780487 269.224823 95.131485 400.362335 194.550766 426.751678 389.964111 295.746521 377.751251 291.439545 427.200195 361.138489 34.058773 362.107727 448.218689 166.412140 538.865479 471.296082 162.246719 196.328812 123.911255 629.326599 417.714020 
300.000000 12 2.000000 41.000000 231.000000 a 180.277557 449.908875 295.677185 372.505035 374.354095 270.386749 396.445465 362.465179 276.812225 393.513672 254.866638 280.058929 160.654907 231.216354 235.849533 229.671509 410.019501 253.071136 355.249207 457.922485 355.613556 374.476959 349.914276 223.886139 30.805843 312.603577 380.107880 416.688141 224.510574 64.404968 
300.000000 10 2.000000 490.000000 464.000000 a 404.586212 126.570137 256.158142 136.682114 293.552368 346.417389 138.423264 296.966339 298.001678 122.494896 428.514862 225.842865 455.411896 416.284760 325.676208 404.223938 306.323364 455.439362 380.746643 55.470715 381.697510 467.757416 191.650726 566.325867 502.319611 193.383041 215.675690 141.989441 658.453491 449.090179 
300.000000 3 2.000000 152.000000 275.000000 a 119.570061 332.031616 197.797882 255.634506 276.470612 206.155289 277.708466 265.216888 192.208221 274.116760 228.473190 161.987656 138.452164 176.708801 156.626938 169.026627 314.396240 239.520355 279.873199 338.670929 280.492432 323.817841 232.939911 249.883972 115.801552 193.871094 268.419434 298.918060 300.096649 73.437050 
300.000000 5 4.000000 29.000000 430.000000 a 316.551727 458.328491 206.518768 330.037872 456.826019 125.801430 401.322815 446.813171 166.306946 383.262299 64.140472 267.525696 325.135345 374.085541 137.003647 366.807861 495.395813 54.332310 474.587189 430.167419 475.278870 521.674255 375.421112 416.677338 226.000000 298.100647 426.357819 429.057098 422.232178 155.270737 
300.000000 10 2.000000 481.000000 258.000000 a 283.670593 80.056229 315.939880 206.816345 103.392456 404.101471 104.861816 111.758667 354.324707 136.213074 476.539612 219.713455 331.483032 268.663361 359.380035 259.422424 103.464973 499.992004 190.307648 161.505417 191.128235 273.905090 108.687622 419.909515 425.191711 195.304886 61.032780 79.158073 528.825134 402.776611 
300.000000 10 2.000000 323.000000 303.000000 a 173.112686 158.902481 176.139145 127.200630 151.013245 252.438110 106.230881 144.267120 206.787323 110.113579 318.190186 69.462219 223.664932 192.626587 202.566040 180.024994 187.211105 340.154388 206.886444 178.103897 207.858124 286.183502 60.033325 337.035614 281.256104 67.029846 106.103722 125.717941 426.484467 244.818298 
300.000000 1 1.000000 295.000000 78.000000 a 125.319588 317.944977 381.903137 352.852661 155.878159 430.360321 294.333130 147.085007 398.539825 315.901886 468.975464 285.085938 136.853943 67.882248 375.832397 74.404305 171.432205 482.116180 80.653580 377.486420 80.361679 80.721741 243.460464 172.046509 268.477173 293.155243 220.791763 292.919769 288.617401 297.793549 
300.000000 2 3.000000 175.000000 376.000000 a 208.136978 305.373535 98.600204 190.412704 306.910400 109.480591 248.072571 297.741486 88.645363 233.019318 157.003189 113.745331 238.018906 260.161499 55.731499 249.839951 345.144897 176.816284 337.468506 287.088837 338.280945 398.045227 219.783981 352.754883 205.805740 146.123230 271.073792 275.045441 401.277954 133.660019 
300.000000 3 4.000000 227.000000 174.000000 a 16.278820 299.828278 281.087189 283.593018 185.132385 318.022003 257.945740 173.141556 291.111664 269.001862 352.059662 198.600098 65.734314 52.000000 264.140106 43.266617 218.387268 364.642303 161.891937 336.689758 162.339157 198.040405 203.708130 176.408615 171.020462 217.375244 211.293640 268.302063 269.258240 183.806961 
300.000000 6 3.000000 39.000000 317.000000 a 225.610291 439.501984 238.891190 337.733612 397.020142 194.733154 382.953003 385.768066 211.482864 373.225128 169.567093 253.213348 223.002243 282.391571 170.660477 277.461700 434.939087 167.047897 396.376099 431.973389 396.919373 430.698273 344.209229 305.196655 112.787407 286.937286 385.240173 407.176880 309.930634 52.497620 
300.000000 10 4.000000 184.000000 496.000000 a 326.119598 333.766388 64.660652 188.854446 388.856018 42.720020 281.554626 381.943726 33.955853 255.548431 122.494896 168.834244 358.201050 375.325195 67.446274 364.215607 424.671631 149.482437 436.554688 285.847870 437.457428 505.676788 275.829651 472.978851 315.792664 186.131668 333.754395 310.697601 516.434875 237.474213 
300.000000 12 2.000000 200.000000 178.000000 a 13.038404 320.755371 279.078827 293.751587 212.021225 308.131470 276.400085 200.022491 285.112244 285.112244 336.590240 204.863373 48.826221 70.092796 255.274368 64.815125 245.589081 347.650696 188.042542 353.101959 188.448929 218.634399 222.750977 166.928131 143.753265 226.947128 234.785004 288.646851 251.246887 160.206116 
300.000000 3 1.000000 239.000000 300.000000 a 132.003784 242.002060 155.080627 173.277237 209.976196 204.416245 187.243164 200.204895 169.640793 184.092361 256.035156 79.812279 175.308304 174.183807 149.966660 162.443832 248.509552 274.721680 238.522537 249.647751 239.353302 302.694580 144.086777 294.516541 203.066498 107.814659 185.367203 209.021530 368.021729 160.900589 
300.000000 6 1.000000 119.000000 182.000000 a 92.655273 391.429443 296.233002 341.539154 293.001709 300.043335 342.706879 281.001770 290.327393 346.413055 308.314789 247.632797 68.883957 139.713989 253.396927 139.140213 326.675690 313.464508 265.346954 413.879211 265.650146 282.481873 291.247314 156.460861 64.621979 275.949280 310.942108 358.521973 202.711624 108.632408 
300.000000 6 3.000000 226.000000 141.000000 a 33.541019 319.864044 314.101898 313.600067 190.252457 349.748474 281.485352 178.538513 323.790070 294.869476 381.093170 230.495117 54.083271 25.806976 296.141846 25.179358 219.911346 392.593933 151.119156 361.964081 151.380310 173.948273 227.035233 149.164337 179.203796 247.923370 227.589539 289.385559 249.419327 204.384445 
300.000000 4 2.000000 216.000000 111.000000 a 60.207973 346.659790 344.470612 345.028992 208.124969 376.940308 310.344971 196.865433 352.817230 324.819946 404.465088 262.083954 51.623638 34.438351 323.882690 44.204071 234.394958 414.596191 156.259399 391.532898 156.320190 162.289871 255.978516 120.208153 183.504761 279.474518 252.620270 316.897461 225.853928 219.893158 
300.000000 4 1.000000 369.000000 243.000000 a 173.631790 144.589066 251.334442 182.274521 75.451973 327.519470 113.600174 69.318108 282.363251 135.723984 390.913025 144.779144 223.235306 169.035492 276.682129 157.952530 111.803398 411.870117 141.031906 196.786682 142.031693 225.887146 63.560993 322.076080 312.200256 135.768188 53.758720 115.433968 424.901154 292.745636 
300.000000 12 2.000000 357.000000 195.000000 a 147.959457 187.323257 287.626495 230.008698 56.753853 356.602020 162.163498 45.221676 314.720520 185.162094 413.672577 181.617737 193.582031 129.849915 303.606659 120.353645 94.339813 432.671936 94.201912 245.220306 95.189285 177.180695 113.030968 282.200287 298.202942 178.664490 90.520714 160.863297 389.785828 291.595612 
300.000000 8 2.000000 486.000000 402.000000 a 359.146210 64.498062 257.513092 129.065872 233.060074 351.005707 87.114868 237.143417 300.261566 83.216583 432.047455 201.804367 410.234070 365.098602 321.311371 353.441650 244.462677 458.393921 320.929901 31.384710 321.864868 407.707001 141.484985 517.108276 469.835083 168.074387 156.588638 83.240616 614.065979 424.040100 
300.000000 6 1.000000 252.000000 206.000000 a 53.907330 261.725037 249.649750 243.741669 161.941345 295.447113 218.185699 150.096634 263.910980 228.527893 337.551483 161.074524 104.995239 80.156097 240.875488 68.007355 198.176682 352.665558 158.795471 296.298828 159.452194 211.549042 164.201096 216.889374 193.000000 177.924149 176.465302 229.706329 308.825195 189.362091 
300.000000 10 3.000000 323.000000 375.000000 a 232.723007 159.354950 119.670380 61.611687 213.440857 208.031250 102.786186 208.722305 157.813187 85.023529 283.233124 37.000000 281.016022 260.340149 166.688339 247.695374 246.333115 307.936676 277.362579 142.635895 278.346893 357.945526 92.195442 398.327759 313.459717 5.385165 150.445999 131.320221 479.116882 260.768097 
300.000000 8 4.000000 22.000000 32.000000 a 234.610321 549.155701 473.152191 517.704529 417.493713 465.279480 506.502716 406.306549 463.315216 515.050476 454.762573 424.637482 183.673630 243.846268 424.189819 252.343018 442.232971 452.186920 356.931366 583.065186 356.736603 327.299561 452.603577 109.165016 177.890411 451.270416 458.680725 517.672668 25.000000 257.390747 
300.000000 11 3.000000 467.000000 4.000000 a 305.655029 334.181091 507.631744 434.632019 185.348328 576.071167 343.097656 189.256439 535.075684 373.687042 628.797241 401.150848 324.007721 251.563110 522.427002 254.188904 158.533905 645.773926 136.488098 414.077301 135.771866 118.827606 312.501190 336.719482 455.266968 394.045685 260.278687 325.677765 452.017700 477.896423 
300.000000 9 2.000000 214.000000 213.000000 a 42.107006 292.097595 242.825043 256.844299 200.569183 276.990967 244.969391 188.732620 250.966141 251.467697 311.589478 167.260269 85.959290 93.048378 223.221863 83.630135 236.780487 324.779938 193.093246 319.452667 193.669815 237.170822 192.418808 204.592270 155.157990 189.994736 211.293640 259.383881 285.702637 152.069061 
300.000000 1 2.000000 157.000000 249.000000 a 94.868332 333.109589 219.920441 267.917908 263.910980 232.363937 280.572632 252.335098 216.843262 279.958923 254.403229 173.657715 112.008926 152.410629 182.222397 145.454468 301.144470 264.781036 260.449615 346.070801 261.015320 300.374756 232.834702 224.510574 107.018692 203.806274 263.229950 299.868317 279.723083 85.088188 
300.000000 10 2.000000 310.000000 408.000000 a 256.846252 182.000000 89.358826 51.865211 248.863419 181.342224 128.128845 244.190506 130.188324 104.062485 259.678650 50.089920 303.222687 288.951538 145.825241 276.371124 281.485352 285.308594 312.217865 149.335190 313.198029 391.945160 126.245789 421.858978 322.187836 39.560081 184.401733 157.279999 497.016083 262.651855 
300.000000 7 2.000000 220.000000 278.000000 a 107.377838 264.884888 177.552811 202.311646 215.111603 216.760239 211.558502 204.472488 187.106918 210.639496 260.409302 108.853111 148.000000 154.379410 162.249802 143.391068 253.602051 276.877228 232.551071 276.985565 233.308807 290.243011 165.221069 267.254547 176.366104 136.619904 200.808365 231.682968 339.005890 141.088623 
300.000000 11 2.000000 94.000000 265.000000 a 150.083313 390.877228 236.008469 309.556122 328.907288 221.711517 336.407501 317.320038 220.925323 332.054199 222.315094 217.347641 149.040268 206.712357 180.941986 201.935638 366.083313 226.808289 322.262329 395.770142 322.769257 355.012665 291.755035 241.847061 68.600288 250.107971 326.038330 357.770874 268.868011 23.430750 
300.000000 8 1.000000 257.000000 412.000000 a 245.350769 233.060074 48.764740 102.825096 278.183380 132.400909 177.538727 271.679962 82.619614 155.955124 208.216232 57.982758 286.881500 286.174774 92.962357 274.065674 313.600067 233.383804 330.643311 202.089096 331.581055 404.598572 165.302750 406.044342 285.727142 76.550636 222.874405 206.421906 470.935242 219.829483 
300.000000 7 5.000000 224.000000 132.000000 a 41.109608 327.035156 323.154755 322.605011 194.280731 358.051666 289.401093 182.693726 332.543243 303.211151 388.397980 239.701904 52.345009 23.769728 304.573486 27.658634 222.894592 399.530975 151.009933 370.163483 151.211777 169.177429 234.968079 141.014191 180.834183 257.007782 234.093994 296.804657 243.016464 209.346603 
300.000000 12 5.000000 32.000000 11.000000 a 240.085403 553.032532 487.790924 527.565186 416.293152 483.160431 512.064453 405.368958 479.483063 521.938721 474.948425 435.247070 189.021164 243.823700 440.858246 253.160034 439.396179 473.009521 351.967316 589.896606 351.710114 317.077271 457.861328 100.129913 196.860352 460.870911 461.026031 522.034485 17.262676 276.030792 
300.000000 4 1.000000 17.000000 432.000000 a 325.203003 470.485931 218.215485 342.071625 468.002136 136.124939 413.473083 457.919220 177.724503 395.426361 69.526970 279.646210 332.356750 382.800201 149.003357 375.755249 506.581696 55.027267 484.690613 442.221649 485.372009 530.678833 387.408051 421.701324 229.869522 310.257965 438.170044 441.191559 424.004730 161.384628 
300.000000 2 3.000000 430.000000 258.000000 a 235.648041 93.295227 277.893860 181.466248 79.075912 362.663757 86.469650 82.637764 314.116211 117.085442 432.380615 176.604080 284.541748 225.639099 315.634277 215.501740 98.152939 455.083496 166.433167 162.606888 167.370850 253.300217 66.468040 378.450775 374.626495 156.285004 10.198039 72.780495 484.484253 351.889191 
Type de surveillance de chaque endroit(target):tab[nombre de target]
a a a a a a a a a a a a a a a a a a a a a a a a a a a a a a 
Matrix of neighbour
1 1 0 0 0 0 0 0 0 0 1 0 0 0 1 0 0 0 0 0 0 0 0 0 0 0 0 0 0 0 0 0 0 0 0 0 0 0 0 0  
0 1 0 0 0 0 0 0 0 0 0 0 0 0 0 0 0 0 0 0 0 0 0 0 0 0 0 0 0 0 0 0 0 0 0 0 0 0 0 0  
0 1 1 0 0 1 0 0 0 1 0 0 1 0 1 1 0 0 1 1 1 1 1 1 1 0 1 1 0 0 1 1 1 1 1 1 1 0 0 0  
0 0 1 1 0 0 0 0 0 0 0 1 1 1 0 1 0 0 1 0 1 1 1 1 1 0 1 0 0 0 1 0 0 0 0 0 1 0 0 1  
0 1 0 0 1 1 0 0 0 1 0 0 1 0 1 0 0 1 0 1 0 0 0 0 0 0 1 1 0 0 1 1 1 1 0 1 0 0 0 0  
1 1 0 0 0 1 0 0 0 1 1 0 0 0 1 0 1 1 0 0 0 0 0 0 0 0 0 0 0 0 0 0 0 0 1 0 0 0 1 0  
0 0 0 0 1 0 1 0 0 0 0 0 1 0 1 0 0 1 0 1 0 0 0 1 1 0 0 1 0 0 0 0 1 1 0 1 0 0 0 1  
1 1 0 0 0 1 0 1 0 1 1 0 0 0 1 0 1 0 0 1 0 0 0 0 0 0 0 0 0 0 0 1 0 1 1 1 0 0 1 0  
0 0 0 0 1 0 1 0 1 0 0 0 1 0 0 0 0 0 0 1 0 0 0 1 0 1 0 1 0 0 0 0 1 0 0 1 0 0 0 1  
1 1 0 0 0 0 0 0 0 1 1 0 0 0 1 0 1 1 0 0 0 0 0 0 0 0 0 0 0 0 0 0 0 0 1 0 0 0 1 0  
0 1 0 0 0 0 0 0 0 0 1 0 0 0 0 0 0 0 0 0 0 0 0 0 0 0 0 0 0 0 0 0 0 0 0 0 0 0 0 0  
0 0 1 0 1 1 1 0 1 0 0 1 1 1 0 1 0 0 1 1 0 1 0 1 1 1 1 1 0 0 1 0 1 1 0 1 1 0 0 1  
0 1 0 0 0 1 0 1 0 1 0 0 1 0 1 0 1 1 0 1 1 0 0 0 0 0 0 1 0 0 1 1 1 1 1 1 0 0 0 0  
0 0 1 0 0 1 0 1 0 1 0 0 1 1 0 1 0 0 1 1 1 1 1 1 1 0 1 1 1 0 1 1 0 1 1 0 1 0 0 1  
0 1 0 0 0 0 0 0 0 0 1 0 0 0 1 0 0 0 0 0 0 0 0 0 0 0 0 0 0 0 0 0 0 0 0 0 0 0 0 0  
0 1 0 0 0 1 0 1 0 1 0 0 1 0 1 1 1 0 1 1 1 0 0 0 0 0 1 1 0 0 1 1 1 1 1 1 0 0 0 0  
1 1 0 0 0 0 0 0 0 0 1 0 0 0 1 0 1 0 0 0 0 0 0 0 0 0 0 0 0 0 0 0 0 0 0 0 0 0 1 0  
1 1 0 0 0 0 0 0 0 0 1 0 0 0 1 0 1 1 0 0 0 0 0 0 0 0 0 0 0 0 0 0 0 0 0 0 0 0 1 0  
0 1 0 0 0 1 0 1 0 1 0 0 1 0 1 0 1 0 1 1 1 0 0 0 0 0 0 1 0 0 1 1 1 1 1 1 0 0 0 0  
1 1 0 0 0 1 0 0 0 1 1 0 0 0 1 0 1 1 0 1 0 0 0 0 0 0 0 0 0 0 0 1 0 1 1 1 0 0 1 0  
1 1 0 0 0 1 0 1 0 1 1 0 0 0 1 0 1 0 0 1 1 0 0 0 0 0 0 0 0 0 0 1 1 1 1 1 0 0 1 0  
0 1 0 0 0 1 0 1 0 1 0 0 1 0 1 1 1 0 1 1 1 1 0 0 0 0 1 1 0 0 1 1 1 1 1 1 0 0 0 0  
0 1 0 0 0 1 0 1 0 1 0 0 1 0 1 1 1 0 1 1 1 1 1 0 0 0 1 1 0 0 1 1 0 1 1 0 1 0 0 0  
0 1 0 0 1 1 0 0 0 1 0 0 1 0 1 1 0 0 1 1 1 1 1 1 0 0 1 1 0 0 1 1 1 1 1 1 1 0 0 0  
0 1 0 0 1 1 0 0 0 1 0 0 1 0 1 1 0 0 1 1 1 1 1 1 1 0 1 1 0 0 1 1 1 1 1 1 1 0 0 0  
0 0 1 0 1 0 1 0 0 0 0 0 1 0 0 0 0 0 0 1 0 0 0 1 1 1 0 1 0 0 0 0 1 1 0 1 0 0 0 1  
0 1 0 0 0 1 0 1 0 1 0 0 1 0 1 0 1 1 1 1 1 0 0 0 0 0 1 1 0 0 1 1 1 1 1 1 0 0 0 0  
1 1 0 0 0 1 0 0 0 1 1 0 0 0 1 0 1 1 0 1 1 0 0 0 0 0 0 1 0 0 1 1 1 1 1 1 0 0 0 0  
0 0 0 0 0 1 0 1 0 1 0 0 0 0 0 1 1 0 1 0 1 1 1 0 0 0 1 0 1 0 1 1 0 0 1 0 1 0 0 0  
0 0 1 1 0 0 0 0 0 0 0 1 0 1 0 1 0 0 0 0 0 1 1 1 1 0 1 0 0 1 0 0 0 0 0 0 1 0 0 1  
1 1 0 0 0 1 0 1 0 1 1 0 0 0 1 0 1 1 0 1 1 0 0 0 0 0 0 0 0 0 1 1 1 1 1 1 0 0 1 0  
1 1 0 0 0 1 0 0 0 1 1 0 0 0 1 0 1 1 0 0 0 0 0 0 0 0 0 0 0 0 0 1 0 0 1 1 0 0 1 0  
1 1 0 0 0 1 0 0 0 1 1 0 0 0 1 0 1 1 0 1 0 0 0 0 0 0 0 0 0 0 0 1 1 1 1 1 0 0 1 0  
1 1 0 0 0 1 0 0 0 1 1 0 0 0 1 0 1 1 0 0 0 0 0 0 0 0 0 0 0 0 0 1 0 1 1 1 0 0 1 0  
1 1 0 0 0 0 0 0 0 0 1 0 0 0 1 0 1 1 0 0 0 0 0 0 0 0 0 0 0 0 0 0 0 0 1 0 0 0 1 0  
1 1 0 0 0 1 0 0 0 1 1 0 0 0 1 0 1 1 0 0 0 0 0 0 0 0 0 0 0 0 0 0 0 0 1 1 0 0 1 0  
0 1 0 0 0 1 0 1 0 1 0 0 1 0 1 1 1 0 1 1 1 1 0 0 0 0 1 1 0 0 1 1 1 1 1 1 1 0 0 0  
0 0 0 0 0 0 0 1 0 1 0 0 0 1 0 1 0 0 1 0 1 1 1 0 0 0 1 0 1 0 1 1 0 0 1 0 1 1 0 0  
1 1 0 0 0 0 0 0 0 0 1 0 0 0 1 0 0 0 0 0 0 0 0 0 0 0 0 0 0 0 0 0 0 0 0 0 0 0 1 0  
0 0 1 0 1 1 0 0 0 1 0 0 1 0 1 1 0 0 1 1 0 1 1 1 1 0 1 1 0 0 1 1 1 1 0 1 1 0 0 1  
Connect directly to BS 
1 1 0 0 1 1 0 1 0 1 1 0 1 0 1 1 1 1 1 1 1 1 0 0 0 0 1 1 0 0 1 1 1 1 1 1 1 0 1 0 
Cordinaates of sensors 
1 35.000000 449.000000
2 136.000000 347.000000
3 348.000000 148.000000
4 361.000000 6.000000
5 363.000000 449.000000
6 187.000000 270.000000
7 461.000000 452.000000
8 41.000000 231.000000
9 490.000000 464.000000
10 152.000000 275.000000
11 29.000000 430.000000
12 481.000000 258.000000
13 323.000000 303.000000
14 295.000000 78.000000
15 175.000000 376.000000
16 227.000000 174.000000
17 39.000000 317.000000
18 184.000000 496.000000
19 200.000000 178.000000
20 239.000000 300.000000
21 119.000000 182.000000
22 226.000000 141.000000
23 216.000000 111.000000
24 369.000000 243.000000
25 357.000000 195.000000
26 486.000000 402.000000
27 252.000000 206.000000
28 323.000000 375.000000
29 22.000000 32.000000
30 467.000000 4.000000
31 214.000000 213.000000
32 157.000000 249.000000
33 310.000000 408.000000
34 220.000000 278.000000
35 94.000000 265.000000
36 257.000000 412.000000
37 224.000000 132.000000
38 32.000000 11.000000
39 17.000000 432.000000
40 430.000000 258.000000
