Nombre des capteurs:
40
Nombre des targets:
15
Nombre de type de surveillance:
1

Caracteristiques:
300.000000 1 4.000000 58.000000 268.000000 a 202.417877 193.313217 352.011353 289.862030 380.947510 45.650848 229.157150 390.663544 409.298187 179.387848 417.766693 288.105896 131.026718 352.495392 361.297668 
300.000000 1 2.000000 497.000000 450.000000 a 452.442261 428.141327 380.032898 353.503876 421.886230 520.631348 584.085632 96.130119 266.720825 483.016571 367.271027 544.736633 411.617554 260.768097 147.678711 
300.000000 4 5.000000 14.000000 367.000000 a 107.563934 108.908218 443.879486 378.635712 477.269318 121.066101 333.793335 396.879089 480.401917 287.236847 505.056427 396.429047 228.527893 422.849854 355.759766 
300.000000 11 5.000000 264.000000 283.000000 a 287.975708 264.024628 213.824692 149.856598 257.390747 248.766953 304.200592 219.893158 217.793488 203.855347 259.356903 288.499573 125.399361 160.654907 213.936905 
300.000000 8 2.000000 256.000000 65.000000 a 456.668365 437.932648 111.825760 101.671036 114.271606 299.006683 176.776703 416.082916 236.326050 116.777565 180.471603 95.603348 160.065613 205.138977 424.010620 
300.000000 1 3.000000 151.000000 79.000000 a 405.113556 390.701935 213.527512 181.069046 220.193100 213.490051 80.131142 451.526306 326.056732 35.014282 284.142578 77.620872 122.482651 283.980621 446.768402 
300.000000 12 1.000000 93.000000 88.000000 a 385.003906 373.771332 271.066406 233.805481 278.883484 174.897110 49.477268 479.116882 378.893127 62.649822 342.000000 118.869675 135.915421 333.568573 468.167694 
300.000000 1 5.000000 430.000000 25.000000 a 588.430115 566.053894 95.482986 162.052460 65.192024 467.530762 349.322205 430.976807 163.590958 293.804352 63.198101 250.647156 313.408691 182.718369 459.666168 
300.000000 8 4.000000 492.000000 369.000000 a 458.268494 432.889130 303.329865 283.211945 343.758636 489.698883 526.461792 125.207825 185.951599 426.601685 286.722870 477.899567 363.655060 184.764709 177.428864 
300.000000 6 1.000000 83.000000 108.000000 a 363.989014 353.277496 281.348541 239.718582 292.225952 152.541794 68.029404 470.672913 384.005219 67.268120 352.567719 140.035706 126.621483 336.582825 457.450531 
300.000000 9 4.000000 18.000000 108.000000 a 363.005524 356.665100 346.283112 304.138123 356.091278 138.000000 92.698433 516.815247 447.844849 132.136292 417.479340 190.905731 177.673859 399.215485 498.453613 
300.000000 5 2.000000 281.000000 208.000000 a 352.618774 330.080292 141.014191 74.946648 182.603394 265.731079 261.197235 274.606995 179.354401 161.235855 195.233200 224.948883 111.287918 124.016129 279.179169 
300.000000 12 2.000000 240.000000 295.000000 a 262.011444 238.321213 236.171555 170.882996 278.657501 227.343353 300.509552 226.982376 244.626251 202.141037 284.383545 294.183624 118.004234 187.472672 214.553024 
300.000000 7 4.000000 499.000000 220.000000 a 518.281799 492.931030 184.664566 194.465942 215.601486 481.702179 455.108765 254.615402 52.497620 364.742371 146.696960 383.575287 329.607330 95.036835 296.939392 
300.000000 10 5.000000 90.000000 0.000000 a 472.149353 461.478058 289.675690 271.359528 283.098907 256.320099 41.000000 551.131592 413.227539 128.825470 356.046356 90.271812 215.406586 376.378784 545.094482 
300.000000 12 2.000000 466.000000 175.000000 a 514.068115 489.290314 130.249756 149.254822 159.806137 453.591217 407.982849 287.445648 13.038404 321.833801 92.358002 331.692627 297.053864 68.425140 323.735992 
300.000000 1 2.000000 252.000000 126.000000 a 401.478516 381.725037 116.481758 70.342018 140.616501 262.975281 191.407944 361.167542 215.520294 102.703453 186.903717 139.086304 110.453613 172.652832 365.928955 
300.000000 7 1.000000 222.000000 109.000000 a 402.057220 383.813751 142.790054 104.062485 159.154007 245.733597 156.977707 389.559998 249.194702 72.173401 214.032715 110.308655 104.809349 207.118317 391.230103 
300.000000 7 1.000000 206.000000 143.000000 a 364.485931 346.255676 165.423691 114.004387 188.663727 214.366516 161.969131 367.925262 256.628143 63.063461 235.512207 138.462997 67.416618 208.734283 365.432617 
300.000000 8 4.000000 24.000000 454.000000 a 26.400757 45.541191 495.176727 428.621033 532.786072 208.086517 417.905487 377.001312 510.929535 362.596191 550.342590 473.439545 292.970978 454.604218 328.876862 
300.000000 11 2.000000 314.000000 23.000000 a 521.699158 501.865509 86.838928 121.148666 60.415230 370.600861 233.619354 440.673340 218.160492 187.555328 137.353561 134.951843 228.177567 204.377106 456.584045 
300.000000 7 1.000000 157.000000 350.000000 a 164.146271 141.650986 329.218781 262.688019 368.982391 173.600113 319.180206 265.633209 343.656799 236.103790 382.005249 343.770264 150.562286 286.775177 233.257370 
300.000000 3 1.000000 54.000000 358.000000 a 112.361023 104.086502 407.180542 341.397125 441.955872 117.643532 319.144165 360.302643 440.010223 262.206024 466.970032 372.930298 196.010208 382.498352 321.253784 
300.000000 4 2.000000 492.000000 283.000000 a 484.538971 458.925934 228.265198 221.144745 265.243286 475.441895 477.462036 194.589310 102.459747 381.477386 203.160034 416.557312 332.525177 116.180893 240.052078 
300.000000 10 1.000000 122.000000 345.000000 a 146.812805 127.534309 348.661713 282.143585 386.287445 143.586212 307.743408 299.901642 372.625824 232.690781 404.991364 342.940216 152.738342 315.293518 265.685913 
300.000000 1 5.000000 341.000000 467.000000 a 296.015198 272.066162 373.708435 323.681946 419.934509 391.369385 499.928986 61.188232 304.770416 401.360199 390.483032 487.361267 317.064667 268.732208 15.556349 
300.000000 7 4.000000 479.000000 395.000000 a 440.432739 415.278229 322.220428 297.122864 364.017853 484.481171 533.318848 98.407318 209.954758 432.668457 310.137054 489.841797 365.384735 202.970444 151.716843 
300.000000 3 1.000000 134.000000 461.000000 a 89.453896 65.000000 433.115448 367.539124 475.177856 244.296951 424.322998 267.067413 425.734650 347.368683 479.301575 456.324432 263.471069 372.110199 218.661835 
300.000000 9 4.000000 52.000000 108.000000 a 362.067688 353.409119 312.313934 270.407104 322.628265 142.126709 73.925636 492.148346 414.406799 98.183502 383.521851 163.049072 149.626205 366.350922 476.340210 
300.000000 6 5.000000 128.000000 288.000000 a 200.032501 182.784027 305.502869 240.000000 340.119110 117.745491 252.414337 320.028137 346.359650 175.385284 366.400055 285.770874 97.508972 288.882324 293.727753 
300.000000 5 2.000000 158.000000 425.000000 a 121.630585 96.005211 389.867920 324.353210 432.030090 227.246567 392.624512 244.844849 384.346191 311.102875 436.231598 418.578552 225.319778 330.106049 201.109421 
300.000000 3 4.000000 259.000000 428.000000 a 218.082550 192.844498 350.115692 290.477203 395.600800 302.001648 426.881714 144.544113 313.949036 332.380798 382.852448 428.347992 244.754974 265.706604 105.588821 
300.000000 2 3.000000 218.000000 482.000000 a 173.415680 150.472595 414.559998 353.055237 459.518219 309.347687 462.745056 184.981079 381.702759 374.229889 449.805511 476.517578 286.055939 333.384155 134.059692 
300.000000 5 2.000000 331.000000 337.000000 a 315.412415 289.862030 245.230499 193.313217 291.487549 325.960114 388.212585 137.200577 197.952011 287.210724 269.846252 362.906311 211.400101 150.455978 142.555252 
300.000000 9 3.000000 453.000000 281.000000 a 449.649872 424.094330 207.099014 190.939774 247.679230 436.405762 443.243713 181.603958 95.189285 345.973999 193.837555 386.788055 294.363708 89.044930 221.382019 
300.000000 8 4.000000 394.000000 134.000000 a 484.455353 461.035797 50.000000 74.672615 89.560036 392.326385 326.810333 321.076324 83.240616 244.818298 61.619801 248.847336 233.520874 72.835434 346.554474 
300.000000 9 2.000000 253.000000 348.000000 a 241.138962 215.928223 277.194885 214.720749 321.645782 256.181580 352.771881 182.628036 262.068695 255.665802 317.370453 348.726257 169.684998 208.009613 163.404404 
300.000000 10 2.000000 271.000000 366.000000 a 248.781021 223.224106 287.459564 227.343353 332.758179 280.016083 377.327454 157.546814 260.276764 279.544281 322.769257 370.353882 194.311600 208.700745 138.220840 
300.000000 10 5.000000 27.000000 243.000000 a 227.712540 222.009003 368.469818 309.273346 393.686432 9.486833 210.059509 429.906952 435.744202 178.241409 436.450470 281.256104 149.325150 379.806519 401.061096 
300.000000 8 1.000000 353.000000 254.000000 a 376.191437 351.432770 160.377686 114.843369 206.620422 335.095520 346.092468 206.651886 125.936493 246.594803 185.148590 301.559296 190.800949 70.767227 224.002228 
Type de surveillance de chaque endroit(target):tab[nombre de target]
a a a a a a a a a a a a a a a 