Nombre des capteurs:
40
Nombre des targets:
15
Nombre de type de surveillance:
1

Caracteristiques:
300.000000 1 4.000000 68.000000 245.000000 a 252.232040 216.261414 348.294403 469.137512 405.389923 136.528381 183.698120 320.876923 328.866241 124.651512 223.892838 159.078598 338.070984 252.049591 490.987793 
300.000000 2 1.000000 53.000000 220.000000 a 255.970703 245.415970 366.154327 493.882568 410.780975 139.176147 189.907867 342.187073 323.593872 122.588745 216.836349 176.567261 366.281311 274.643402 516.400024 
300.000000 4 2.000000 190.000000 147.000000 a 104.235313 283.176636 258.860962 427.113556 259.123535 26.683329 53.712196 258.940155 173.565552 32.649654 74.672615 109.444046 353.706085 211.066345 455.070313 
300.000000 4 2.000000 217.000000 1.000000 a 150.585526 430.592621 338.053253 526.673523 243.261169 175.137085 173.158890 361.348877 89.442719 170.461136 76.006577 249.200729 487.348938 333.649506 557.065552 
300.000000 6 5.000000 139.000000 5.000000 a 198.977386 426.973053 386.103607 567.722656 315.930359 173.922394 194.494217 399.200439 166.433167 158.533905 105.418213 260.324799 504.583984 359.235291 597.000854 
300.000000 6 1.000000 208.000000 211.000000 a 116.726173 220.782700 216.667953 370.191833 263.865509 44.944408 47.801674 204.963409 216.898590 67.896980 134.238586 43.382023 287.471741 149.402145 396.914337 
300.000000 2 5.000000 474.000000 75.000000 a 189.465042 460.934906 208.520981 377.298279 34.885529 306.111084 256.462463 266.507050 178.675690 324.866119 258.007751 302.711090 435.270020 297.598724 407.707001 
300.000000 9 5.000000 471.000000 387.000000 a 311.801208 294.159821 125.219810 67.446274 297.321381 358.001404 317.099365 111.503365 405.531738 383.046997 401.403778 279.830292 183.698120 175.482193 98.762344 
300.000000 7 1.000000 26.000000 493.000000 a 449.814392 166.388107 445.920410 464.811798 579.217590 356.880920 383.302765 391.369385 551.739990 357.471680 457.335754 315.356934 286.342438 329.795380 472.128174 
300.000000 10 2.000000 75.000000 146.000000 a 218.515442 302.788696 363.649567 514.812561 372.087341 112.294258 164.234589 352.278290 263.706268 87.475708 156.977707 184.173828 408.727295 292.001709 540.208313 
300.000000 2 3.000000 496.000000 399.000000 a 336.203796 317.516937 148.111450 53.460266 312.526794 385.253174 343.739716 138.974823 427.088989 410.358368 426.713013 307.509338 200.638977 203.157578 83.024094 
300.000000 2 1.000000 174.000000 484.000000 a 372.518463 54.332310 319.001556 316.621216 476.245728 311.160736 317.316864 260.048065 485.025787 322.262329 409.161346 239.927078 138.090546 210.237961 324.006165 
300.000000 1 3.000000 281.000000 203.000000 a 72.993149 248.455231 152.118378 324.445679 196.946686 101.533249 53.254108 155.708054 187.541992 126.810883 141.778000 71.589104 277.735474 122.024590 353.454376 
300.000000 1 4.000000 388.000000 495.000000 a 376.192780 217.919708 221.650620 109.772491 407.726624 381.182373 355.647308 171.236679 485.152557 403.011169 452.004425 293.165497 77.665955 190.601685 110.765518 
300.000000 6 2.000000 301.000000 119.000000 a 14.422205 333.709442 193.214905 382.404236 144.734238 128.860382 83.737686 219.337646 102.078400 146.454773 94.810333 150.455978 360.168030 203.120651 413.010895 
300.000000 11 3.000000 469.000000 50.000000 a 193.744675 477.410736 231.389282 402.497192 48.548943 310.409393 262.589020 288.402496 167.287186 327.731598 254.436630 313.949036 456.826019 316.077515 432.972290 
300.000000 9 1.000000 277.000000 364.000000 a 233.548706 117.324333 164.210236 229.538666 319.507446 212.438232 195.143539 109.562767 348.127838 232.937759 293.410980 124.482933 120.208153 52.201534 250.529434 
300.000000 6 5.000000 260.000000 136.000000 a 33.376640 304.690002 208.197021 390.252472 188.451584 84.528099 43.566040 222.497192 127.224213 102.357216 73.600273 118.680244 346.919312 192.093735 419.952393 
300.000000 6 1.000000 374.000000 419.000000 a 299.173859 194.311600 149.723083 119.641129 335.179047 310.831146 281.575928 95.131485 407.878662 333.793335 376.733337 223.986603 86.278618 117.324333 139.086304 
300.000000 11 3.000000 377.000000 267.000000 a 159.849930 255.691223 38.832977 216.261414 187.968079 214.674179 168.629776 57.035076 260.161499 240.168686 249.040161 150.960266 221.740845 88.238312 246.710358 
300.000000 3 1.000000 326.000000 169.000000 a 50.328918 299.060181 138.408813 326.585358 140.616501 142.056320 89.089844 163.810867 153.443802 165.148422 143.401535 127.914032 310.315979 154.055191 357.145630 
300.000000 7 3.000000 456.000000 422.000000 a 333.541595 276.115906 152.610611 44.598206 331.255188 368.761444 331.605194 124.631454 432.233734 393.223846 420.267761 286.400055 154.870911 178.616913 73.239334 
300.000000 5 4.000000 52.000000 366.000000 a 336.609558 143.108353 374.232544 445.381866 478.023010 233.822586 267.346222 329.686218 431.056854 231.294189 332.290527 209.954758 283.494263 259.753723 460.838379 
300.000000 9 5.000000 397.000000 119.000000 a 104.690018 379.222900 157.035034 345.475037 53.851646 219.738480 168.866806 205.788727 137.360840 239.885391 185.809036 214.618271 369.898621 221.652878 376.789063 
300.000000 7 5.000000 109.000000 20.000000 a 214.888336 416.102142 398.322723 575.346863 341.463043 170.393661 199.481827 406.590698 196.022964 151.221695 121.235306 258.503387 501.886444 361.669739 603.957764 
300.000000 7 3.000000 444.000000 187.000000 a 161.049683 358.810547 92.655273 268.793610 96.005211 260.376648 207.472885 151.637726 219.592804 284.102081 253.148178 225.960175 320.449677 191.627243 299.901642 
300.000000 3 3.000000 93.000000 114.000000 a 200.721207 327.757538 360.006958 520.634216 350.754913 108.452751 155.618118 354.818268 233.137299 83.234612 128.444534 190.924072 425.659485 299.147125 547.219360 
300.000000 3 3.000000 465.000000 91.000000 a 176.589920 442.883728 190.672501 361.796906 22.000000 292.720001 242.297333 248.364655 176.283859 312.181030 249.393265 286.225433 417.076721 279.302704 392.390106 
300.000000 12 3.000000 236.000000 305.000000 a 183.098328 136.970795 181.496552 292.605530 297.733093 141.873184 132.003784 144.256714 296.150299 161.474457 228.875519 55.731499 189.873642 73.979729 316.185059 
300.000000 2 1.000000 302.000000 364.000000 a 233.173752 138.708328 143.840195 206.671234 307.262115 224.510574 201.757278 86.769814 347.012970 246.343262 299.608063 136.458786 115.433968 42.426407 228.779373 
300.000000 8 1.000000 29.000000 389.000000 a 369.134125 156.467255 402.482300 464.294098 510.098022 265.858978 299.866638 355.984558 463.206207 262.589020 363.748535 241.919403 296.966339 286.932037 478.131775 
300.000000 1 5.000000 429.000000 147.000000 a 136.937943 376.948273 128.763351 310.845612 57.723480 246.375732 193.752426 183.926620 179.655228 268.419434 224.207489 226.744354 352.012787 212.758072 342.032166 
300.000000 3 4.000000 162.000000 52.000000 a 152.977127 378.428314 337.250641 516.651733 283.693481 122.983742 142.358704 347.955444 147.220917 110.004547 59.506302 208.396255 452.580383 306.946259 545.706909 
300.000000 6 5.000000 93.000000 247.000000 a 231.205536 202.627731 323.215088 445.915924 383.191864 117.290237 161.901199 296.184052 312.800262 108.853111 209.830887 134.033585 319.037628 227.705948 468.241394 
300.000000 10 2.000000 183.000000 293.000000 a 195.816238 137.032837 232.697235 344.843445 329.247620 120.004166 131.590271 198.436386 301.761505 132.834488 218.506287 61.522354 226.355911 128.319916 367.349976 
300.000000 5 5.000000 173.000000 140.000000 a 120.337029 290.084473 277.108276 444.072052 274.410278 34.785053 72.006943 276.210052 180.424500 25.059929 76.275818 122.539787 366.390503 226.603180 471.793396 
300.000000 1 4.000000 106.000000 193.000000 a 197.010147 248.284119 319.695160 462.352692 352.097992 80.523285 132.517929 302.803558 265.663330 63.134777 159.862442 133.753510 352.465607 239.676865 487.016418 
300.000000 4 5.000000 219.000000 474.000000 a 350.891724 58.796257 279.315247 270.894806 443.694702 303.028046 301.537720 219.317123 465.021515 317.345245 397.011322 224.142807 93.134308 176.139145 279.114685 
300.000000 11 4.000000 36.000000 36.000000 a 273.996338 419.490173 448.064728 615.032532 410.699402 201.675476 243.248840 447.876099 269.670166 177.485214 184.610397 286.839691 521.943481 394.689758 642.152649 
300.000000 5 1.000000 304.000000 155.000000 a 26.400757 301.663727 163.465591 349.905701 153.026138 121.342491 69.375786 184.894562 138.003616 143.171219 117.592514 122.286552 324.098755 167.047897 380.217041 
Type de surveillance de chaque endroit(target):tab[nombre de target]
a a a a a a a a a a a a a a a 