Nombre des capteurs:
40
Nombre des targets:
15
Nombre de type de surveillance:
1

Caracteristiques:
300.000000 1 2.000000 60.000000 142.000000 a 68.963760 305.502869 277.622040 146.085587 157.508728 490.649567 303.980255 421.540039 15.811388 432.348236 110.000000 424.199249 224.361313 392.256287 370.487518 
300.000000 7 1.000000 45.000000 97.000000 a 116.387283 350.202789 321.720367 165.894547 170.847885 532.463135 342.803162 435.093079 60.827625 474.494476 151.426544 468.812317 232.310135 416.515320 399.626068 
300.000000 7 4.000000 287.000000 330.000000 a 240.276917 58.249462 46.097721 209.308380 227.683990 196.596039 30.805843 295.677185 289.401093 139.053940 184.945938 146.164291 245.203995 202.425293 152.013153 
300.000000 4 5.000000 320.000000 319.000000 a 264.425781 88.526833 80.777473 214.755676 230.325851 184.173828 10.630146 266.400085 310.594604 130.146072 204.707108 151.267975 237.918060 169.994110 118.600166 
300.000000 5 2.000000 12.000000 491.000000 a 291.054993 267.082397 272.860779 403.673126 428.179871 412.485138 349.343658 606.010742 336.756592 369.120575 313.982483 317.694824 484.830902 520.048096 470.593231 
300.000000 9 5.000000 77.000000 101.000000 a 107.042046 328.721771 299.546326 133.929092 138.610962 507.256348 315.825897 403.031006 60.166435 449.694336 128.413391 446.838898 200.638977 384.610199 368.582428 
300.000000 2 2.000000 163.000000 361.000000 a 174.063202 92.574295 82.873398 228.089890 252.414337 283.233124 156.850250 406.834106 230.824615 226.761993 153.733536 198.587509 298.616821 323.544434 276.175659 
300.000000 3 2.000000 142.000000 194.000000 a 63.560993 215.406586 186.102127 85.702972 108.300507 395.288513 206.939606 349.267792 94.540993 337.326263 15.231546 333.384155 173.510803 305.235962 278.289429 
300.000000 7 5.000000 17.000000 81.000000 a 141.767410 379.971039 351.863617 197.121796 200.731171 563.692322 374.681183 463.674469 84.970581 505.593719 182.455475 498.663208 260.030762 447.800171 431.616730 
300.000000 6 4.000000 498.000000 486.000000 a 502.003998 266.833282 287.711670 455.043945 467.410950 75.504967 254.699829 380.426086 551.806152 130.923645 446.972046 169.755707 457.866791 284.606750 252.057526 
300.000000 2 3.000000 225.000000 349.000000 a 202.252319 41.012192 20.000000 212.849716 235.212677 233.420227 94.540993 352.241394 256.444916 175.137085 160.654907 159.552505 269.072479 264.070068 215.176666 
300.000000 8 1.000000 405.000000 331.000000 a 347.496765 158.145508 161.009323 277.915466 288.425049 141.283401 94.921021 237.170822 390.865692 108.669220 284.917542 158.420334 277.308502 131.867355 83.600243 
300.000000 10 2.000000 42.000000 324.000000 a 122.065559 218.769287 204.533615 248.726761 272.082703 409.307953 270.266541 489.252502 167.505219 353.226563 157.136887 322.001556 335.180542 421.840027 380.663879 
300.000000 4 4.000000 269.000000 458.000000 a 313.402283 81.394104 111.610931 327.123840 348.212585 155.544205 152.200531 410.396149 369.319641 110.217964 277.742676 61.188232 373.085785 308.525513 255.765518 
300.000000 5 5.000000 86.000000 308.000000 a 100.179840 182.000000 164.201096 208.904282 232.974243 375.250580 226.035400 442.764038 154.149277 317.907227 117.660530 292.049652 293.615387 375.133301 334.426361 
300.000000 10 1.000000 467.000000 360.000000 a 415.779999 213.759216 222.272354 343.292877 352.164734 119.037811 162.262131 254.332458 459.296204 117.796432 353.362427 176.476624 334.252899 155.293274 123.482796 
300.000000 7 3.000000 218.000000 102.000000 a 174.011490 278.337921 248.471329 37.000000 12.369317 422.607391 230.078247 262.030518 172.029068 369.914856 127.027557 384.376129 61.400326 251.509445 245.203995 
300.000000 7 1.000000 203.000000 447.000000 a 268.793610 85.802101 106.620827 310.014526 333.216156 222.299347 173.510803 439.329041 325.582550 174.347351 245.246811 128.082001 369.486115 342.953339 290.766235 
300.000000 11 3.000000 234.000000 484.000000 a 316.056946 107.870293 135.447403 348.127838 370.487518 190.444214 188.859741 450.998901 372.786804 150.840973 289.088226 96.026039 401.310364 350.218506 297.417206 
300.000000 4 4.000000 313.000000 467.000000 a 348.381989 106.780151 136.191040 346.913544 366.350922 111.072052 155.003220 397.756195 403.316254 71.112587 307.092834 16.278820 383.692596 293.388824 241.588486 
300.000000 4 5.000000 399.000000 106.000000 a 334.910431 308.235291 287.689056 195.473785 184.173828 365.855164 223.617981 81.000000 347.759979 330.732513 270.933563 370.669678 123.794182 110.923393 142.898560 
300.000000 6 3.000000 207.000000 189.000000 a 128.413391 194.756256 164.450607 52.009613 75.425461 355.827209 161.721985 285.338409 155.331909 299.848297 61.983868 306.341309 125.363472 240.601334 216.205917 
300.000000 5 5.000000 93.000000 398.000000 a 190.444214 162.237488 159.702850 284.411682 309.095459 338.954285 235.280685 484.802032 243.977463 286.530975 197.800400 246.738724 363.077118 402.715790 355.223877 
300.000000 5 2.000000 457.000000 83.000000 a 397.182587 358.097748 340.147034 256.743073 243.977463 389.400818 271.046112 32.526913 408.754211 361.951660 333.325653 407.618683 180.011108 123.405838 170.261566 
300.000000 11 1.000000 75.000000 130.000000 a 78.160095 305.851257 277.238159 131.186890 140.911316 487.936462 298.819336 405.710480 33.600594 429.930237 106.831642 424.400757 206.951691 379.684082 359.894440 
300.000000 1 3.000000 301.000000 87.000000 a 251.956345 294.771088 267.917908 107.354553 90.138779 403.218292 225.268723 180.005554 255.765518 357.179230 195.064087 384.022125 24.083189 188.353394 197.273926 
300.000000 11 3.000000 170.000000 137.000000 a 114.634201 255.219513 224.875519 36.000000 50.537113 419.609344 225.364151 311.546143 116.726173 363.661926 74.330345 369.012207 118.966385 285.464539 268.972107 
300.000000 12 5.000000 459.000000 66.000000 a 404.728302 373.321564 354.802765 262.773682 248.676498 406.509521 286.574585 45.177429 414.121948 378.977570 341.884491 424.400757 182.989075 140.513351 187.243164 
300.000000 9 5.000000 250.000000 390.000000 a 249.046173 12.649111 41.303753 256.797577 278.210358 191.929672 99.639351 365.453156 303.832184 135.074051 208.633652 112.432205 306.192749 269.564453 217.690140 
300.000000 1 3.000000 343.000000 428.000000 a 342.883362 102.083298 125.876923 321.636444 339.087006 91.706055 120.070816 349.932861 395.455444 34.928497 293.981293 44.271889 349.292145 245.153015 193.865936 
300.000000 8 5.000000 258.000000 258.000000 a 184.889160 120.066650 91.923882 131.700424 150.283066 270.046295 76.367531 269.050171 226.737732 214.114456 120.830460 223.573257 174.040222 196.022964 157.318146 
300.000000 2 2.000000 390.000000 297.000000 a 322.522858 158.294037 154.042206 243.836014 253.207428 177.290726 79.429214 211.142136 363.077118 139.606583 257.846863 183.439362 240.235306 107.377838 55.009090 
300.000000 6 5.000000 420.000000 333.000000 a 362.249908 171.991272 175.729904 290.193054 299.976654 138.057953 110.022728 234.795654 405.217224 111.615410 299.347626 164.468842 286.274353 129.838364 85.146935 
300.000000 4 3.000000 183.000000 380.000000 a 200.481918 71.028160 69.318108 244.086044 267.917908 257.608215 145.825241 404.085388 257.124481 201.920776 175.524933 171.510925 309.614288 316.183502 266.923218 
300.000000 10 1.000000 286.000000 219.000000 a 206.293488 162.188156 136.312149 114.560028 126.751724 287.311676 96.566040 224.510574 239.175674 235.308304 138.437714 254.656631 134.301895 161.523987 132.219513 
300.000000 6 1.000000 69.000000 429.000000 a 221.273590 191.901016 193.328735 322.541473 347.190155 357.475861 269.699829 522.733215 272.360046 308.079529 234.695541 263.212830 401.995026 438.876984 390.483032 
300.000000 6 2.000000 357.000000 245.000000 a 279.460205 168.220093 152.839783 185.647522 193.196793 235.722290 80.709358 185.607117 314.559998 192.044266 212.249847 226.735535 178.885437 98.086693 58.077534 
300.000000 10 4.000000 326.000000 70.000000 a 282.063812 316.303650 290.520233 137.437256 119.402679 412.801392 242.404617 158.151825 284.622559 369.536194 225.228775 400.011261 51.244511 182.035706 199.010056 
300.000000 4 2.000000 156.000000 106.000000 a 127.200630 289.115906 258.785614 58.830265 59.539902 452.823364 258.402802 324.000000 113.145920 397.166199 102.313248 403.019836 122.808792 307.702789 295.372650 
300.000000 5 2.000000 114.000000 27.000000 a 184.165680 377.890198 347.627686 143.401535 133.304169 541.512695 347.028809 374.428894 142.762039 486.261261 184.165680 492.416504 173.011566 378.060852 373.419342 
Type de surveillance de chaque endroit(target):tab[nombre de target]
a a a a a a a a a a a a a a a 