Nombre des capteurs:
40
Nombre des targets:
15
Nombre de type de surveillance:
1

Caracteristiques:
300.000000 2 5.000000 65.000000 381.000000 a 437.599121 263.873077 89.000000 46.690472 356.910339 221.776917 412.043701 179.738693 348.472382 445.925995 235.287064 289.691223 99.624290 282.235718 427.375702 
300.000000 3 2.000000 457.000000 424.000000 a 402.971466 156.952225 306.035950 365.771790 403.031006 211.243942 302.292908 272.259064 419.096649 427.229462 170.484604 529.119995 362.604462 154.466827 35.846897 
300.000000 7 1.000000 375.000000 220.000000 a 184.743057 267.031830 273.426422 304.658813 188.621307 296.492828 92.395889 170.073517 207.889389 208.338669 248.364655 353.954803 376.502319 107.517441 249.104401 
300.000000 5 1.000000 489.000000 429.000000 a 418.211670 185.852097 338.421326 398.120575 424.350098 240.401749 315.601013 302.790344 441.426086 442.883728 201.434860 557.409180 393.696594 182.628036 13.038404 
300.000000 3 1.000000 11.000000 153.000000 a 346.301880 442.353943 269.133789 214.848785 252.699432 418.851990 380.757141 249.899979 231.276886 340.872406 409.003662 69.835518 333.546112 370.757324 557.718567 
300.000000 11 3.000000 356.000000 167.000000 a 129.259430 315.372803 294.278778 314.917450 137.535446 339.744019 51.662365 183.371216 158.808060 152.397507 293.743073 319.915619 401.781036 155.724121 305.039337 
300.000000 8 3.000000 103.000000 413.000000 a 441.702393 217.267120 60.207973 64.124878 367.555450 173.080902 404.474976 169.758652 362.249908 452.621246 190.252457 326.197784 62.201286 254.803848 386.090668 
300.000000 1 2.000000 163.000000 433.000000 a 431.115997 154.029221 52.773098 105.603027 366.956390 110.981979 380.000000 153.941544 365.820984 445.135925 127.577431 360.839294 77.388626 209.773682 325.124603 
300.000000 7 4.000000 92.000000 451.000000 a 479.854156 219.790817 93.509361 102.239914 406.787415 170.017639 439.414398 205.681793 401.721283 491.236206 197.010147 362.063538 24.738634 280.431824 396.102264 
300.000000 8 4.000000 244.000000 5.000000 a 99.959991 478.572876 386.621277 373.310852 72.443085 487.173492 192.314850 286.008728 69.856995 81.049370 450.254364 217.186554 492.154449 331.508667 500.504730 
300.000000 4 5.000000 465.000000 302.000000 a 292.058228 235.274307 320.876923 369.005432 309.828979 281.716156 188.162170 245.293701 329.560303 317.075714 231.898682 469.574280 405.731445 125.602547 141.876709 
300.000000 12 2.000000 43.000000 353.000000 a 430.837555 295.237183 114.477074 56.142673 346.203705 255.180328 413.859894 187.877625 335.596497 437.248199 265.548492 261.007660 133.824509 299.608063 453.812744 
300.000000 8 3.000000 178.000000 28.000000 a 160.377686 469.920197 353.814911 330.578278 88.752464 470.677185 235.732895 265.345062 67.268120 146.342072 439.256195 147.597427 454.102417 336.162170 517.200134 
300.000000 7 2.000000 464.000000 404.000000 a 386.135986 171.292145 310.852051 369.120575 389.708862 224.928879 284.524170 269.317657 406.518127 410.604431 181.730576 522.403076 372.823029 147.827606 44.944408 
300.000000 7 2.000000 192.000000 118.000000 a 166.003006 379.795990 265.731079 249.018066 72.670486 379.606384 199.303787 174.264160 57.628117 165.601929 348.760651 149.281616 369.167969 252.620270 438.853058 
300.000000 7 2.000000 468.000000 297.000000 a 288.901367 241.014526 325.041534 372.645935 308.311523 287.308197 184.805298 248.098770 328.292542 313.969757 237.438416 470.057434 410.589813 129.437241 146.372818 
300.000000 6 1.000000 230.000000 413.000000 a 389.281403 103.711136 82.462112 145.797806 336.719482 83.486526 326.461334 123.405838 340.005890 406.030792 71.281136 370.494263 145.835526 143.533966 259.624725 
300.000000 5 4.000000 414.000000 460.000000 a 427.804871 105.721329 271.737000 333.985016 415.852142 160.227966 331.798126 257.945740 429.377441 451.069824 125.195847 521.138184 316.355804 156.118546 76.157730 
300.000000 9 3.000000 318.000000 237.000000 a 199.007538 242.132202 218.247559 245.977646 173.078018 262.194580 130.357208 111.413643 187.072174 219.082184 217.938065 309.118103 324.104919 88.056801 266.317474 
300.000000 6 2.000000 298.000000 124.000000 a 93.941475 355.202759 294.592926 300.376434 65.764732 370.276917 93.134308 183.412109 86.608315 109.142113 329.123077 255.015686 403.981445 202.615402 370.437592 
300.000000 2 4.000000 156.000000 121.000000 a 199.619644 389.717834 260.007690 235.017014 105.603027 384.502289 235.136124 180.712479 86.533234 197.060898 357.649261 114.725761 358.719940 273.177612 461.806244 
300.000000 7 1.000000 356.000000 475.000000 a 436.371399 46.173584 222.800354 286.225433 411.363586 100.448990 347.765717 229.610535 421.886230 458.118988 70.519501 493.365997 258.000000 153.733536 136.062485 
300.000000 1 5.000000 91.000000 402.000000 a 439.064911 232.142197 66.407829 53.600372 362.692719 188.827957 405.621735 170.836182 356.384613 449.160339 204.462708 313.394318 73.334846 262.488098 399.010010 
300.000000 6 1.000000 351.000000 135.000000 a 96.876213 346.434692 315.158691 330.605499 114.738831 369.167969 40.447498 202.943344 137.742508 120.074974 323.987640 309.006470 423.803009 187.267181 336.181488 
300.000000 5 3.000000 202.000000 217.000000 a 224.008926 283.386658 170.880081 167.430588 148.660690 280.446075 208.482620 75.186432 146.328400 233.420227 251.525345 200.683838 278.172607 174.201035 363.896973 
300.000000 5 1.000000 410.000000 447.000000 a 414.304230 104.995239 264.370941 326.075134 402.323242 159.480408 318.567108 246.473129 415.932678 437.535156 121.148666 509.165985 313.253876 142.779556 78.160095 
300.000000 9 3.000000 477.000000 130.000000 a 166.138504 386.897919 409.059906 436.858093 231.157959 423.608307 86.005814 302.735870 255.440796 189.612762 373.728516 433.668091 512.509521 235.287064 312.193848 
300.000000 6 1.000000 432.000000 381.000000 a 354.682953 156.486420 278.000000 334.533997 353.293091 207.234161 255.313538 230.705444 369.432007 378.725494 160.103088 483.001038 346.975494 108.452751 82.807007 
300.000000 3 5.000000 342.000000 239.000000 a 200.039993 242.123932 235.601364 266.737701 185.321350 266.896973 120.420097 132.230865 201.375275 221.731827 220.465424 331.388000 339.458405 83.006027 250.049988 
300.000000 11 1.000000 372.000000 467.000000 a 429.348358 63.150612 234.350159 297.410492 408.044128 117.686020 338.533600 233.308807 419.490173 451.558411 84.172440 497.547974 274.116760 148.276764 118.663391 
300.000000 3 4.000000 444.000000 490.000000 a 463.289337 134.450729 309.808014 372.700958 455.448120 187.010696 364.869843 300.293182 469.622192 487.015411 159.354950 563.564575 346.324982 197.060898 65.115280 
300.000000 6 3.000000 167.000000 407.000000 a 405.789368 160.103088 29.068884 89.375610 340.771179 123.794182 357.015411 128.444534 339.524658 419.487793 130.384048 337.800232 96.876213 193.651749 322.902466 
300.000000 4 4.000000 142.000000 118.000000 a 211.322037 398.177094 263.273621 234.968079 117.392502 391.281219 249.242859 188.859741 97.061836 207.663193 365.833282 100.424103 359.701263 284.985962 474.016876 
300.000000 9 2.000000 6.000000 277.000000 a 408.494812 364.993164 180.886703 117.613777 317.042572 330.493561 412.466980 214.394501 301.496277 410.128021 333.264160 189.066132 218.330032 338.008881 509.459503 
300.000000 7 1.000000 401.000000 417.000000 a 383.214050 110.113579 249.609695 309.560974 371.215576 162.360703 288.173553 221.110825 385.051941 406.361908 117.643532 482.038391 308.501221 112.361023 90.520714 
300.000000 6 5.000000 208.000000 433.000000 a 414.892761 111.892807 74.966660 137.611771 358.708801 76.694199 354.830933 143.502609 360.555115 430.907196 83.432610 377.955017 117.745491 173.233948 280.144592 
300.000000 8 5.000000 283.000000 167.000000 a 139.316193 313.166077 249.873962 258.804932 95.189285 326.038330 114.490173 138.195511 108.908218 154.538025 286.062927 249.537567 359.289581 165.496231 343.001465 
300.000000 8 2.000000 109.000000 66.000000 a 230.586212 459.314697 318.198059 283.176636 143.422455 450.976715 288.951538 249.994003 119.205704 220.292984 426.812592 69.079666 409.147888 345.485168 533.869812 
300.000000 5 4.000000 161.000000 311.000000 a 324.519653 224.555115 70.349129 72.718636 251.071701 204.882889 293.298492 62.625874 247.250885 335.287933 191.175308 247.824539 175.684372 180.335800 352.264099 
300.000000 4 3.000000 398.000000 227.000000 a 197.342346 266.923218 288.534241 322.931885 209.322723 300.176605 98.249680 188.820023 229.381775 221.713776 250.912338 377.933868 389.235138 110.788086 233.077240 
Type de surveillance de chaque endroit(target):tab[nombre de target]
a a a a a a a a a a a a a a a 