Nombre des capteurs:
40
Nombre des targets:
30
Nombre de type de surveillance:
1

Caracteristiques:
300.000000 8 5.000000 30.000000 211.000000 a 442.232971 417.268494 308.967621 128.035156 345.052185 375.449066 363.077118 213.215851 164.368484 324.755280 392.073975 53.009434 323.125366 288.530762 180.878418 298.511292 365.164337 147.962830 430.846832 249.633728 162.742126 287.405640 138.003616 254.654663 190.515091 439.764709 230.783447 282.200287 331.472473 410.474121 
300.000000 11 1.000000 107.000000 20.000000 a 471.291840 459.108917 359.005585 309.012939 332.615387 484.990723 236.103790 363.880463 92.048897 359.922211 383.400574 224.588516 333.946106 130.384048 239.776978 311.834900 422.654694 336.269226 479.350616 138.350998 318.064453 393.395477 302.041382 423.925690 63.007935 311.411316 424.976471 150.615402 239.282257 501.295319 
300.000000 2 4.000000 260.000000 258.000000 a 209.697403 188.308258 80.000000 191.269440 122.090134 208.338669 245.458755 157.746628 320.315460 90.824005 162.003082 187.683243 91.547798 249.064255 55.154327 69.123077 143.010483 214.662521 205.299774 189.525726 149.566040 124.004036 161.245148 223.271133 320.663361 299.132080 279.302704 216.037033 188.448929 218.764709 
300.000000 6 1.000000 76.000000 397.000000 a 381.284668 348.661713 264.168518 69.260376 349.000000 243.298172 456.277313 85.702972 354.611053 289.499573 379.043518 155.029022 312.771484 419.153900 208.060089 295.528351 293.170593 43.737854 352.625854 364.045319 82.758682 185.607117 83.192551 74.813103 377.359253 520.973145 51.623638 398.026367 406.007385 292.035950 
300.000000 7 2.000000 363.000000 172.000000 a 190.588562 191.324326 139.560028 321.398499 46.572525 292.656799 146.372818 290.642395 366.006836 119.364990 89.375610 298.328674 76.941536 205.231583 167.155609 77.826729 182.024719 346.625153 214.105118 162.889526 283.063599 233.460922 292.405548 354.153931 352.933411 176.773865 413.469452 168.371613 89.844307 279.000000 
300.000000 12 3.000000 409.000000 204.000000 a 142.940552 150.562286 132.774246 349.721313 36.400551 274.116760 188.904739 304.921295 420.415283 107.200745 37.947330 338.141968 72.801102 259.268188 202.704224 89.961105 156.041656 372.533234 173.046234 218.826416 306.373962 231.490814 319.582550 363.589050 408.306244 200.202393 431.009277 222.829529 138.231689 251.246887 
300.000000 12 3.000000 21.000000 400.000000 a 436.146759 403.629791 317.245972 94.366310 398.503448 296.141846 492.760590 140.431473 353.005676 342.163696 430.813171 166.337006 363.323547 445.820587 248.823227 344.843445 348.053162 65.764732 407.707001 393.859100 128.502914 240.674057 119.854080 121.840057 379.697235 560.736145 49.648766 428.239410 445.479523 345.781738 
300.000000 2 3.000000 21.000000 107.000000 a 490.828888 470.967102 362.505157 229.264038 370.696655 456.846802 331.789093 306.349487 60.033325 372.108856 421.531738 144.668594 358.860687 236.780487 228.569458 334.053894 424.304138 251.431900 487.862671 218.160492 255.820251 365.000000 233.465195 354.812622 89.022469 410.143890 335.171600 243.823700 316.697021 485.077301 
300.000000 11 2.000000 31.000000 94.000000 a 488.466980 469.554047 361.653137 239.493210 365.328613 460.821014 319.112823 313.746704 48.507732 370.151306 416.432465 153.844070 355.128143 222.467972 228.326523 330.492065 424.057770 262.619507 486.963043 206.400101 263.539368 368.570221 241.960739 364.166168 74.148499 397.327332 347.466553 230.930725 306.104553 487.517181 
300.000000 11 2.000000 406.000000 256.000000 a 96.254868 99.297531 96.041656 331.903595 49.819675 225.035553 237.507889 275.485016 439.829498 69.835518 21.931713 333.294159 55.578773 298.457703 197.914124 80.411446 105.848946 351.920441 122.000000 251.984131 284.763062 192.096329 301.317108 329.256744 431.588928 252.285553 402.087067 261.335022 183.469345 199.684753 
300.000000 3 1.000000 290.000000 92.000000 a 296.770966 293.373474 216.684097 314.579071 151.162170 368.598694 83.868942 315.981018 274.710754 205.496964 197.648682 263.797272 167.502243 97.637085 166.090332 153.525238 272.800293 343.406464 315.753082 58.309521 290.987976 291.446381 290.833282 383.700409 256.041016 155.331909 424.124969 60.464867 47.381432 366.346832 
300.000000 5 4.000000 227.000000 236.000000 a 248.781021 227.923233 119.620232 171.723618 149.214615 239.232101 239.033478 158.823807 281.042694 129.769028 194.041229 154.116837 124.579292 226.221130 18.027756 100.124924 182.332108 198.002518 244.951019 166.243790 137.974640 149.906631 143.600143 226.523727 282.336670 300.507904 271.494019 196.155548 186.010757 254.403229 
300.000000 9 2.000000 187.000000 99.000000 a 358.938721 346.770813 248.229736 251.924591 221.963959 381.702759 171.813858 282.294159 175.863586 247.881027 273.197723 182.879745 221.578430 102.083298 139.742615 199.409134 311.554169 281.400085 367.164825 56.938564 244.049179 292.514954 235.274307 347.908020 162.889526 249.771896 368.792633 89.498604 150.562286 393.547974 
300.000000 10 4.000000 100.000000 133.000000 a 409.216339 390.544495 283.028259 195.829010 287.543030 389.165771 265.113190 254.182999 118.139748 290.987976 338.363708 112.294258 276.090576 184.114090 150.655243 251.382172 345.828003 223.304718 408.207062 149.883286 206.651886 296.516449 189.380569 311.969543 125.219810 343.169067 312.193848 180.601776 241.615402 412.665710 
300.000000 12 2.000000 70.000000 66.000000 a 470.919312 454.805450 349.450989 262.274658 340.332184 461.862549 275.771637 326.643524 54.424259 354.684357 391.761414 176.025574 334.790985 176.139145 220.367874 310.924438 412.989105 288.006958 473.565216 166.048187 278.226532 369.238403 259.422424 382.562408 51.971146 353.479858 375.587555 187.541992 267.748016 483.811951 
300.000000 6 3.000000 226.000000 237.000000 a 249.274948 228.265198 119.854080 170.343765 150.336288 238.650375 240.393433 157.496033 280.978638 130.268951 195.023071 153.081680 125.483070 227.266357 17.000000 101.079178 182.452728 196.603668 245.203995 167.299133 136.561340 149.164337 142.200562 225.204346 282.453522 301.915558 270.083313 197.294189 187.408646 254.096436 
300.000000 10 5.000000 27.000000 6.000000 a 541.324280 526.430420 422.148071 326.663422 406.970520 535.510986 316.697021 396.944580 41.773197 426.356659 458.248840 240.441254 404.400787 210.038086 294.083313 381.083984 485.824036 350.406921 545.619812 218.579498 347.558624 442.867920 327.232330 450.147766 22.671568 391.005127 435.555969 231.812424 320.156219 557.602905 
300.000000 12 2.000000 472.000000 483.000000 a 144.256714 138.350998 230.722778 419.672485 283.134247 162.634567 473.895569 328.562012 628.732849 231.036789 248.294174 466.135162 264.321777 528.160950 360.118042 282.115234 166.964066 424.095520 115.693558 475.673218 369.102966 233.927338 394.361511 339.365570 629.784119 482.034241 425.079987 491.057037 419.325653 113.600174 
300.000000 11 1.000000 117.000000 41.000000 a 449.774384 437.028595 336.264771 289.126282 312.313934 461.732605 226.433212 341.716248 98.183502 337.616638 363.341431 205.759567 312.417999 123.939499 216.517899 290.000000 399.962494 316.812256 457.106110 122.482651 296.432129 370.158081 281.044495 402.402771 75.690155 303.265564 405.738831 139.003601 224.555115 478.138062 
300.000000 1 5.000000 370.000000 144.000000 a 212.849716 216.342316 168.404282 341.760162 73.171036 321.460724 120.074974 315.905060 364.156555 148.124954 108.706024 312.750702 105.721329 188.798828 185.930099 106.103722 210.038086 367.836914 239.140121 153.075150 305.643585 261.772797 313.445374 380.297241 348.432190 148.000000 437.321381 152.970581 66.730804 307.079803 
300.000000 11 2.000000 363.000000 51.000000 a 302.689606 308.690796 257.965118 394.575714 166.433167 412.292358 31.240999 386.587646 344.023254 239.676865 197.699265 347.247742 197.365143 132.502823 241.478775 193.380447 303.014862 422.887695 331.436279 128.413391 367.009521 346.359650 369.380554 453.484283 320.407562 72.346390 500.695526 107.377838 43.600460 400.000000 
300.000000 4 5.000000 76.000000 355.000000 a 377.298279 346.001434 252.794388 27.658634 329.309875 257.390747 422.933807 87.641312 313.229950 276.741760 363.661926 113.039818 295.083038 380.717743 177.800446 275.675537 290.001709 8.062258 352.625854 326.840942 59.774578 186.959885 48.836460 105.948097 335.529419 490.066315 90.138779 361.066467 374.809296 302.630127 
300.000000 10 3.000000 217.000000 223.000000 a 263.410339 243.281723 135.417877 171.026306 158.113876 254.960785 233.006439 167.026947 264.915070 144.474915 204.707108 145.248062 136.312149 213.936905 16.124516 111.462997 198.398590 198.398590 260.633850 154.175232 141.605087 164.975754 144.312164 234.785004 265.956757 297.257477 275.223541 185.153992 182.123581 270.739716 
300.000000 4 5.000000 359.000000 75.000000 a 281.177887 286.024475 233.636475 375.150635 142.898560 387.980682 50.596443 364.178528 341.151001 215.455338 176.264008 331.187256 173.184875 138.235306 220.780441 169.056198 279.087799 403.140167 308.807373 123.101585 346.005768 322.262329 349.310760 430.813171 319.595062 92.314682 479.641541 108.157295 24.596748 376.021271 
300.000000 6 4.000000 113.000000 108.000000 a 411.611481 394.964569 289.352722 222.173355 283.769287 403.866302 243.846268 276.030792 112.058022 294.869476 335.094025 139.842773 276.123169 158.050629 160.801117 251.962296 352.881012 250.081985 413.580719 128.736160 229.871704 311.416107 214.002335 335.721619 111.040535 322.243683 339.094391 157.496033 225.077759 424.439636 
300.000000 6 3.000000 492.000000 42.000000 a 300.541168 319.756165 312.921722 499.895996 210.508911 455.505219 149.753128 473.780548 473.026428 288.293243 210.344955 464.285461 249.633728 257.000000 343.677185 258.507263 336.481812 526.421875 340.076477 257.526703 464.656860 411.048645 472.016937 536.889160 448.491913 83.186539 596.196289 236.000000 161.124176 428.861298 
300.000000 8 1.000000 445.000000 97.000000 a 243.131653 258.027130 241.499481 430.267365 138.924438 386.943146 123.709335 401.639130 428.924225 217.368347 145.000000 399.260559 177.867935 225.461746 274.401154 186.171967 268.868011 456.265259 279.517456 210.736801 393.629272 339.235901 401.888031 464.559998 408.138458 96.840073 524.549316 196.840042 108.558739 363.373077 
300.000000 4 1.000000 349.000000 59.000000 a 299.628113 303.898010 248.261963 379.011871 160.124954 402.796478 32.557640 372.507721 330.218109 231.034622 194.794769 331.157074 189.010574 122.249741 226.459717 183.324844 295.489410 407.413788 326.695587 113.534134 352.051147 334.773071 354.031067 439.604370 307.358093 88.238312 485.720093 94.540993 29.546574 392.249908 
300.000000 2 5.000000 429.000000 67.000000 a 274.052917 287.085358 261.047882 434.200409 159.423965 410.332794 94.847244 412.710541 410.487518 238.296036 173.184875 396.687531 197.091354 200.282303 278.028778 201.692841 293.833282 461.183258 309.001617 193.023315 400.644470 357.000000 406.834106 477.296539 387.738312 63.953106 533.175415 174.797028 93.941475 389.630585 
300.000000 1 5.000000 438.000000 466.000000 a 126.889717 113.137085 196.458649 381.811462 256.846252 127.141655 449.161438 290.998291 592.555481 199.060287 226.638474 428.253418 234.718979 498.334229 323.854919 250.890411 133.146530 386.579865 90.553848 444.544708 331.158569 195.920898 356.387421 303.871674 594.357666 462.432709 389.802521 461.410889 393.193329 76.485291 
300.000000 1 2.000000 29.000000 481.000000 a 446.829956 413.010895 343.001465 161.919739 435.214874 282.780823 552.007263 165.414627 434.115204 369.238403 460.157593 243.016464 397.458160 514.883484 303.209503 382.627747 360.136078 132.853302 412.584534 460.184753 177.628830 252.239960 179.359970 112.605507 460.244507 615.507935 44.721359 494.216553 500.888214 335.344604 
300.000000 7 1.000000 265.000000 140.000000 a 274.488617 265.414764 176.173218 262.360443 134.272110 323.289337 137.306229 261.963745 262.992401 170.000000 185.299759 217.412048 138.057953 132.981201 112.004463 118.511604 236.636856 290.869385 286.818756 75.769386 237.134979 242.033051 237.766693 329.710480 251.001999 204.707108 370.482117 98.412399 90.000000 326.075134 
300.000000 3 4.000000 88.000000 123.000000 a 424.633972 406.099731 298.638580 205.087784 302.001648 404.101471 272.472015 266.895111 102.649887 306.493073 352.956085 119.941650 291.194092 187.002670 166.243790 266.542694 361.448486 231.864182 423.803009 157.203690 218.680130 311.464294 200.442017 323.433136 111.085556 350.800507 320.382599 186.507370 251.733994 428.029205 
300.000000 2 3.000000 282.000000 265.000000 a 186.724396 165.894547 58.694122 209.687866 104.656578 197.144623 245.692902 167.657394 341.603577 67.779053 141.230301 210.261749 71.063354 258.940155 78.185677 51.000000 122.380554 231.769287 183.403931 200.352188 165.484131 118.869675 179.301422 230.852768 340.851868 294.307648 292.001709 224.510574 187.259186 202.871887 
300.000000 5 2.000000 478.000000 451.000000 a 113.780487 112.004463 211.520691 414.662506 255.665802 167.242340 444.973022 325.829712 611.471191 208.830078 218.563492 455.747742 239.453537 502.555481 343.739716 258.652283 148.165451 421.318176 90.138779 451.359070 363.346954 227.705948 388.068298 343.093292 610.946777 451.008881 429.116547 465.365448 391.287628 115.000000 
300.000000 8 3.000000 117.000000 409.000000 a 343.011658 309.919342 231.209854 88.238312 321.602234 200.591629 443.846832 51.865211 375.030670 257.186707 347.817474 172.699158 284.036957 416.654541 195.058960 268.931213 255.001968 73.661385 312.745911 359.279846 73.756355 146.509384 87.143562 38.470768 394.807556 504.604797 75.153175 392.441071 390.805573 249.559616 
300.000000 2 2.000000 298.000000 209.000000 a 202.943344 190.790466 100.424103 246.611023 77.414467 251.336426 187.480667 219.738480 322.622070 93.648277 126.846367 227.407120 65.802734 208.139374 93.300591 43.185646 160.153046 271.891510 211.634125 152.200531 208.827682 176.912415 217.635010 285.175385 316.006317 237.539474 340.330719 172.200470 129.034882 250.577332 
300.000000 1 1.000000 249.000000 399.000000 a 212.360550 178.756821 119.473846 181.466248 221.359436 86.977005 383.692596 91.005493 420.480682 145.248062 234.232788 235.849533 182.222397 389.185059 166.865219 176.204422 125.355492 186.510056 180.471603 329.256744 131.529465 20.808653 157.155975 122.196564 430.010468 429.634735 204.362427 357.068634 325.135345 125.299644 
300.000000 3 4.000000 12.000000 343.000000 a 441.010193 410.147522 314.186249 71.589104 384.246002 321.076324 457.621033 152.554901 296.082764 337.191345 421.770081 117.991524 352.059662 401.888031 223.707397 331.102692 354.170868 57.070133 417.306854 353.135956 121.148666 252.035706 102.181213 158.521286 323.586151 528.920593 104.752090 387.475159 414.335602 367.239716 
300.000000 3 4.000000 147.000000 58.000000 a 416.124969 404.030945 304.685089 277.713867 277.965820 434.165863 198.436386 322.262329 128.471786 305.004913 328.937683 198.322968 278.775909 102.000000 189.433365 256.688538 368.207825 306.360901 424.364227 89.805344 279.351044 343.470520 266.309967 385.186981 109.444046 276.327698 395.339081 110.168053 192.052078 448.447327 
Type de surveillance de chaque endroit(target):tab[nombre de target]
a a a a a a a a a a a a a a a a a a a a a a a a a a a a a a 
Matrix of neighbour
1 0 0 1 0 0 1 0 0 0 0 0 0 0 0 0 0 0 0 0 0 1 0 0 0 0 0 0 0 0 1 0 0 0 0 1 0 1 1 0  
1 1 1 0 1 0 0 1 1 0 1 1 1 1 1 1 0 0 1 1 0 0 1 0 1 0 0 0 0 0 0 1 1 0 0 0 1 0 0 1  
1 0 1 1 0 0 1 0 0 0 0 1 0 0 0 1 0 0 0 0 0 1 1 0 0 0 0 0 0 0 0 0 0 0 0 1 0 1 1 0  
0 0 0 1 0 0 0 0 0 0 0 0 0 0 0 0 0 0 0 0 0 0 0 0 0 0 0 0 0 0 0 0 0 0 0 1 0 0 0 0  
0 0 1 0 1 0 0 0 0 1 0 1 1 1 0 1 0 0 0 0 0 0 1 0 1 0 0 0 0 0 0 1 1 1 0 0 1 1 0 1  
0 0 1 0 1 1 0 0 0 1 1 1 1 0 0 1 0 0 0 0 0 0 1 0 0 0 0 0 0 1 0 1 0 1 0 0 1 1 0 1  
0 0 0 1 0 0 1 0 0 0 0 0 0 0 0 0 0 0 0 0 0 1 0 0 0 0 0 0 0 0 0 0 0 0 0 1 0 0 0 0  
1 0 1 1 0 0 1 1 0 0 0 1 0 1 0 1 0 0 0 0 0 1 1 0 1 0 0 0 0 0 0 0 1 0 0 0 1 0 1 0  
1 0 1 0 0 0 0 1 1 0 0 1 1 1 0 1 0 0 0 0 0 1 1 0 1 0 0 0 0 0 0 1 1 0 0 0 1 0 1 0  
0 0 1 0 0 0 0 0 0 1 0 1 1 0 0 1 0 0 0 0 0 0 1 0 0 0 0 0 0 0 0 1 0 1 0 0 1 1 0 0  
1 0 1 0 1 0 0 1 1 1 1 1 1 1 1 1 0 0 1 0 0 0 1 0 1 0 0 0 0 0 0 1 1 1 0 0 1 0 0 1  
1 0 0 1 0 0 1 0 0 0 0 1 0 0 0 1 0 0 0 0 0 1 0 0 0 0 0 0 0 0 0 0 0 0 0 1 0 1 1 0  
1 0 1 0 0 0 0 1 0 0 0 1 1 1 0 1 0 0 0 0 0 1 1 0 1 0 0 0 0 0 0 1 1 1 0 0 1 0 0 0  
1 0 1 1 0 0 1 0 0 0 0 1 0 1 0 1 0 0 0 0 0 1 1 0 0 0 0 0 0 0 0 0 0 1 0 1 0 0 1 0  
1 0 1 0 0 0 0 1 1 0 0 1 1 1 1 1 0 0 0 0 0 1 1 0 1 0 0 0 0 0 0 1 1 1 0 0 1 0 1 0  
1 0 0 1 0 0 1 0 0 0 0 0 0 0 0 1 0 0 0 0 0 1 0 0 0 0 0 0 0 0 0 0 0 0 0 1 0 1 1 0  
1 1 0 0 0 0 0 1 1 0 1 0 1 1 1 0 1 0 1 0 0 0 1 0 1 0 0 0 0 0 0 1 1 0 0 0 0 0 0 1  
0 0 0 0 0 1 0 0 0 1 0 0 0 0 0 0 0 1 0 0 0 0 0 0 0 0 0 0 0 1 0 0 0 1 0 0 0 1 0 0  
1 0 1 0 1 0 0 1 1 0 0 1 1 1 1 1 0 0 1 0 0 0 1 0 1 0 0 0 0 0 0 1 1 1 0 0 1 0 0 1  
0 0 1 0 1 1 0 0 0 1 1 1 1 1 0 1 0 0 1 1 0 0 1 0 1 0 0 0 0 0 0 1 1 1 0 0 1 1 0 1  
0 1 1 0 1 1 0 0 0 1 1 1 1 1 1 1 0 0 1 1 1 0 1 1 1 0 0 1 0 0 0 1 1 1 0 0 1 0 0 1  
0 0 0 1 0 0 0 0 0 0 0 0 0 0 0 0 0 0 0 0 0 1 0 0 0 0 0 0 0 0 0 0 0 0 0 1 0 0 0 0  
1 0 0 1 0 0 1 0 0 0 0 1 0 0 0 1 0 0 0 0 0 1 1 0 0 0 0 0 0 0 0 0 0 0 0 1 0 1 1 0  
0 1 1 0 1 1 0 0 0 1 1 1 1 1 1 1 0 0 1 1 0 0 1 1 1 0 0 0 0 0 0 1 1 1 0 0 1 0 0 1  
1 0 1 1 0 0 0 0 0 0 0 1 0 1 0 1 0 0 0 0 0 1 1 0 1 0 0 0 0 0 0 0 1 1 0 0 1 0 1 0  
0 0 0 0 1 1 0 0 0 1 1 0 0 0 0 0 0 0 0 1 1 0 0 1 0 1 1 1 1 0 0 1 0 0 0 0 1 0 0 0  
0 0 1 0 1 1 0 0 0 1 1 1 1 0 0 1 0 0 0 1 1 0 1 1 0 0 1 1 0 0 0 1 0 1 0 0 1 0 0 0  
0 1 1 0 1 1 0 0 0 1 1 1 1 1 1 1 0 0 1 1 0 0 1 1 1 0 0 1 0 0 0 1 1 1 0 0 1 0 0 1  
0 0 1 0 1 1 0 0 0 1 1 1 1 0 0 1 0 0 0 1 1 0 1 1 0 0 1 1 1 0 0 1 0 1 0 0 1 0 0 1  
0 0 1 0 0 0 0 0 0 1 0 0 0 0 0 0 0 0 0 0 0 0 0 0 0 0 0 0 0 1 0 0 0 1 0 0 1 1 0 0  
0 0 0 1 0 0 1 0 0 0 0 0 0 0 0 0 0 0 0 0 0 1 0 0 0 0 0 0 0 0 1 0 0 0 0 1 0 0 1 0  
1 0 1 0 0 0 0 1 0 0 0 1 0 1 0 1 0 0 0 0 0 1 1 0 1 0 0 0 0 0 0 1 1 1 0 0 1 1 0 0  
1 0 1 1 0 0 1 0 0 0 0 1 0 1 0 1 0 0 0 0 0 1 1 0 0 0 0 0 0 0 0 0 1 1 0 1 1 0 1 0  
1 0 1 1 0 0 1 0 0 0 0 1 0 0 0 1 0 0 0 0 0 1 1 0 0 0 0 0 0 0 0 0 0 1 0 1 0 1 1 0  
0 0 1 0 0 1 0 0 0 1 0 0 0 0 0 0 0 1 0 0 0 0 0 0 0 0 0 0 0 1 0 0 0 1 1 0 0 1 0 0  
0 0 0 0 0 0 0 0 0 0 0 0 0 0 0 0 0 0 0 0 0 0 0 0 0 0 0 0 0 0 0 0 0 0 0 1 0 0 0 0  
1 0 1 1 0 0 0 0 0 0 0 1 0 1 0 1 0 0 0 0 0 1 1 0 0 0 0 0 0 0 0 0 0 1 0 1 1 1 0 0  
0 0 0 1 0 0 1 0 0 0 0 0 0 0 0 0 0 0 0 0 0 1 0 0 0 0 0 0 0 0 1 0 0 0 0 1 0 1 1 0  
0 0 0 1 0 0 1 0 0 0 0 0 0 0 0 0 0 0 0 0 0 1 0 0 0 0 0 0 0 0 0 0 0 0 0 1 0 0 1 0  
1 0 1 0 0 0 0 1 1 0 0 1 1 1 1 1 0 0 0 0 0 0 1 0 1 0 0 0 0 0 0 1 1 1 0 0 1 0 0 1  
Connect directly to BS 
1 0 1 1 0 0 1 0 0 0 0 1 0 1 0 1 0 0 0 0 0 1 1 0 1 0 0 0 0 0 1 0 1 1 0 1 1 1 1 0 
Cordinaates of sensors 
1 30.000000 211.000000
2 107.000000 20.000000
3 260.000000 258.000000
4 76.000000 397.000000
5 363.000000 172.000000
6 409.000000 204.000000
7 21.000000 400.000000
8 21.000000 107.000000
9 31.000000 94.000000
10 406.000000 256.000000
11 290.000000 92.000000
12 227.000000 236.000000
13 187.000000 99.000000
14 100.000000 133.000000
15 70.000000 66.000000
16 226.000000 237.000000
17 27.000000 6.000000
18 472.000000 483.000000
19 117.000000 41.000000
20 370.000000 144.000000
21 363.000000 51.000000
22 76.000000 355.000000
23 217.000000 223.000000
24 359.000000 75.000000
25 113.000000 108.000000
26 492.000000 42.000000
27 445.000000 97.000000
28 349.000000 59.000000
29 429.000000 67.000000
30 438.000000 466.000000
31 29.000000 481.000000
32 265.000000 140.000000
33 88.000000 123.000000
34 282.000000 265.000000
35 478.000000 451.000000
36 117.000000 409.000000
37 298.000000 209.000000
38 249.000000 399.000000
39 12.000000 343.000000
40 147.000000 58.000000
