Nombre des capteurs:
40
Nombre des targets:
15
Nombre de type de surveillance:
1

Caracteristiques:
300.000000 9 5.000000 20.000000 233.000000 a 192.720001 294.090118 254.125946 349.425232 286.923340 223.271133 278.600067 356.388824 204.137207 314.128967 179.877731 266.067657 302.352448 459.152466 43.000000 
300.000000 9 2.000000 167.000000 250.000000 a 80.529495 146.112976 107.377838 264.196899 153.561066 169.434357 240.831894 273.424591 151.162170 167.191513 120.074974 286.150299 222.991028 317.529541 105.380264 
300.000000 3 1.000000 84.000000 362.000000 a 219.385498 246.617111 225.257629 402.905701 286.457672 82.807007 366.760132 411.946594 277.973022 277.308502 56.222771 148.771637 164.541794 367.396240 130.698120 
300.000000 12 4.000000 239.000000 179.000000 a 34.000000 115.108643 71.196907 169.248337 62.128899 256.820953 176.819122 179.002792 103.077644 113.991226 212.473526 384.407349 291.547607 301.240753 184.097794 
300.000000 10 2.000000 481.000000 232.000000 a 281.042694 172.791779 207.195557 280.713379 188.809433 384.046875 368.401947 287.702972 334.571381 147.339737 366.750610 527.554749 360.767242 164.939377 418.001190 
300.000000 11 4.000000 352.000000 72.000000 a 181.818588 200.039993 186.131668 75.690155 114.934761 403.193512 176.264008 82.219215 180.036102 170.950287 363.275391 537.219666 421.969208 336.582825 330.820190 
300.000000 12 4.000000 140.000000 413.000000 a 242.860046 224.964447 218.036697 423.199707 287.341248 7.071068 405.731445 432.866028 315.835388 258.605865 46.000000 142.800568 88.865067 310.581726 195.777939 
300.000000 6 3.000000 480.000000 245.000000 a 282.809113 169.567093 206.038834 290.024139 192.200409 377.033142 375.598175 297.235596 339.045715 146.030823 361.225677 520.223022 351.592102 151.990128 417.172638 
300.000000 12 1.000000 497.000000 471.000000 a 412.950348 274.652496 320.357605 493.356873 355.009857 355.967682 555.536682 502.117523 492.659119 281.087189 371.840027 471.831543 288.006958 90.210861 494.974762 
300.000000 6 1.000000 413.000000 218.000000 a 211.624664 112.698715 140.890030 229.477661 119.970833 334.400970 307.148163 237.674149 266.986877 82.565125 311.014465 478.257263 323.445526 179.847153 350.321289 
300.000000 12 2.000000 195.000000 302.000000 a 123.405838 121.840057 99.809822 299.879974 165.423691 126.317062 292.109558 309.633667 204.083313 151.396835 85.146935 259.557312 167.585800 271.088531 148.946304 
300.000000 7 1.000000 451.000000 76.000000 a 266.692719 237.033752 241.979340 163.865799 179.724792 458.911743 272.124969 166.628326 277.953247 203.088654 425.913147 599.628235 461.533325 318.001587 418.560638 
300.000000 9 5.000000 146.000000 191.000000 a 60.207973 182.989075 137.419067 228.127151 155.823624 227.002197 185.585556 236.357773 96.166519 194.794769 176.102249 330.551056 285.049133 365.547546 93.021500 
300.000000 6 4.000000 210.000000 358.000000 a 179.069824 136.029404 133.360413 349.017181 204.377106 88.459030 348.759216 358.954041 261.489960 169.799881 70.576202 231.812424 111.004501 242.684982 192.961136 
300.000000 8 5.000000 359.000000 447.000000 a 309.095459 185.067551 222.847488 431.477692 278.115082 215.956009 469.630707 441.236908 394.118011 206.518768 233.154449 337.035614 151.604752 105.309067 365.256073 
300.000000 8 3.000000 223.000000 363.000000 a 184.878342 130.176804 132.230865 350.891724 203.538696 95.441078 354.830933 360.879486 268.508850 164.201096 83.096329 239.384628 106.920532 229.106964 206.155289 
300.000000 4 1.000000 385.000000 269.000000 a 201.246124 73.006851 114.477074 264.092773 126.063477 282.490723 326.013794 273.221527 270.963104 57.706154 263.873077 426.357819 266.413208 140.890030 324.006165 
300.000000 3 1.000000 434.000000 456.000000 a 359.402283 224.116043 268.001862 457.017517 310.885834 291.487549 509.828400 466.274597 441.643524 236.211777 307.175842 410.259674 225.375244 64.031242 432.862579 
300.000000 12 1.000000 333.000000 149.000000 a 131.468628 120.838737 109.293182 133.929092 41.231056 328.184387 201.586212 143.338760 166.676331 93.005379 291.158020 465.563110 343.185089 271.503235 282.764923 
300.000000 8 2.000000 17.000000 447.000000 a 327.365234 345.059418 329.370605 510.616302 393.242920 131.244049 468.901917 519.547852 381.776123 377.510254 146.727646 52.773098 193.256302 436.231598 218.888092 
300.000000 11 3.000000 351.000000 405.000000 a 269.057617 142.442978 181.176712 388.768555 235.372040 206.409790 427.692657 398.539825 353.503876 163.884109 214.394501 338.320862 155.756226 99.609238 335.451935 
300.000000 4 2.000000 161.000000 166.000000 a 45.880280 182.222397 135.624481 199.529449 140.288986 252.507431 158.151825 207.617432 68.249542 188.957672 202.094040 359.324371 306.778412 368.110046 118.713943 
300.000000 9 4.000000 336.000000 332.000000 a 201.419952 68.352028 110.113579 314.428040 160.853973 209.468369 354.802765 324.234497 283.783356 90.022217 199.100479 352.120728 186.810059 129.769028 290.396271 
300.000000 9 2.000000 70.000000 355.000000 a 221.812988 257.163361 233.692108 404.665283 292.849792 97.948967 364.299316 413.532349 276.318665 287.167206 71.021126 150.572235 179.769302 381.996063 122.200653 
300.000000 10 5.000000 126.000000 434.000000 a 266.956940 249.303024 243.213898 447.925232 312.579590 24.839485 428.365509 457.558746 338.421326 283.068909 68.447060 119.268608 90.077744 326.459808 210.641876 
300.000000 12 5.000000 273.000000 322.000000 a 158.344559 66.610809 81.006172 302.952148 149.642914 160.000000 323.635590 313.000000 243.987701 100.603180 140.406555 303.871674 160.327789 191.083755 228.081131 
300.000000 12 2.000000 331.000000 378.000000 a 235.535553 111.628853 148.384628 359.610901 205.204773 190.252457 395.170837 369.476654 320.140594 136.033081 191.316498 328.124969 152.200531 120.070816 304.711334 
300.000000 6 4.000000 18.000000 429.000000 a 312.200256 335.196960 317.616119 495.097961 380.269653 127.475487 451.798615 503.945435 365.015076 367.185242 136.850281 70.455658 195.143539 433.415497 201.099472 
300.000000 9 2.000000 361.000000 370.000000 a 246.611023 113.159180 155.595627 355.803314 204.022064 221.269073 399.844971 365.470917 329.256744 130.816666 221.020355 358.979095 181.397354 92.179176 327.983246 
300.000000 6 3.000000 264.000000 389.000000 a 218.130692 130.172958 148.337448 370.472656 217.175049 122.482651 386.742798 380.522003 303.644531 162.815842 125.936493 262.190765 97.082436 186.067200 254.434662 
300.000000 3 3.000000 158.000000 17.000000 a 168.680176 294.477509 252.253845 139.032364 213.103256 401.210663 29.832869 140.174896 83.546394 285.658875 350.462555 499.747925 454.868103 476.857422 235.968216 
300.000000 10 5.000000 95.000000 421.000000 a 265.827026 265.514587 253.852325 449.004456 320.861328 50.089920 421.170990 458.399384 331.549408 298.600067 70.292244 104.139328 123.693169 356.025269 190.703964 
300.000000 12 3.000000 144.000000 53.000000 a 139.989288 272.853455 228.569458 156.518372 198.829071 365.001373 60.811184 159.890594 54.918121 267.994415 314.025482 461.345856 421.047516 458.166992 197.385406 
300.000000 3 1.000000 20.000000 471.000000 a 345.671814 355.630432 342.660187 529.273071 408.138458 135.771866 490.316223 538.335388 402.616455 388.634796 158.795471 28.635643 189.010574 436.839783 241.853256 
300.000000 5 3.000000 132.000000 324.000000 a 162.339157 188.509949 164.477966 345.891602 225.304245 94.894676 318.780487 355.178833 228.886429 218.009171 43.737854 204.599609 164.176727 325.613281 114.201576 
300.000000 11 1.000000 223.000000 402.000000 a 223.725281 160.863297 168.884583 389.101532 240.027084 79.624115 393.649597 399.110260 306.936462 194.733154 90.077744 219.585968 68.447060 227.140930 232.725159 
300.000000 10 5.000000 445.000000 364.000000 a 303.026398 164.027435 210.641876 374.486328 237.606812 304.821259 438.041107 383.307983 379.032990 164.939377 305.014740 440.211304 258.304077 30.413813 403.837830 
300.000000 8 3.000000 185.000000 175.000000 a 20.396078 157.410294 110.801628 191.230225 116.000000 246.270172 165.012115 199.985001 76.791924 163.370743 197.202942 360.911346 294.977966 343.781921 135.085159 
300.000000 3 4.000000 3.000000 50.000000 a 239.676865 378.160034 331.544861 295.526642 323.154755 394.446442 188.297638 297.699524 177.881989 382.655212 345.337524 449.588715 466.901489 564.043457 192.585052 
300.000000 8 4.000000 196.000000 274.000000 a 95.425362 116.155067 84.693565 273.344116 144.312164 152.764526 264.153351 283.019440 176.377441 141.661575 108.558739 282.001770 195.432846 280.919922 139.176147 
Type de surveillance de chaque endroit(target):tab[nombre de target]
a a a a a a a a a a a a a a a 
Matrix of neighbour
1 1 1 0 0 0 1 0 0 0 1 0 0 1 0 1 0 0 0 1 0 0 0 1 1 0 0 1 0 1 0 1 0 1 1 1 0 0 0 1  
0 1 1 0 0 0 1 0 0 0 1 0 0 1 0 1 0 0 0 1 0 0 0 1 1 0 0 1 0 0 0 1 0 1 1 1 0 0 0 1  
0 0 1 0 0 0 0 0 0 0 0 0 0 0 0 0 0 0 0 0 0 0 0 0 0 0 0 0 0 0 0 1 0 0 0 0 0 0 0 0  
1 1 1 1 0 0 1 0 0 0 1 0 1 1 0 1 0 0 0 0 1 1 1 1 1 1 1 0 0 1 0 1 0 0 1 1 0 1 0 1  
0 0 0 1 1 1 0 1 1 1 1 0 0 1 1 1 1 1 1 0 1 0 1 0 0 1 1 0 1 1 0 0 0 0 0 0 1 0 0 1  
0 1 0 1 0 1 0 1 0 1 1 0 1 0 0 0 1 0 1 0 0 1 1 0 0 1 0 0 1 0 1 0 1 0 0 0 0 1 0 1  
0 0 1 0 0 0 1 0 0 0 0 0 0 0 0 0 0 0 0 0 0 0 0 0 0 0 0 0 0 0 0 1 0 0 0 0 0 0 0 0  
0 0 0 1 0 0 0 1 1 1 1 0 0 1 1 1 1 1 1 0 1 0 1 0 0 1 1 0 1 1 0 0 0 0 0 0 1 0 0 1  
0 0 0 0 0 0 0 0 1 1 0 0 0 0 1 1 1 1 0 0 1 0 1 0 0 1 1 0 1 1 0 0 0 0 0 1 1 0 0 0  
0 1 0 1 0 0 0 0 0 1 1 0 1 1 1 1 1 1 1 0 1 1 1 0 0 1 1 0 1 1 0 0 0 0 0 1 1 1 0 1  
0 0 1 0 0 0 1 0 0 0 1 0 0 1 0 1 0 0 0 1 0 0 0 1 1 0 0 1 0 0 0 1 0 1 1 1 0 0 0 0  
0 0 0 1 1 1 0 1 0 1 0 1 0 0 0 0 1 0 1 0 0 0 1 0 0 0 0 0 0 0 1 0 0 0 0 0 1 1 0 0  
1 1 1 0 0 0 1 0 0 0 1 0 1 1 0 1 0 0 0 1 0 0 0 1 1 1 0 1 0 1 0 1 0 0 1 1 0 0 0 1  
0 0 1 0 0 0 1 0 0 0 0 0 0 1 0 0 0 0 0 1 0 0 0 1 1 0 0 1 0 0 0 1 0 1 1 0 0 0 0 0  
0 1 1 1 0 0 1 0 0 0 1 0 0 1 1 1 0 0 0 0 1 0 1 0 1 1 1 0 1 1 0 1 0 0 1 1 0 0 0 1  
0 0 1 0 0 0 1 0 0 0 0 0 0 1 0 1 0 0 0 1 0 0 0 1 1 0 0 1 0 0 0 1 0 1 1 1 0 0 0 0  
0 1 0 1 0 0 1 0 0 0 1 0 1 1 1 1 1 0 0 0 1 1 1 0 0 1 1 0 1 1 0 0 0 0 1 1 0 1 0 1  
0 0 0 0 0 0 1 0 0 0 1 0 0 1 1 1 1 1 0 0 1 0 1 0 0 1 1 0 1 1 0 0 0 0 0 1 0 0 0 1  
0 1 0 1 0 0 0 0 0 0 1 0 1 1 1 1 1 0 1 0 1 1 1 0 0 1 1 0 1 1 0 0 0 0 1 1 0 1 0 1  
0 0 1 0 0 0 1 0 0 0 0 0 0 0 0 0 0 0 0 1 0 0 0 1 1 0 0 1 0 0 0 1 0 0 1 0 0 0 0 0  
0 1 1 0 0 0 1 0 0 0 1 0 1 1 0 1 0 0 0 0 1 0 1 1 1 1 1 0 0 1 0 1 0 0 1 1 0 1 0 1  
1 1 1 0 0 0 1 0 0 0 1 0 1 1 0 1 0 0 0 0 0 1 0 1 1 1 1 1 0 1 0 1 0 0 1 1 0 1 0 1  
0 1 1 0 0 0 1 0 0 0 1 0 1 1 0 1 0 0 0 0 0 1 1 1 1 1 1 0 0 1 0 1 0 0 1 1 0 1 0 1  
0 0 1 0 0 0 1 0 0 0 0 0 0 0 0 0 0 0 0 0 0 0 0 1 1 0 0 0 0 0 0 1 0 0 0 0 0 0 0 0  
0 0 1 0 0 0 1 0 0 0 0 0 0 0 0 0 0 0 0 0 0 0 0 0 1 0 0 0 0 0 0 1 0 0 0 0 0 0 0 0  
1 1 1 0 0 0 1 0 0 0 1 0 0 1 0 1 0 0 0 1 0 0 0 1 1 1 0 1 0 1 0 1 0 1 1 1 0 0 0 1  
0 1 1 0 0 0 1 0 0 0 1 0 1 1 0 1 0 0 0 0 0 0 0 1 1 1 1 0 0 1 0 1 0 0 1 1 0 0 0 1  
0 0 1 0 0 0 1 0 0 0 0 0 0 0 0 0 0 0 0 0 0 0 0 1 1 0 0 1 0 0 0 1 0 0 1 0 0 0 0 0  
0 1 1 1 0 0 1 0 0 0 1 0 1 1 0 1 0 0 0 0 1 1 1 1 1 1 1 0 1 1 0 1 0 0 1 1 0 1 0 1  
0 1 1 0 0 0 1 0 0 0 1 0 0 1 0 1 0 0 0 1 0 0 0 1 1 0 0 1 0 1 0 1 0 1 1 1 0 0 0 1  
1 1 0 1 0 0 0 0 0 0 1 0 1 0 0 0 0 0 1 0 0 1 0 0 0 0 0 0 0 0 1 0 1 0 0 0 0 1 1 1  
0 0 0 0 0 0 0 0 0 0 0 0 0 0 0 0 0 0 0 0 0 0 0 0 0 0 0 0 0 0 0 1 0 0 0 0 0 0 0 0  
1 1 0 1 0 0 0 0 0 0 1 0 1 0 0 0 0 0 1 0 0 1 0 0 0 1 0 0 0 0 0 0 1 0 1 0 0 1 0 1  
0 0 1 0 0 0 1 0 0 0 0 0 0 0 0 0 0 0 0 1 0 0 0 1 1 0 0 1 0 0 0 1 0 1 1 0 0 0 0 0  
0 0 1 0 0 0 1 0 0 0 0 0 0 0 0 0 0 0 0 0 0 0 0 1 1 0 0 0 0 0 0 1 0 0 1 0 0 0 0 0  
0 0 1 0 0 0 1 0 0 0 0 0 0 1 0 0 0 0 0 1 0 0 0 1 1 0 0 1 0 0 0 1 0 1 1 1 0 0 0 0  
0 0 0 1 0 0 0 0 0 0 1 0 0 1 1 1 1 1 1 0 1 0 1 0 0 1 1 0 1 1 0 0 0 0 0 1 1 0 0 1  
1 1 1 0 0 0 1 0 0 0 1 0 1 1 0 1 0 0 0 0 0 0 0 1 1 1 1 0 0 1 0 1 0 0 1 1 0 1 0 1  
1 1 0 1 0 0 0 0 0 0 0 0 1 0 0 0 0 0 0 0 0 1 0 0 0 0 0 0 0 0 0 0 1 0 0 0 0 1 1 1  
0 0 1 0 0 0 1 0 0 0 1 0 0 1 0 1 0 0 0 1 0 0 0 1 1 0 0 1 0 0 0 1 0 1 1 1 0 0 0 1  
Connect directly to BS 
1 1 1 1 0 0 1 0 0 0 1 0 1 1 1 1 0 0 0 1 1 1 1 1 1 1 1 1 1 1 0 1 0 1 1 1 0 1 0 1 
Cordinaates of sensors 
1 20.000000 233.000000
2 167.000000 250.000000
3 84.000000 362.000000
4 239.000000 179.000000
5 481.000000 232.000000
6 352.000000 72.000000
7 140.000000 413.000000
8 480.000000 245.000000
9 497.000000 471.000000
10 413.000000 218.000000
11 195.000000 302.000000
12 451.000000 76.000000
13 146.000000 191.000000
14 210.000000 358.000000
15 359.000000 447.000000
16 223.000000 363.000000
17 385.000000 269.000000
18 434.000000 456.000000
19 333.000000 149.000000
20 17.000000 447.000000
21 351.000000 405.000000
22 161.000000 166.000000
23 336.000000 332.000000
24 70.000000 355.000000
25 126.000000 434.000000
26 273.000000 322.000000
27 331.000000 378.000000
28 18.000000 429.000000
29 361.000000 370.000000
30 264.000000 389.000000
31 158.000000 17.000000
32 95.000000 421.000000
33 144.000000 53.000000
34 20.000000 471.000000
35 132.000000 324.000000
36 223.000000 402.000000
37 445.000000 364.000000
38 185.000000 175.000000
39 3.000000 50.000000
40 196.000000 274.000000
