Nombre des capteurs:
40
Nombre des targets:
15
Nombre de type de surveillance:
1

Caracteristiques:
300.000000 6 1.000000 27.000000 346.000000 a 481.087311 65.000000 319.037628 204.831635 212.362900 363.232697 430.834076 118.878090 439.245941 200.900467 520.566040 448.486328 110.887329 490.978607 159.176010 
300.000000 9 2.000000 127.000000 224.000000 a 371.775482 97.308784 205.234009 66.030296 60.745369 262.819336 282.194977 269.295380 411.126495 142.284927 382.561096 298.824371 136.367157 335.201447 51.623638 
300.000000 8 2.000000 330.000000 215.000000 a 171.210403 286.923340 325.399750 137.440903 146.492325 83.737686 126.317062 411.400055 294.538635 329.309875 191.564606 144.506058 241.400085 212.249847 247.654999 
300.000000 10 5.000000 463.000000 324.000000 a 83.671982 412.752960 497.016083 287.235107 304.108521 90.917542 239.820770 482.170105 164.222412 488.578552 210.297409 250.567352 327.981720 323.542877 400.660706 
300.000000 4 1.000000 236.000000 320.000000 a 271.713074 187.114944 338.540985 103.368271 128.035156 153.574081 263.774536 274.570587 265.966156 286.810028 328.907288 282.349060 106.775467 343.949127 196.310974 
300.000000 9 4.000000 57.000000 160.000000 a 449.694336 126.099167 131.137329 151.168777 134.082062 347.979889 328.709595 307.148163 505.890289 50.960770 439.209503 342.537598 215.406586 360.671600 45.221676 
300.000000 8 1.000000 266.000000 238.000000 a 232.215424 219.317123 291.358887 73.979729 89.157166 124.919975 179.769302 346.988464 305.499603 273.912384 258.588470 198.345657 177.552811 257.186707 187.536667 
300.000000 6 5.000000 213.000000 153.000000 a 300.416382 208.830078 194.617569 75.690155 57.801384 212.407623 175.513535 374.733246 405.531738 205.119476 283.425476 190.905731 220.510773 223.680573 137.244308 
300.000000 10 5.000000 481.000000 53.000000 a 195.739624 488.190552 418.688416 335.965759 332.729614 245.936981 110.981979 630.619507 435.660431 482.056000 64.327286 95.189285 461.069397 105.190300 423.249329 
300.000000 8 4.000000 75.000000 115.000000 a 443.416290 172.539856 86.833176 162.003082 140.089264 349.824249 305.419373 354.802765 523.266663 73.824112 419.001190 317.516937 252.723175 327.299561 82.389320 
300.000000 8 3.000000 258.000000 496.000000 a 345.114471 294.170013 506.077057 277.713867 302.200256 250.928284 415.322754 259.239258 185.218796 430.116272 447.320923 432.935333 182.035706 502.319611 346.447693 
300.000000 2 1.000000 96.000000 105.000000 a 426.676697 186.271301 82.855293 155.080627 131.711807 336.481812 284.063385 369.423889 516.074585 97.082436 398.151978 295.746521 258.275055 304.213745 92.913940 
300.000000 4 2.000000 468.000000 424.000000 a 178.538513 438.292145 565.729614 338.864288 359.856903 167.573868 336.703125 468.543488 67.779053 537.479309 309.095459 348.610107 337.130524 422.238098 446.938477 
300.000000 4 3.000000 176.000000 41.000000 a 382.796295 274.592438 113.635384 185.779434 162.197418 316.082275 212.084885 455.923248 519.812439 198.113602 326.724640 219.257843 321.375183 211.286530 181.617737 
300.000000 1 2.000000 461.000000 65.000000 a 186.702972 464.889221 399.624817 312.641968 309.472137 227.431305 87.846458 607.625732 422.383698 460.184753 60.745369 72.532753 438.179199 93.813644 400.384827 
300.000000 1 1.000000 225.000000 484.000000 a 360.867004 262.931549 482.979309 259.976929 283.975342 259.433990 415.030121 225.077759 218.020645 401.662781 455.834412 433.077362 152.052628 500.275909 320.207733 
300.000000 7 1.000000 479.000000 55.000000 a 193.932983 485.479156 416.811707 333.222137 330.043945 243.312561 108.337433 627.800110 433.497406 479.710327 62.817196 92.655273 458.245575 104.216118 420.689911 
300.000000 12 1.000000 126.000000 307.000000 a 376.649719 76.922035 285.049133 105.118980 119.079803 259.514923 328.298645 199.123077 364.539429 199.612122 414.614288 346.343750 54.129475 394.068512 118.105888 
300.000000 5 3.000000 61.000000 243.000000 a 437.028595 43.931767 214.009338 133.090195 129.340637 325.000000 349.995728 227.070480 453.276947 110.535065 451.240509 366.307251 139.517029 399.080200 50.990196 
300.000000 5 4.000000 291.000000 117.000000 a 244.969391 292.714874 244.393127 146.577621 137.277100 186.796677 90.801979 450.693909 400.005005 284.481995 203.002457 105.304321 287.689056 142.425415 222.854218 
300.000000 10 5.000000 193.000000 3.000000 a 391.216064 316.180328 132.574509 223.000000 200.202393 335.644165 210.202286 497.538940 544.753174 233.824722 321.512054 213.927551 361.365479 192.127563 223.015701 
300.000000 4 2.000000 477.000000 292.000000 a 48.754486 425.042358 490.474274 291.568176 306.218872 93.904205 216.004623 505.446350 197.941910 491.199554 176.819122 225.077759 346.733337 296.627716 405.291260 
300.000000 4 3.000000 257.000000 259.000000 a 241.250900 206.770401 300.891998 72.006943 92.005432 128.565155 201.814270 326.718536 294.244781 273.441040 276.799561 220.410980 156.847061 279.973206 184.716003 
300.000000 12 2.000000 430.000000 207.000000 a 79.404030 386.167053 407.888458 237.760376 246.032516 85.440041 119.012604 499.065125 280.301636 426.385986 111.251968 129.034882 330.541992 202.074249 347.144073 
300.000000 4 3.000000 323.000000 306.000000 a 184.361053 271.737000 379.906555 152.643372 173.002884 66.708321 214.704453 357.798828 217.165833 353.305817 255.618851 232.180969 193.680145 302.423553 263.592499 
300.000000 4 2.000000 342.000000 302.000000 a 165.081802 290.441040 390.346008 167.263260 186.453751 47.885281 206.526031 376.670929 210.774765 368.635315 240.208237 223.439026 213.046936 295.149109 279.474518 
300.000000 2 5.000000 445.000000 229.000000 a 56.302753 397.112061 431.189056 252.017853 262.291809 78.873314 145.344421 501.422974 258.007751 444.812317 123.166557 154.728790 334.701355 227.070480 363.411621 
300.000000 7 4.000000 316.000000 349.000000 a 208.146576 271.412964 407.932587 173.948273 196.824799 97.590981 258.062012 334.655060 187.544662 368.880737 293.211517 275.408783 179.337677 345.950867 278.195984 
300.000000 5 2.000000 35.000000 2.000000 a 524.294739 284.508362 38.897301 274.116760 250.203918 445.567047 358.376892 461.254822 633.789368 146.509384 472.945038 365.321777 372.247223 350.091431 200.820816 
300.000000 10 4.000000 8.000000 68.000000 a 522.015320 222.396042 67.424034 243.287903 221.812988 431.157745 373.289429 394.062164 603.975159 78.000000 488.364624 383.334045 319.225616 381.435455 149.217957 
300.000000 8 5.000000 444.000000 83.000000 a 173.611633 441.444214 384.807739 288.877136 286.356415 204.978043 65.969688 583.000854 404.001251 440.528107 59.908264 53.009434 413.494873 93.861603 378.572327 
300.000000 12 4.000000 119.000000 400.000000 a 408.344208 132.230865 375.202606 189.081985 207.446381 291.317688 398.399292 133.296661 335.477264 277.194885 470.405151 416.941254 43.863426 472.076263 206.167404 
300.000000 1 3.000000 68.000000 305.000000 a 433.761444 24.839485 276.045288 147.871567 154.466827 317.067810 373.871643 170.698563 416.832092 169.944107 466.043976 391.369385 88.238312 433.028870 109.036690 
300.000000 5 4.000000 194.000000 295.000000 a 307.611755 142.284927 296.507996 69.007248 92.541885 190.672501 270.207336 255.221466 314.428040 238.321213 349.343658 288.669373 86.452301 343.083069 148.070923 
300.000000 11 1.000000 196.000000 75.000000 a 348.041656 255.454498 140.730240 151.029800 128.561264 277.416656 185.558609 433.352051 480.367554 200.960190 300.807251 195.207581 291.042938 199.864960 166.291916 
300.000000 9 2.000000 153.000000 317.000000 a 351.832336 105.650368 301.734985 99.403221 118.139748 234.104675 314.726868 210.069031 336.154724 224.200806 395.830780 333.066071 45.880280 384.802551 138.924438 
300.000000 9 3.000000 475.000000 184.000000 a 68.007355 435.124115 440.192017 285.110504 291.619629 131.552277 127.475487 549.508850 304.685089 468.543488 70.604530 130.598618 381.077423 195.897934 392.215515 
300.000000 2 4.000000 23.000000 491.000000 a 533.548523 207.041061 463.728363 314.841217 329.946960 418.646637 530.200928 36.400551 420.019043 345.325928 602.051514 548.701172 173.657715 602.000854 300.059998 
300.000000 9 3.000000 137.000000 117.000000 a 384.033844 189.171875 114.978256 122.543869 98.005104 295.386200 243.665756 370.838226 480.141632 132.219513 357.001404 256.134735 243.000000 270.098145 96.519424 
300.000000 12 5.000000 241.000000 130.000000 a 282.794983 245.065292 204.658249 107.331261 92.617493 206.518768 142.414886 409.663269 410.186554 233.548706 253.387054 156.894867 252.420288 187.445999 171.618759 
Type de surveillance de chaque endroit(target):tab[nombre de target]
a a a a a a a a a a a a a a a 