Nombre des capteurs:
40
Nombre des targets:
30
Nombre de type de surveillance:
1

Caracteristiques:
300.000000 8 3.000000 29.000000 336.000000 a 415.985565 208.614471 448.091522 127.632286 184.000000 433.626556 115.974136 118.966385 261.191498 243.821655 205.039017 431.223846 216.566391 431.045227 175.641678 308.876984 99.859901 155.364090 367.306396 356.407074 314.111450 232.937759 490.180573 133.003754 380.236755 213.002350 163.835281 210.850662 169.198105 95.084175 
300.000000 3 1.000000 59.000000 372.000000 a 375.712646 185.440018 436.176575 154.434448 222.036026 428.042053 128.444534 144.682404 297.672638 199.602112 201.734970 420.601959 185.270081 441.075958 128.817703 327.617157 122.376465 197.408203 337.653656 364.200500 320.315460 189.694489 481.062378 88.192970 338.337097 228.600082 179.627396 196.412827 123.482796 72.449982 
300.000000 11 3.000000 103.000000 294.000000 a 368.048920 136.499084 363.881836 78.447433 160.124954 348.539825 40.024994 68.622154 228.160034 217.800369 119.954155 346.701599 156.540726 352.022736 178.263855 238.882813 46.518814 150.073318 298.492889 275.670105 232.279999 203.342072 405.306061 125.419296 338.402130 139.463257 91.093361 129.869171 190.168350 50.566788 
300.000000 3 5.000000 20.000000 361.000000 a 416.213898 220.839310 466.274597 154.155762 209.193695 454.209198 140.356689 145.413208 286.630432 239.259277 225.763153 449.911102 224.002228 455.940796 164.657227 335.017914 125.896782 178.907791 376.132965 380.741394 338.000000 229.786865 509.530182 127.953117 378.652863 238.562363 189.251160 227.305954 153.003265 106.099007 
300.000000 1 1.000000 108.000000 246.000000 a 391.255676 148.717850 345.162292 38.897301 122.788437 322.622070 9.848858 31.906113 184.396317 255.264572 100.498756 326.718536 178.751221 311.295685 224.243164 192.509735 25.709921 123.308556 306.543640 236.907150 195.256241 239.927078 382.648651 171.303818 365.689758 94.154129 44.777225 128.316010 238.018906 95.351982 
300.000000 5 2.000000 483.000000 182.000000 a 311.081970 282.063812 41.785164 404.694946 454.990112 99.639351 378.113739 404.738190 456.711060 379.205750 280.251678 61.983868 299.200592 243.244736 441.354736 317.416138 406.078796 481.001038 190.078934 228.530090 233.122284 369.329132 61.392181 417.968903 334.598267 327.441589 353.884155 269.091064 479.153412 392.230804 
300.000000 10 2.000000 452.000000 127.000000 a 360.702087 288.918671 40.792156 383.207520 423.738129 47.518417 363.296021 384.766174 416.260742 404.728302 267.239594 45.607018 313.829559 183.221176 457.423218 272.038605 389.597229 453.471069 230.893921 179.977783 194.092758 393.021637 18.681541 427.551178 379.317810 298.429230 331.789093 267.402313 493.690186 391.092072 
300.000000 8 1.000000 309.000000 322.000000 a 196.367004 72.027771 205.548050 251.097595 327.566772 223.651520 208.081711 246.237686 365.935791 164.137131 132.653687 196.229462 76.321686 312.006409 218.160492 280.415771 236.592484 337.001495 91.706055 242.985596 207.369232 151.604752 256.750854 196.412827 187.275192 219.221344 212.758072 88.192970 255.828064 185.873611 
300.000000 12 1.000000 6.000000 382.000000 a 423.954010 239.175674 487.923157 179.011169 231.147141 477.331116 165.423691 170.393661 308.768524 243.680115 249.238846 471.895111 238.838852 481.049896 163.783386 360.199951 151.092682 199.040192 391.230103 405.690765 362.801605 235.637436 531.879700 134.123077 384.896088 263.797272 214.478439 248.364655 146.386475 125.251747 
300.000000 11 4.000000 490.000000 378.000000 a 130.357208 259.563080 215.956009 439.751068 513.416992 271.641296 397.508484 435.295288 543.332336 271.359528 315.734070 224.902206 246.519775 409.224884 355.326599 432.758606 426.057495 525.517822 97.800819 364.901367 346.226807 269.364075 256.780060 355.928375 167.597733 396.137604 398.548615 276.342194 393.544159 367.967377 
300.000000 10 3.000000 466.000000 236.000000 a 254.756744 243.920074 72.422371 386.374176 445.000000 131.061050 354.509521 385.063629 456.344177 328.097534 258.000000 84.219948 255.264572 274.045624 394.665680 325.508820 383.334045 467.017120 134.629120 243.657547 237.674149 319.188019 114.070152 375.421112 278.016174 318.026733 337.249176 237.918060 433.046173 357.463287 
300.000000 2 5.000000 220.000000 229.000000 a 323.817841 92.574295 232.422028 140.356689 205.936890 214.723083 111.085556 139.000000 237.648895 239.409683 13.892444 214.410828 135.148071 237.153961 249.238846 162.594589 138.917236 222.800354 214.149475 158.959122 114.490173 223.271133 271.935669 204.088211 309.467285 90.509666 92.649879 51.419842 277.319305 146.754898 
300.000000 2 2.000000 385.000000 70.000000 a 417.228943 290.523651 113.534134 339.449554 365.321777 53.851646 329.778717 343.069977 346.036133 425.681793 242.662323 100.846420 324.260712 95.268044 463.389679 199.000000 352.601746 399.321930 281.215210 107.563934 136.857590 411.873779 99.644371 425.471497 428.168182 247.923370 289.471924 259.017365 496.459473 375.527618 
300.000000 1 3.000000 330.000000 395.000000 a 125.896782 119.473846 254.911743 305.738464 386.846222 285.043854 259.083008 299.260742 432.528625 120.602654 200.412079 250.319794 92.114059 385.468536 197.585419 355.472931 285.408478 390.548340 79.322128 318.276611 283.301971 114.236595 306.804504 195.028198 111.615410 288.402496 274.488617 151.855194 236.393738 213.215851 
300.000000 8 2.000000 73.000000 258.000000 a 412.698425 175.328262 381.997375 39.623226 114.769333 359.538605 39.115215 30.083218 186.131668 264.614807 136.780853 363.628937 200.142456 343.726624 221.382019 219.346756 11.661903 103.276329 336.122009 270.839447 230.204254 250.199921 419.648651 169.168549 384.187469 124.651512 76.485291 160.380798 229.172424 96.566040 
300.000000 8 4.000000 226.000000 53.000000 a 473.254700 267.226501 246.008133 221.070129 220.476761 191.128235 231.948273 228.037277 188.289673 415.077087 183.883118 226.503860 309.523834 95.257545 421.658630 43.462627 245.051010 258.990356 343.080170 59.059292 75.153175 399.031342 253.568527 373.020111 468.651245 132.075729 181.471756 226.079636 446.078461 304.586609 
300.000000 1 4.000000 445.000000 31.000000 a 455.860718 356.068817 136.003677 410.571564 433.240112 97.575615 401.329041 414.366974 408.377289 485.273132 313.359222 133.660019 387.249268 135.635544 528.674744 261.919830 424.128510 468.351349 323.729828 174.324417 207.530716 472.267944 94.371605 492.886383 472.517731 318.554535 360.833771 326.914368 562.818787 445.558075 
300.000000 12 1.000000 491.000000 145.000000 a 348.936951 308.449341 51.894123 417.608673 462.053040 89.560036 394.640350 418.516418 457.388245 412.768707 297.270935 69.375786 328.782593 225.000000 471.920532 314.085968 421.797333 490.474274 226.850174 222.407288 234.232788 402.304596 31.144823 446.010101 372.200226 335.596497 366.285400 291.611053 509.235687 415.588745 
300.000000 6 5.000000 89.000000 84.000000 a 518.833313 278.567780 364.573730 135.299667 90.686272 318.044037 172.539856 145.220520 50.803543 410.464386 193.041443 344.188904 318.290741 234.008545 387.218292 98.005104 168.107101 131.795303 406.863617 189.023804 173.002884 394.446442 382.890320 334.320221 502.047821 105.118980 129.653381 241.813980 400.604553 258.381500 
300.000000 4 5.000000 81.000000 130.000000 a 489.522217 245.837341 364.880798 89.005615 56.462376 324.154297 128.786652 99.000000 69.202599 371.016174 165.423691 344.583801 283.536591 259.422424 343.211304 120.933868 122.016396 95.131485 384.793457 203.002457 177.228668 355.223877 389.082245 290.258514 469.774414 82.764725 91.268837 212.136749 355.268921 214.357178 
300.000000 6 4.000000 278.000000 85.000000 a 424.407837 238.549789 185.148590 239.081573 257.856537 131.734589 237.604721 244.018448 239.209106 385.519135 166.436172 165.529449 279.078827 81.939003 404.163330 93.214806 256.737213 292.882233 290.998291 4.000000 41.182522 369.997284 195.532608 359.254791 423.785309 145.890366 191.801987 199.379044 432.539001 297.894287 
300.000000 3 4.000000 26.000000 16.000000 a 611.376343 370.049988 444.437836 210.059509 136.033081 393.010193 254.001968 219.986359 60.415230 497.562042 285.524078 424.279388 408.949860 285.063141 466.691559 168.866806 242.785919 168.715744 499.124237 260.247955 254.654663 481.789368 456.477814 413.885254 593.913269 197.739731 217.478729 334.073334 475.656403 338.496674 
300.000000 8 3.000000 295.000000 183.000000 a 326.638947 148.771637 149.856598 217.993118 267.800293 126.763557 196.654526 218.888092 277.848877 291.454956 101.872467 130.541183 186.123611 173.738312 320.713257 157.003189 222.946182 293.000000 196.022964 103.406960 72.201111 276.508575 185.326736 281.256104 324.513489 140.160629 166.736313 114.825958 352.784637 232.142197 
300.000000 1 1.000000 394.000000 391.000000 a 97.744568 172.307861 229.512527 358.022339 436.286591 271.223145 313.081451 352.438660 475.269409 177.564072 242.117737 229.965210 152.777618 389.935883 259.383881 382.498352 340.649384 443.765717 40.049969 330.992462 302.317719 174.040222 279.529968 259.113861 109.041275 328.207245 321.794952 196.946686 297.889252 274.774445 
300.000000 5 3.000000 276.000000 207.000000 a 312.605194 119.540787 172.696259 196.367004 253.049408 155.595627 170.880081 196.237106 271.280304 264.357727 73.925636 154.402069 158.268753 200.084976 290.688843 163.917664 198.176682 275.049072 187.445999 126.015869 87.863533 249.098373 211.804153 250.726944 306.740936 127.137718 146.000000 84.380089 322.418976 201.972763 
300.000000 3 5.000000 417.000000 422.000000 a 64.000000 206.891281 256.425415 393.418365 472.698639 302.238312 347.726898 387.485474 513.120850 188.692871 279.780273 259.094574 183.109253 425.417450 274.710754 421.028503 374.774597 478.900818 74.040527 368.241760 340.414459 188.403824 304.645691 281.087189 87.817993 366.292236 358.600067 233.824722 312.217865 304.258118 
300.000000 5 3.000000 253.000000 355.000000 a 209.897598 38.483765 268.001862 220.056808 302.299530 279.873199 172.861221 213.213501 352.414520 114.586212 127.224213 257.108917 11.401754 349.841400 154.896744 292.769531 198.768707 304.277832 143.055939 275.138153 234.053406 99.463562 318.399109 131.487640 186.678864 213.328384 192.439606 78.847954 191.846298 129.869171 
300.000000 4 3.000000 25.000000 454.000000 a 393.303955 250.798721 507.868103 241.350372 302.026489 505.920929 217.186554 231.864182 379.258484 209.468369 284.627838 493.844116 237.539474 528.140137 121.696342 416.385651 210.161850 271.974274 385.032471 450.708344 406.420959 206.009705 555.201782 117.652031 350.770569 317.304260 268.391510 271.060883 91.082382 150.986755 
300.000000 2 4.000000 232.000000 285.000000 a 273.177612 35.355339 242.627289 165.710587 242.689102 239.069031 123.693169 161.049683 285.217468 183.010925 54.561890 227.481873 77.929459 286.122345 201.295807 219.865875 152.610611 251.602859 176.782349 209.121979 166.048187 167.002991 288.466644 161.604462 255.440796 142.042252 128.405609 6.000000 232.899124 121.198181 
300.000000 6 2.000000 223.000000 325.000000 a 252.105133 14.866069 271.670746 178.002808 259.932678 274.133179 131.228806 171.405945 310.412628 143.422455 90.255196 258.156921 42.544094 327.061157 161.533279 257.670319 157.889206 262.688019 174.942841 250.121964 206.980682 127.251717 319.715485 125.175873 228.973801 173.461807 150.243134 46.872166 194.486496 100.129913 
300.000000 11 3.000000 428.000000 32.000000 a 454.133240 345.579224 135.944839 395.060760 416.654541 90.956032 386.762207 399.021301 391.369385 477.212738 300.026672 131.061050 377.830658 119.050407 518.410095 244.965302 409.175995 451.970123 320.601013 157.800507 191.887985 463.906250 99.317673 481.614990 469.234497 302.775482 345.585022 315.317291 552.080627 432.758606 
300.000000 11 3.000000 134.000000 270.000000 a 356.012634 114.494545 326.663422 74.276512 157.952530 309.743439 26.627054 67.007462 216.910126 221.819748 81.437096 309.110016 143.401535 314.529816 197.365143 206.649460 54.083271 158.091751 274.235291 237.606812 193.847885 206.235306 367.151184 145.013794 330.310455 107.280006 63.126858 98.412399 215.232437 70.710678 
300.000000 8 1.000000 270.000000 272.000000 a 259.624725 58.249462 203.226471 197.253647 269.222961 203.295349 158.911926 193.829819 303.595123 199.278702 71.693794 188.671677 93.680305 265.188599 231.086563 218.769287 188.066483 282.391571 148.717850 191.167465 151.476074 184.176544 250.000000 195.971939 248.364655 156.348969 154.353485 38.639359 265.000000 161.058990 
300.000000 3 4.000000 430.000000 338.000000 a 148.569855 193.837555 171.572144 369.676880 442.037323 219.428802 328.653320 365.625488 471.221802 235.193542 244.311279 175.102829 187.541992 348.919769 311.924683 362.436188 357.498260 455.202148 36.400551 298.584991 276.898895 229.340363 219.672485 303.916107 169.849930 324.044739 327.354553 206.603485 350.823303 306.006531 
300.000000 4 4.000000 29.000000 13.000000 a 611.778564 370.827454 442.652222 212.219223 139.000000 390.928375 255.837845 222.171112 62.801273 499.049103 285.954529 422.522186 409.909760 282.015961 468.833649 167.026947 245.024490 172.130768 498.931854 258.118195 253.189651 483.244232 454.270844 415.996399 594.609985 198.073212 218.716705 334.611725 478.084717 340.520203 
300.000000 10 5.000000 327.000000 113.000000 a 383.704315 225.718857 128.860382 268.784302 300.541168 78.313469 257.660645 271.977936 290.496124 366.979553 171.143219 109.128365 262.469055 104.235313 397.588989 147.410995 280.814880 332.453003 247.800323 58.523499 69.462219 352.330811 143.282944 357.330383 387.738312 178.731644 218.277344 191.261597 429.298279 304.529144 
300.000000 5 2.000000 194.000000 197.000000 a 365.034241 130.299652 251.793564 116.103401 171.026306 224.610779 100.439034 117.443604 197.253647 273.936127 41.436699 232.499466 172.409393 220.585587 274.233490 127.251717 123.878975 192.509735 254.007874 143.220108 99.357941 257.670319 286.008728 225.583694 350.202789 49.678970 64.776543 90.376991 298.760773 159.213699 
300.000000 2 1.000000 194.000000 195.000000 a 366.619690 132.189255 251.563110 116.498924 170.511002 223.933029 101.607086 118.004234 196.022964 275.914856 43.324360 232.215424 174.324417 218.892670 276.202820 125.255737 124.779808 192.374634 255.225388 141.605087 97.836601 259.649750 285.490814 227.517029 351.923279 48.414875 65.115280 92.195442 300.682556 161.012421 
300.000000 6 2.000000 383.000000 480.000000 a 34.525352 216.601013 318.888702 399.912476 482.597137 360.671600 352.230042 392.689453 531.376526 149.482437 300.268219 319.640411 182.332108 475.482910 237.356277 454.872498 376.807648 483.083832 129.653381 412.584534 380.139435 154.557434 368.419586 255.409470 20.591261 388.270538 372.206940 251.400085 272.029419 294.416382 
300.000000 9 1.000000 2.000000 286.000000 a 460.678833 237.446838 457.739014 102.825096 136.693085 435.849731 114.284729 97.416634 214.219513 294.869476 211.981125 439.559998 253.653305 414.315094 231.294189 283.746368 87.846458 103.000000 399.325684 343.803711 304.566895 282.837402 495.903229 186.002686 427.299652 195.849426 150.416092 230.106491 226.019913 133.416641 
Type de surveillance de chaque endroit(target):tab[nombre de target]
a a a a a a a a a a a a a a a a a a a a a a a a a a a a a a 
Matrix of neighbour
1 1 0 1 0 0 0 0 0 0 0 0 0 0 0 0 0 0 0 0 0 0 0 0 0 0 0 1 0 0 0 0 0 0 0 0 0 0 0 0  
0 1 0 0 0 0 0 0 0 0 0 0 0 0 0 0 0 0 0 0 0 0 0 0 0 0 0 0 0 0 0 0 0 0 0 0 0 0 0 0  
1 1 1 1 0 0 0 0 1 0 0 0 0 0 0 0 0 0 0 0 0 0 0 0 0 0 0 1 0 0 0 0 0 0 0 0 0 0 0 0  
0 1 0 1 0 0 0 0 0 0 0 0 0 0 0 0 0 0 0 0 0 0 0 0 0 0 0 0 0 0 0 0 0 0 0 0 0 0 0 0  
1 1 1 1 1 0 0 0 1 0 0 0 0 0 1 0 0 0 0 0 0 0 0 0 0 0 0 1 0 1 0 1 0 0 0 0 0 0 0 1  
0 0 0 0 0 1 0 1 0 1 1 1 1 1 0 1 0 0 0 0 1 0 1 1 1 1 1 0 1 1 0 0 1 1 0 1 1 1 0 0  
0 0 0 0 0 1 1 1 0 1 1 1 1 1 0 1 0 0 0 0 1 0 1 1 1 1 0 0 1 0 0 0 1 1 0 1 1 1 0 0  
1 1 1 1 1 0 0 1 0 0 0 1 0 0 1 0 0 0 0 0 0 0 0 0 0 0 1 0 1 1 0 1 1 0 0 0 0 0 0 0  
1 1 0 1 0 0 0 0 1 0 0 0 0 0 0 0 0 0 0 0 0 0 0 0 0 0 0 1 0 0 0 0 0 0 0 0 0 0 0 0  
0 0 0 0 0 0 0 1 0 1 0 0 0 1 0 0 0 0 0 0 0 0 1 1 1 1 1 0 1 1 0 0 1 1 0 0 0 0 1 0  
0 0 0 0 0 0 0 1 0 1 1 1 0 1 0 0 0 0 0 0 1 0 1 1 1 1 1 0 1 1 0 0 1 1 0 1 1 1 1 0  
1 1 1 1 1 0 0 0 1 0 0 1 0 0 1 0 0 0 0 0 0 0 0 0 0 0 1 1 1 1 0 1 0 0 0 0 0 0 0 1  
0 0 0 0 0 0 0 1 0 0 1 1 1 0 0 1 0 0 1 0 1 0 1 0 1 0 0 0 1 0 0 0 1 1 0 1 1 1 0 0  
0 1 1 0 1 0 0 1 0 0 0 1 0 1 1 0 0 0 0 0 0 0 0 0 0 0 1 0 1 1 0 1 1 0 0 0 1 1 0 0  
1 1 1 1 0 0 0 0 1 0 0 0 0 0 1 0 0 0 0 0 0 0 0 0 0 0 0 1 0 1 0 1 0 0 0 0 0 0 0 0  
0 0 1 0 1 0 0 1 0 0 0 1 0 0 1 1 0 0 1 1 1 0 1 0 1 0 0 0 1 1 0 1 1 0 0 1 1 1 0 0  
0 0 0 0 0 1 1 0 0 0 1 1 1 0 0 1 1 1 0 0 1 0 1 0 1 0 0 0 0 0 1 0 1 0 0 1 0 1 0 0  
0 0 0 0 0 1 1 1 0 1 1 1 1 1 0 1 0 1 0 0 1 0 1 1 1 1 0 0 1 0 0 0 1 1 0 1 0 0 0 0  
1 1 1 1 1 0 0 0 0 0 0 1 0 0 1 0 0 0 1 1 0 0 1 0 1 0 0 0 1 1 0 1 1 0 0 0 1 1 0 1  
1 1 1 1 1 0 0 1 1 0 0 1 0 0 1 0 0 0 0 1 0 0 0 0 1 0 1 0 1 1 0 1 1 0 0 0 1 1 0 1  
0 0 1 0 1 0 0 1 0 0 0 1 0 0 1 0 0 0 1 1 1 0 1 0 1 0 1 0 1 1 0 1 1 1 0 0 1 1 0 0  
0 0 1 0 1 0 0 0 0 0 0 1 0 0 1 1 0 0 1 1 1 1 0 0 0 0 0 0 0 0 0 1 0 0 0 0 1 1 0 1  
0 0 1 0 1 0 0 1 0 0 0 1 0 1 1 0 0 0 0 1 0 0 1 0 1 0 1 0 1 1 0 1 1 0 0 0 1 1 0 0  
0 0 0 0 0 0 0 1 0 0 0 1 0 1 0 0 0 0 0 0 0 0 1 1 1 0 1 0 1 1 0 1 1 0 0 0 1 1 1 0  
1 1 1 1 1 0 0 1 0 0 0 1 0 1 1 0 0 0 0 0 0 0 0 0 1 0 1 0 1 1 0 1 1 0 0 0 1 1 0 1  
0 0 0 0 0 0 0 1 0 0 0 1 0 1 0 0 0 0 0 0 0 0 1 1 1 1 1 0 1 1 0 0 1 0 0 0 0 0 1 0  
1 1 1 1 1 0 0 0 1 0 0 0 0 0 1 0 0 0 0 0 0 0 0 0 0 0 1 1 0 1 0 1 0 0 0 0 0 0 0 1  
0 1 0 1 0 0 0 0 0 0 0 0 0 0 0 0 0 0 0 0 0 0 0 0 0 0 0 1 0 0 0 0 0 0 0 0 0 0 0 0  
1 1 1 1 1 0 0 0 1 0 0 0 0 0 1 0 0 0 0 0 0 0 0 0 0 0 1 1 1 1 0 1 0 0 0 0 0 0 0 1  
1 1 1 1 0 0 0 0 1 0 0 0 0 0 0 0 0 0 0 0 0 0 0 0 0 0 0 1 0 1 0 1 0 0 0 0 0 0 0 0  
0 0 0 0 0 1 1 0 0 0 1 1 1 0 0 1 0 1 0 0 1 0 1 0 1 0 0 0 0 0 1 0 1 0 0 1 1 1 0 0  
1 1 1 1 0 0 0 0 1 0 0 0 0 0 0 0 0 0 0 0 0 0 0 0 0 0 0 1 0 0 0 1 0 0 0 0 0 0 0 0  
1 1 1 1 1 0 0 0 1 0 0 1 0 0 1 0 0 0 0 0 0 0 0 0 0 0 1 0 1 1 0 1 1 0 0 0 0 0 0 1  
0 0 0 0 0 0 0 1 0 0 0 1 0 1 0 0 0 0 0 0 0 0 1 1 1 1 1 0 1 1 0 0 1 1 0 0 1 1 1 0  
0 0 1 0 1 0 0 0 0 0 0 1 0 0 1 1 0 0 1 1 1 1 0 0 0 0 0 0 0 0 0 1 0 0 1 0 1 1 0 1  
0 0 1 0 1 0 0 1 0 0 0 1 0 1 1 0 0 0 1 1 1 0 1 1 1 0 1 0 1 1 0 1 1 1 0 1 1 1 0 0  
1 1 1 1 1 0 0 1 1 0 0 1 0 0 1 0 0 0 0 0 0 0 0 0 0 0 1 0 1 1 0 1 1 0 0 0 1 0 0 1  
1 1 1 1 1 0 0 1 1 0 0 1 0 0 1 0 0 0 0 0 0 0 0 0 0 0 1 0 1 1 0 1 1 0 0 0 1 1 0 1  
0 0 0 0 0 0 0 1 0 0 0 1 0 1 0 0 0 0 0 0 0 0 0 0 1 0 1 0 1 1 0 0 1 0 0 0 0 0 1 0  
1 1 1 1 0 0 0 0 1 0 0 0 0 0 1 0 0 0 0 0 0 0 0 0 0 0 0 1 0 1 0 1 0 0 0 0 0 0 0 1  
Connect directly to BS 
1 1 1 1 1 0 0 1 1 0 0 1 0 1 1 0 0 0 0 1 0 0 1 1 1 0 1 1 1 1 0 1 1 0 0 0 1 1 1 1 
Cordinaates of sensors 
1 29.000000 336.000000
2 59.000000 372.000000
3 103.000000 294.000000
4 20.000000 361.000000
5 108.000000 246.000000
6 483.000000 182.000000
7 452.000000 127.000000
8 309.000000 322.000000
9 6.000000 382.000000
10 490.000000 378.000000
11 466.000000 236.000000
12 220.000000 229.000000
13 385.000000 70.000000
14 330.000000 395.000000
15 73.000000 258.000000
16 226.000000 53.000000
17 445.000000 31.000000
18 491.000000 145.000000
19 89.000000 84.000000
20 81.000000 130.000000
21 278.000000 85.000000
22 26.000000 16.000000
23 295.000000 183.000000
24 394.000000 391.000000
25 276.000000 207.000000
26 417.000000 422.000000
27 253.000000 355.000000
28 25.000000 454.000000
29 232.000000 285.000000
30 223.000000 325.000000
31 428.000000 32.000000
32 134.000000 270.000000
33 270.000000 272.000000
34 430.000000 338.000000
35 29.000000 13.000000
36 327.000000 113.000000
37 194.000000 197.000000
38 194.000000 195.000000
39 383.000000 480.000000
40 2.000000 286.000000
