Nombre des capteurs:
40
Nombre des targets:
30
Nombre de type de surveillance:
1

Caracteristiques:
300.000000 8 3.000000 22.000000 108.000000 a 325.399750 513.089661 302.337555 293.462097 181.107697 152.777618 329.660431 394.077393 250.744888 58.137768 423.548096 355.928375 467.124176 454.318176 297.753265 19.235384 308.585480 523.772827 301.400055 479.009399 84.291161 502.189209 218.817276 307.416656 188.223267 497.096558 321.309814 121.037186 382.487915 227.782791 
300.000000 2 1.000000 99.000000 397.000000 a 32.015621 409.180878 57.567352 432.539001 163.884109 147.054413 233.310959 303.712036 368.126343 335.276001 256.322052 76.321686 229.270584 276.016296 28.792360 295.357422 134.331680 370.345795 272.058807 411.130157 379.511536 417.468567 84.219948 183.698120 110.860275 281.902466 342.242615 186.075256 230.184708 134.629120 
300.000000 7 2.000000 242.000000 325.000000 a 149.626205 256.035156 103.773796 316.362122 128.222458 202.410477 73.817345 144.222046 255.538651 318.190186 121.078484 228.600082 163.682617 149.833237 131.529465 315.329987 26.907248 233.805481 124.036285 252.033722 368.741089 260.654938 185.002701 25.612497 175.524933 188.095718 197.091354 242.785919 83.198555 84.723076 
300.000000 5 4.000000 295.000000 215.000000 a 264.660156 219.938629 217.039169 201.062180 151.082764 247.759964 67.364677 103.600197 146.154022 279.331329 166.784286 341.621124 256.859894 196.063766 241.132736 306.111084 147.353317 240.482849 8.246211 188.403824 327.470612 209.618698 261.772797 97.308784 237.170822 256.470276 75.802376 276.354858 132.003784 142.705994 
300.000000 7 2.000000 352.000000 158.000000 a 345.057953 204.355087 297.469330 153.101273 221.720551 317.176605 133.701157 121.807228 119.553337 306.757233 213.009384 422.214386 315.063477 237.118118 321.740570 349.413788 226.108383 251.829300 76.694199 155.595627 349.692719 183.831451 338.498138 174.484955 311.364746 301.802917 12.649111 340.484955 188.247177 221.054291 
300.000000 6 2.000000 278.000000 94.000000 a 357.833771 302.034760 311.724243 82.969872 196.824799 280.044647 189.525726 208.540161 24.351591 220.054535 287.236847 428.234741 378.910278 315.291931 330.080292 273.967163 255.219513 344.746277 125.514938 253.001984 258.652283 281.584808 318.968658 211.945755 285.797119 377.413574 86.278618 292.071899 254.017715 217.313141 
300.000000 2 4.000000 326.000000 303.000000 a 231.948273 171.002930 188.448929 290.167206 190.706573 278.657501 31.890438 58.137768 238.662949 357.598938 73.539108 310.757141 168.297363 103.353760 216.923950 370.994598 111.427109 162.889526 89.022469 165.496231 407.492340 173.968384 269.818451 68.029404 256.329865 163.217651 149.656265 315.792664 41.109608 158.398239 
300.000000 8 4.000000 76.000000 414.000000 a 48.093658 435.643188 85.088188 458.449554 187.552658 157.990509 261.725037 331.621765 394.062164 350.365509 281.305878 50.921509 246.675903 299.668152 56.824291 305.368622 162.348389 394.383057 300.562805 438.846222 392.821838 444.623444 91.983696 212.143814 124.145073 301.378510 370.534760 193.582031 256.727478 161.471359 
300.000000 11 2.000000 406.000000 183.000000 a 366.442352 149.806549 319.864044 199.491852 266.174744 362.836060 143.586212 98.081596 176.181717 365.892059 195.058960 445.252747 301.734985 213.265091 346.433258 406.395142 243.836014 207.781128 108.466583 97.308784 409.157684 126.589890 376.406708 191.801987 352.625854 277.848877 72.090218 389.724274 181.135315 256.846252 
300.000000 7 4.000000 329.000000 480.000000 a 214.462112 244.761108 201.556442 466.901489 301.809540 355.763977 199.832428 208.830078 413.233582 495.395813 111.830231 270.599335 15.811388 97.529480 223.289047 486.564484 173.833252 171.467194 264.282043 279.873199 545.835144 268.151062 313.560211 188.854446 321.217987 49.658836 326.185516 398.874664 136.132294 254.566299 
300.000000 5 2.000000 19.000000 42.000000 a 389.422638 544.135986 363.962921 282.391571 235.229675 218.357498 371.064697 429.075745 252.669739 46.529560 469.538086 421.900452 521.775818 500.639587 361.211853 76.295479 363.056458 563.401306 333.588074 504.631561 20.591261 530.023560 284.548767 355.373047 253.189651 547.644043 339.977936 187.000000 428.509033 283.019440 
300.000000 9 5.000000 458.000000 83.000000 a 472.347321 222.445496 425.000000 172.409393 349.274963 443.028229 252.857666 209.847565 188.382584 398.453247 306.202545 550.310791 413.168243 321.885071 450.155518 454.274139 351.135315 298.202942 204.892654 163.624573 433.038116 192.002609 467.848267 298.804291 439.764709 385.268738 137.713470 462.641327 293.846893 350.887451 
300.000000 6 1.000000 447.000000 220.000000 a 378.335815 96.041656 333.839783 253.071136 301.663727 397.819061 157.699081 89.498604 231.365509 417.258911 177.341476 457.283295 283.128937 188.308258 361.842499 453.842499 256.425415 162.496155 144.031250 42.201897 461.670868 71.421288 403.628540 207.234161 383.443604 249.899979 125.717941 428.094604 175.362488 284.829773 
300.000000 1 1.000000 481.000000 212.000000 a 411.672211 91.411156 367.631622 268.262939 336.168121 432.453461 192.200409 121.794907 253.775497 446.256653 203.494476 490.493622 307.092834 210.618134 395.790344 485.387482 290.244720 169.425507 178.070206 33.000000 489.538544 61.131008 438.543030 241.615402 418.335999 269.180237 152.463104 462.312653 205.883469 319.756165 
300.000000 11 5.000000 355.000000 256.000000 a 281.570587 149.264862 236.171555 248.171310 209.611542 304.006592 59.033890 31.144823 203.592728 351.978699 115.004349 360.627228 218.508575 139.441742 263.821899 376.591278 158.927658 169.177429 65.000000 126.479248 400.124969 142.790054 305.659943 108.673820 287.020905 203.887222 103.097038 337.083069 93.637596 187.808411 
300.000000 2 1.000000 224.000000 47.000000 a 383.275360 373.569275 340.277832 82.855293 208.165802 272.855286 247.606537 276.795959 51.884487 164.878738 349.107422 446.598267 433.866333 378.430969 353.841766 229.915207 296.006744 414.223358 187.459335 324.427185 196.351730 353.135956 323.447052 260.230652 287.689056 438.456390 157.813187 274.133179 313.065491 241.350372 
300.000000 8 4.000000 351.000000 244.000000 a 285.408478 157.098694 239.384628 235.586502 205.039017 300.326477 62.008064 42.638012 191.023560 342.171021 127.035431 364.400879 229.682388 151.907867 266.597076 368.571564 162.609970 180.812057 55.072678 130.003845 389.979492 148.475586 304.690002 111.220505 284.740234 216.226730 90.669731 332.338684 103.846039 185.924713 
300.000000 11 3.000000 299.000000 294.000000 a 213.901840 198.161545 168.585297 280.001801 162.249802 250.599289 12.369317 80.808418 224.877747 331.694122 94.625580 292.957336 177.814514 125.602547 196.412827 343.169067 91.268837 190.968582 77.103828 188.480774 381.837677 199.331375 243.852417 42.449970 229.034927 181.245697 145.880081 287.445648 55.461697 130.552673 
300.000000 4 3.000000 361.000000 106.000000 a 391.011505 238.562363 343.402100 110.385689 253.339691 345.259308 185.625961 171.842957 97.498718 303.916107 265.092438 466.840454 367.763519 288.340088 366.314087 356.169891 274.754425 295.447113 125.239769 183.632782 341.976593 213.824692 374.085541 224.075882 344.292023 353.239288 52.392746 363.446014 241.014526 260.461121 
300.000000 4 3.000000 307.000000 460.000000 a 187.984039 247.111313 172.652832 446.054932 272.618774 326.098145 178.070206 196.290604 390.755676 466.717255 100.647903 248.008072 14.212670 94.762863 195.166595 457.004364 144.616730 180.235962 243.032913 276.588135 517.088013 267.994415 284.597961 162.560760 291.665894 67.007462 307.774261 369.195068 117.098251 225.228775 
300.000000 4 1.000000 437.000000 488.000000 a 320.951721 195.437973 302.907562 493.401459 382.341461 449.328400 246.294540 219.093582 449.197052 567.366699 143.450333 378.893127 122.188377 112.605507 326.989288 569.442688 259.326050 111.682587 302.319366 246.951416 617.867310 225.142181 413.879211 255.988281 417.004791 69.354164 347.800232 491.736725 183.662735 338.023682 
300.000000 3 3.000000 327.000000 6.000000 a 458.399384 341.344391 412.074036 28.160255 295.832733 373.737885 277.129944 275.757141 86.452301 273.227020 365.997253 528.923462 465.130096 390.957794 430.769073 340.595062 352.978760 400.985046 212.360550 284.318481 298.543121 314.841217 417.161835 306.858276 383.020874 455.431671 148.569855 380.253876 338.023682 318.025146 
300.000000 10 4.000000 374.000000 256.000000 a 297.356689 131.320221 252.539108 253.061264 228.560715 323.006195 76.550636 21.377558 212.228653 368.048920 116.726173 376.378784 222.685883 138.003616 280.472809 394.312073 175.137085 157.003189 81.006172 107.563934 415.751129 123.911255 324.211365 125.924583 305.895416 203.000000 107.517441 356.025269 101.710373 206.642197 
300.000000 11 2.000000 35.000000 39.000000 a 388.336182 531.613586 361.167542 266.176636 229.612717 219.583694 361.023560 417.484131 237.168716 35.355339 460.418274 423.680298 515.349426 491.553650 359.701263 83.570328 356.910339 552.557678 321.726593 491.275879 16.155495 516.979675 285.847870 347.109497 253.428497 539.741577 325.960114 190.672501 419.486603 277.497742 
300.000000 10 1.000000 79.000000 219.000000 a 203.049255 426.160767 177.611938 301.439880 70.213959 48.010414 231.728287 304.573486 241.629883 156.160172 314.211700 243.821655 345.937866 343.861877 174.450562 126.015869 189.274933 422.307953 224.008926 402.839905 201.308228 421.222046 107.280006 198.587509 71.568146 380.295929 268.972107 60.827625 274.155060 109.859001 
300.000000 11 3.000000 349.000000 442.000000 a 226.384628 203.725311 204.619156 430.795776 286.379120 350.228485 166.760300 167.529099 379.317810 475.820343 71.175842 290.688843 43.931767 54.589375 229.682388 473.245178 161.027954 134.614258 229.654083 237.134979 526.425659 226.152603 314.941254 164.468842 317.718414 30.232433 288.140594 392.770935 101.390335 240.831894 
300.000000 4 1.000000 138.000000 120.000000 a 297.329773 402.498444 260.491852 193.597519 120.266373 163.134918 230.521149 286.790863 140.801285 96.020828 331.144989 351.005707 393.554321 362.277527 267.269531 133.033829 238.296036 421.523438 191.400101 365.067108 145.248062 389.463745 219.492599 220.510773 183.095596 413.058105 204.841400 161.375336 290.518494 164.939377 
300.000000 1 3.000000 343.000000 34.000000 a 441.191559 309.095459 394.255005 47.423622 285.035095 368.021729 251.366272 245.507645 81.841309 284.585663 337.179474 513.653564 437.833313 361.419434 414.364563 348.041656 331.846344 369.167969 187.320587 252.121002 314.159210 282.639343 407.303314 284.017609 374.252594 426.129089 120.037491 378.154724 310.644501 302.952148 
300.000000 8 4.000000 59.000000 153.000000 a 271.884155 462.649963 246.077225 278.212158 123.036583 105.304321 275.118164 342.252838 226.373581 89.005615 366.809204 309.000000 408.867950 397.412872 243.402954 64.899925 250.337769 469.131104 252.253845 431.912018 132.442444 453.616577 171.011688 250.409668 137.440903 439.159424 281.001770 85.883644 325.848114 169.531708 
300.000000 12 1.000000 479.000000 29.000000 a 525.898254 273.592773 478.357605 179.627396 394.220764 485.412201 308.768524 267.777893 213.178329 420.459259 364.127716 603.232117 471.097656 379.527344 502.765350 482.099579 405.764709 352.142029 257.526703 216.009262 450.027771 242.668503 514.887390 353.577423 485.182434 442.634155 186.938492 501.597443 351.512451 400.136230 
300.000000 3 1.000000 258.000000 351.000000 a 149.372025 243.971313 107.967590 339.607117 157.686401 226.931702 81.835197 140.982269 280.257019 348.673187 98.061203 227.863998 133.281662 124.651512 136.821045 344.622986 36.878178 213.122025 141.354172 246.910919 399.211731 252.033722 202.805328 46.000000 197.648682 158.492905 213.384628 268.337463 65.375839 112.614388 
300.000000 8 4.000000 226.000000 290.000000 a 162.889526 271.265564 115.256233 285.748138 94.339813 177.901657 76.419891 152.554901 223.376358 280.413971 151.476074 239.735275 202.141037 181.705811 139.316193 280.659943 53.150730 259.480255 106.103722 258.940155 331.006042 271.665222 172.386200 35.341194 156.000000 224.644165 177.459854 215.800827 111.018013 57.558666 
300.000000 7 1.000000 346.000000 20.000000 a 454.854919 319.882782 408.000000 46.389652 297.321381 379.036926 265.668976 258.984558 91.525955 289.364807 351.091156 527.003784 451.996674 375.122650 427.889008 354.527863 345.984100 381.379089 201.638290 262.392822 317.025238 292.919769 419.448456 298.276703 386.103607 439.892029 134.134262 388.085052 324.815338 316.185059 
300.000000 12 5.000000 256.000000 398.000000 a 133.360413 259.416656 103.576057 386.512604 192.520126 248.243835 124.787819 171.828400 327.299561 387.262177 101.651367 207.135223 94.493385 119.067207 130.464554 376.778442 64.660652 213.677322 187.002670 272.091888 437.498566 272.415131 212.313446 93.021500 215.081375 132.834488 258.054260 291.084167 86.052307 145.000000 
300.000000 6 1.000000 81.000000 262.000000 a 160.853973 417.918640 138.755173 330.854950 68.622154 30.265491 221.903137 297.378540 268.704285 199.110519 293.955780 201.206360 314.493256 322.273163 132.853302 163.710114 162.609970 405.838623 226.514893 400.361084 243.614456 416.097351 66.483078 182.148285 30.083218 353.069397 280.615387 70.235321 255.515167 90.244110 
300.000000 9 5.000000 13.000000 314.000000 a 151.426544 484.148743 155.682373 415.173462 152.200531 67.675697 290.766235 366.870544 353.691956 254.379639 345.731110 154.983871 341.259430 370.734406 134.528809 197.162369 211.002365 460.895874 305.792419 473.059204 290.441040 485.906372 45.122055 245.165253 61.846584 389.032135 364.045319 85.211502 311.448242 159.248230 
300.000000 7 4.000000 48.000000 261.000000 a 173.528091 450.868042 159.364365 352.863983 100.224747 4.242640 254.866638 330.387665 292.205414 197.365143 325.170715 201.300766 340.476135 353.012756 148.189072 150.283066 192.353836 437.768188 258.768250 433.295502 237.760376 449.111359 63.639610 214.560013 36.400551 381.418396 310.987152 43.185646 287.252502 122.808792 
300.000000 7 5.000000 356.000000 379.000000 a 235.091476 160.654907 202.002472 369.270905 251.835266 328.124969 111.018013 104.345581 319.781189 432.251099 8.246211 308.379639 100.319489 24.207438 230.139084 438.001129 138.751572 113.017700 170.449402 183.251190 482.653076 177.609116 304.016449 122.800652 299.527954 82.000000 225.568176 368.875305 48.104053 210.660858 
300.000000 8 1.000000 132.000000 29.000000 a 388.082458 455.800385 351.688782 168.668320 211.463943 242.903275 304.809784 349.313599 144.249786 80.056229 407.735199 439.110474 478.769257 438.490601 358.050262 154.508896 326.643524 487.312012 254.135788 410.435150 103.121284 437.937225 304.384613 303.400726 268.262939 493.420715 242.670563 229.715042 368.382965 255.691223 
300.000000 1 5.000000 458.000000 430.000000 a 334.252899 133.809570 308.084412 444.994385 365.299866 441.851776 215.034882 172.652832 405.246826 540.703247 119.570061 400.281158 147.800537 90.470993 334.773071 550.616028 251.525345 50.219517 263.427399 186.424240 590.658081 163.713165 414.773438 235.849533 412.485138 88.865067 300.166626 482.827087 160.065613 324.692169 
Type de surveillance de chaque endroit(target):tab[nombre de target]
a a a a a a a a a a a a a a a a a a a a a a a a a a a a a a 
Matrix of neighbour
1 1 0 1 0 0 0 0 0 0 0 0 0 0 0 0 0 0 0 0 0 0 0 0 1 0 1 0 1 0 0 1 0 0 1 1 1 0 0 0  
0 1 0 0 0 0 0 0 0 0 0 0 0 0 0 0 0 0 0 0 0 0 0 0 0 0 0 0 0 0 0 0 0 0 0 0 0 0 0 0  
0 1 1 0 0 0 0 1 0 0 0 0 0 0 0 0 0 0 0 0 0 0 0 0 0 0 0 0 0 0 0 0 0 1 1 1 1 0 0 0  
0 1 1 1 0 0 1 1 0 1 0 0 0 0 0 0 0 1 0 1 0 0 0 0 1 1 0 0 1 0 1 1 0 1 1 1 1 1 0 0  
0 0 1 1 1 0 1 0 0 0 0 0 0 0 1 0 1 1 0 0 0 0 1 0 1 1 1 0 1 0 1 1 0 1 1 0 0 1 0 0  
1 0 1 1 1 1 1 0 0 0 0 0 0 0 1 0 1 1 0 0 0 0 1 0 1 0 1 0 1 0 1 1 0 0 1 0 1 1 0 0  
0 1 1 0 0 0 1 1 0 1 0 0 0 0 0 0 0 1 0 1 0 0 0 0 1 0 0 0 0 0 1 1 0 1 1 0 1 0 0 0  
0 1 0 0 0 0 0 1 0 0 0 0 0 0 0 0 0 0 0 0 0 0 0 0 0 0 0 0 0 0 0 0 0 0 0 0 0 0 0 0  
0 0 1 1 1 1 1 0 1 0 0 0 0 0 1 1 1 1 0 1 0 0 1 0 0 1 1 0 0 0 1 1 0 1 0 0 0 1 0 1  
0 1 1 0 0 0 0 1 0 1 0 0 0 0 0 0 0 1 0 1 0 0 0 0 0 0 0 0 0 0 1 1 0 1 0 0 0 0 0 0  
1 0 0 0 0 1 0 0 0 0 1 0 0 0 0 0 0 0 0 0 0 0 0 1 1 0 1 0 1 0 0 0 0 0 1 1 1 0 0 0  
0 0 0 1 1 1 1 0 1 0 0 1 1 1 1 1 1 1 1 0 0 1 1 0 0 0 0 1 0 0 0 0 1 0 0 0 0 0 0 0  
0 0 1 1 1 1 1 0 1 1 0 0 1 0 1 1 1 1 0 1 1 0 1 0 0 1 0 0 0 0 1 1 0 1 0 0 0 1 0 1  
0 0 1 1 1 1 1 0 1 0 0 0 1 1 1 0 1 1 1 0 1 0 1 0 0 1 0 0 0 0 1 1 0 1 0 0 0 1 0 1  
0 1 1 1 0 0 1 0 0 1 0 0 0 0 1 0 0 1 0 1 0 0 0 0 1 1 1 0 0 0 1 1 0 1 1 0 0 1 0 0  
1 0 1 1 1 1 1 0 0 0 1 0 0 0 1 1 1 1 0 0 0 0 1 1 1 0 1 0 1 0 0 1 0 0 1 0 1 0 1 0  
0 1 1 1 0 0 1 0 0 1 0 0 0 0 1 0 1 1 0 1 0 0 0 0 1 1 1 0 0 0 1 1 0 1 1 0 0 1 0 0  
0 1 1 0 0 0 0 1 0 0 0 0 0 0 0 0 0 1 0 1 0 0 0 0 1 0 0 0 0 0 1 1 0 1 1 1 1 0 0 0  
0 0 1 1 1 1 1 0 1 0 0 0 1 0 1 1 1 1 1 0 0 0 1 0 0 0 1 0 0 0 1 1 0 0 0 0 0 1 1 0  
0 1 1 0 0 0 0 1 0 0 0 0 0 0 0 0 0 0 0 1 0 0 0 0 0 0 0 0 0 0 1 1 0 1 0 0 0 0 0 0  
0 0 1 0 0 0 1 0 0 1 0 0 0 0 1 0 1 1 0 1 1 0 1 0 0 1 0 0 0 0 1 1 0 1 0 0 0 1 0 0  
0 0 0 1 1 1 1 0 1 0 0 0 1 1 1 1 1 1 1 0 0 1 1 1 0 0 1 1 0 0 0 0 1 0 0 0 0 0 1 0  
0 0 1 1 0 0 1 0 0 1 0 0 0 0 1 0 1 1 0 1 0 0 1 0 1 1 1 0 0 0 1 1 0 1 1 0 0 1 0 0  
1 0 0 0 0 1 0 0 0 0 0 0 0 0 0 0 0 0 0 0 0 0 0 1 1 0 1 0 1 0 0 0 0 0 1 1 1 0 0 0  
0 1 1 0 0 0 0 1 0 0 0 0 0 0 0 0 0 0 0 0 0 0 0 0 1 0 0 0 0 0 1 1 0 1 1 1 1 0 0 0  
0 1 1 0 0 0 1 1 0 1 0 0 0 0 0 0 0 1 0 1 0 0 0 0 0 1 0 0 0 0 1 1 0 1 0 0 0 0 0 0  
0 1 1 1 0 0 1 0 0 0 0 0 0 0 0 0 0 1 0 0 0 0 0 0 1 0 1 0 1 0 1 1 0 0 1 1 1 0 0 0  
0 0 0 1 1 1 1 0 1 0 0 0 1 1 1 1 1 1 1 0 0 0 1 0 0 0 1 1 0 0 0 1 0 0 0 0 0 0 1 0  
0 1 1 0 0 0 0 1 0 0 0 0 0 0 0 0 0 1 0 0 0 0 0 0 1 0 0 0 1 0 1 1 0 0 1 1 1 0 0 0  
0 0 0 1 1 1 0 0 1 0 0 1 1 1 1 1 1 0 1 0 0 1 1 0 0 0 0 1 0 1 0 0 1 0 0 0 0 0 0 0  
0 1 1 0 0 0 0 1 0 0 0 0 0 0 0 0 0 0 0 0 0 0 0 0 0 0 0 0 0 0 1 0 0 1 1 1 1 0 0 0  
0 1 1 0 0 0 0 1 0 0 0 0 0 0 0 0 0 0 0 0 0 0 0 0 0 0 0 0 0 0 1 1 0 1 1 1 1 0 0 0  
0 0 0 1 1 1 1 0 1 0 0 0 1 1 1 1 1 1 1 0 0 0 1 0 0 0 1 1 0 0 0 1 1 0 0 0 0 0 1 0  
0 1 0 0 0 0 0 1 0 0 0 0 0 0 0 0 0 0 0 0 0 0 0 0 0 0 0 0 0 0 0 0 0 1 1 1 1 0 0 0  
0 1 0 0 0 0 0 1 0 0 0 0 0 0 0 0 0 0 0 0 0 0 0 0 0 0 0 0 0 0 0 0 0 0 1 1 0 0 0 0  
0 1 0 0 0 0 0 1 0 0 0 0 0 0 0 0 0 0 0 0 0 0 0 0 0 0 0 0 0 0 0 0 0 0 0 1 0 0 0 0  
0 1 0 0 0 0 0 1 0 0 0 0 0 0 0 0 0 0 0 0 0 0 0 0 0 0 0 0 0 0 0 0 0 0 1 1 1 0 0 0  
0 1 1 0 0 0 1 1 0 1 0 0 0 0 0 0 0 1 0 1 0 0 0 0 0 1 0 0 0 0 1 1 0 1 1 0 0 1 0 0  
1 0 0 1 1 1 0 0 0 0 1 0 0 0 0 0 0 0 0 0 0 0 0 1 1 0 1 0 1 0 0 1 0 0 1 0 1 0 1 0  
0 0 1 1 1 0 1 0 0 1 0 0 0 0 1 0 1 1 0 1 1 0 1 0 0 1 0 0 0 0 1 1 0 1 0 0 0 1 0 1  
Connect directly to BS 
0 1 1 1 0 0 1 1 0 1 0 0 0 0 1 0 1 1 0 1 0 0 0 0 1 1 1 0 1 0 1 1 0 1 1 1 1 1 0 0 
Cordinaates of sensors 
1 22.000000 108.000000
2 99.000000 397.000000
3 242.000000 325.000000
4 295.000000 215.000000
5 352.000000 158.000000
6 278.000000 94.000000
7 326.000000 303.000000
8 76.000000 414.000000
9 406.000000 183.000000
10 329.000000 480.000000
11 19.000000 42.000000
12 458.000000 83.000000
13 447.000000 220.000000
14 481.000000 212.000000
15 355.000000 256.000000
16 224.000000 47.000000
17 351.000000 244.000000
18 299.000000 294.000000
19 361.000000 106.000000
20 307.000000 460.000000
21 437.000000 488.000000
22 327.000000 6.000000
23 374.000000 256.000000
24 35.000000 39.000000
25 79.000000 219.000000
26 349.000000 442.000000
27 138.000000 120.000000
28 343.000000 34.000000
29 59.000000 153.000000
30 479.000000 29.000000
31 258.000000 351.000000
32 226.000000 290.000000
33 346.000000 20.000000
34 256.000000 398.000000
35 81.000000 262.000000
36 13.000000 314.000000
37 48.000000 261.000000
38 356.000000 379.000000
39 132.000000 29.000000
40 458.000000 430.000000
