Nombre des capteurs:
40
Nombre des targets:
15
Nombre de type de surveillance:
1

Caracteristiques:
300.000000 4 2.000000 40.000000 188.000000 a 191.366135 135.181366 370.623810 269.875885 412.354218 193.403717 48.259712 203.678665 376.463806 349.322205 167.107742 307.585754 480.759827 113.648582 205.936890 
300.000000 12 3.000000 48.000000 174.000000 a 175.934647 149.753128 377.478485 255.000000 403.117859 177.789200 49.729267 212.473526 376.968170 348.531189 163.526749 319.225616 468.651245 114.402794 202.410477 
300.000000 6 1.000000 436.000000 38.000000 a 352.841339 493.592957 482.628235 184.783661 106.920532 344.884033 453.017670 442.485016 347.334137 311.708191 302.054626 547.416687 58.051701 359.488525 282.874542 
300.000000 2 3.000000 29.000000 499.000000 a 500.144989 176.045456 230.312836 527.458984 550.695923 501.103790 339.241791 172.594894 357.123230 363.147339 320.669617 92.070625 661.876099 279.946411 332.661987 
300.000000 7 5.000000 246.000000 111.000000 a 194.427368 300.521210 376.224670 90.199776 206.651886 187.856323 251.029877 276.539337 292.318329 252.715256 125.936493 394.654266 260.892700 168.514099 130.188324 
300.000000 5 3.000000 465.000000 336.000000 a 505.920929 432.195557 255.415344 380.255188 192.585052 499.940002 496.840027 327.377472 108.461975 110.040901 283.933105 375.800476 310.266022 338.320862 245.155060 
300.000000 11 5.000000 402.000000 387.000000 a 498.712341 374.509003 174.496414 395.545197 247.695374 493.665894 461.172424 263.837067 38.078865 67.178864 254.880371 298.543121 371.323303 299.447815 218.826416 
300.000000 10 3.000000 61.000000 470.000000 a 468.614990 149.642914 198.728455 487.936462 507.540161 469.092743 314.963501 130.000000 317.616119 321.864868 279.216766 60.876926 618.767334 241.298569 290.043091 
300.000000 10 5.000000 449.000000 334.000000 a 492.666229 416.145416 243.944672 369.835114 190.002625 486.785370 481.175629 311.647247 94.826157 94.132881 268.391510 361.997223 310.137054 322.405029 229.671509 
300.000000 5 2.000000 398.000000 294.000000 a 428.057251 366.150238 237.844482 309.588440 158.757675 422.242828 419.634369 268.821503 90.249657 62.241467 206.496979 337.290680 283.397247 263.188141 167.600723 
300.000000 8 5.000000 268.000000 383.000000 a 422.670074 242.538651 104.388695 362.353424 300.408051 419.268402 348.005737 130.115326 97.128784 97.493591 167.547012 179.744263 421.142487 190.433716 144.931015 
300.000000 2 3.000000 120.000000 396.000000 a 395.551514 113.569359 166.138504 397.553772 415.215607 394.924042 263.865509 35.510563 245.660339 241.813980 186.045700 89.000000 524.680847 155.293274 195.412384 
300.000000 8 3.000000 344.000000 7.000000 a 259.048248 443.370056 487.467957 93.059120 173.219513 251.049789 376.897858 413.407776 371.593872 332.182190 263.529877 527.882568 150.336288 311.192871 256.478058 
300.000000 4 5.000000 490.000000 408.000000 a 573.464050 464.837616 244.135208 454.326965 267.013123 567.842407 548.734009 353.503876 128.549606 151.611343 339.094391 377.927246 381.011810 387.370636 301.479675 
300.000000 4 1.000000 281.000000 186.000000 a 268.834534 283.324890 301.802917 167.529099 174.140747 263.058929 282.109894 229.268402 209.570984 169.955872 89.944427 339.590942 265.000000 151.713547 69.202599 
300.000000 2 4.000000 345.000000 111.000000 a 281.923737 377.210815 385.709747 129.417923 110.063622 274.563293 348.604370 327.812439 267.748016 228.219193 185.399567 436.464203 170.176376 243.281723 167.737885 
300.000000 6 5.000000 52.000000 127.000000 a 129.282639 196.918762 415.269806 226.353699 398.362915 131.552277 62.128899 254.342285 401.210663 369.801300 181.394592 364.400879 452.195740 144.806763 219.009125 
300.000000 10 2.000000 11.000000 9.000000 a 74.330345 314.769745 538.505310 241.298569 459.288574 82.298241 152.397507 379.253204 511.348206 476.692780 291.343445 488.320587 482.335968 266.326874 325.281403 
300.000000 1 2.000000 284.000000 316.000000 a 371.748566 251.097595 172.817825 296.730530 239.039749 367.528229 323.544434 153.378616 102.004898 74.632431 119.553337 235.493103 356.653900 161.901199 87.464279 
300.000000 4 4.000000 223.000000 457.000000 a 475.467133 232.499466 46.861500 436.963379 386.649719 473.207153 370.600861 123.842644 162.496155 177.053665 228.965057 106.737999 507.740082 230.464752 216.591782 
300.000000 3 2.000000 375.000000 197.000000 a 349.463867 364.472229 312.339569 214.720749 91.836815 342.854187 376.724030 290.270569 181.276031 143.401535 175.934647 384.667389 206.939606 239.269730 142.940552 
300.000000 4 2.000000 492.000000 428.000000 a 589.173157 470.856659 240.353912 472.492340 287.088837 583.675415 559.779419 358.403412 136.488098 163.370743 351.711517 376.341614 401.001251 398.120575 314.607697 
300.000000 12 5.000000 214.000000 115.000000 a 171.493439 275.726318 374.711884 101.390335 237.775101 165.559662 218.888092 261.965637 303.265564 264.682831 114.629837 381.753845 292.549133 146.986389 128.456223 
300.000000 8 5.000000 264.000000 411.000000 a 446.454926 247.194260 76.164299 390.184570 325.399750 443.308014 363.587677 132.853302 106.254410 116.038788 192.270645 161.901199 447.098419 209.611542 171.828400 
300.000000 5 4.000000 100.000000 282.000000 a 280.401489 78.549347 259.433990 302.034760 376.223328 280.087494 156.974518 92.612091 281.852783 261.292938 114.947815 203.982849 468.480530 56.568542 144.920670 
300.000000 12 1.000000 95.000000 262.000000 a 260.192230 86.977005 278.425934 287.628235 374.097595 260.007690 138.657852 112.924751 293.863922 271.162323 111.973213 224.396973 462.200165 49.244289 145.523193 
300.000000 4 5.000000 58.000000 315.000000 a 314.162384 26.248810 264.546783 352.238556 427.673950 314.950775 164.560013 95.718338 313.397522 297.968109 167.725967 180.953033 521.698181 109.786156 195.542831 
300.000000 4 5.000000 297.000000 190.000000 a 283.351379 295.609528 299.421112 174.888535 159.765457 277.416656 298.412476 236.516388 199.919983 159.890594 102.693718 344.026154 254.921555 165.387421 77.233414 
300.000000 4 4.000000 498.000000 380.000000 a 559.868713 468.480530 261.858734 435.197662 240.831894 553.993652 544.026672 359.272888 133.015030 148.761551 332.290527 392.312378 353.035400 383.676941 293.942169 
300.000000 9 5.000000 112.000000 158.000000 a 158.319290 182.937149 360.347046 195.880066 338.289825 157.152786 112.040169 209.745087 335.274506 303.001648 114.634201 327.097839 402.892059 88.543777 151.716843 
300.000000 4 1.000000 400.000000 446.000000 a 544.390503 387.063293 146.840042 450.032227 306.111084 539.800903 491.146606 272.985352 76.478752 116.077560 293.756714 282.703033 429.196930 330.478455 260.664520 
300.000000 4 2.000000 434.000000 359.000000 a 499.249451 402.612732 216.815582 383.885406 215.594528 493.690186 477.032501 295.083038 71.568146 81.492332 265.939850 338.337097 337.201721 316.425354 227.923233 
300.000000 4 5.000000 32.000000 193.000000 a 198.217056 130.003845 371.436401 279.256165 420.862213 200.504364 45.254833 203.415833 380.938324 354.464386 173.769958 304.972137 489.976532 118.595955 212.492355 
300.000000 3 1.000000 43.000000 175.000000 a 178.025284 148.337448 379.473328 259.609314 408.178894 180.080536 45.221676 213.768570 380.648132 352.476959 167.919617 319.419800 473.712982 117.889778 206.813919 
300.000000 7 2.000000 209.000000 463.000000 a 477.385590 224.891083 55.461697 444.086700 399.802460 475.370392 367.266937 119.620232 177.654160 191.551559 234.104675 91.678787 520.338379 231.521057 224.017853 
300.000000 8 4.000000 396.000000 416.000000 a 517.800171 374.723907 154.304886 420.429535 277.308502 513.035095 471.000000 261.818634 49.040798 87.235313 269.453156 284.494293 400.911469 309.535126 235.104233 
300.000000 9 4.000000 151.000000 55.000000 a 84.646324 292.827606 445.295410 106.569229 311.964752 78.568443 184.491196 311.231415 387.459686 349.674133 181.320160 431.115997 343.144287 187.323257 205.766861 
300.000000 7 4.000000 314.000000 123.000000 a 259.001923 344.907227 368.131775 119.364990 137.611771 251.956345 316.291016 299.456177 260.049988 219.856766 154.207657 410.706696 203.118195 210.800858 139.817734 
300.000000 4 3.000000 22.000000 136.000000 a 148.070923 187.323257 423.520966 257.147827 428.074768 151.647614 33.301651 258.048431 419.777313 389.997437 202.605530 362.498291 483.448029 158.619034 241.068451 
300.000000 12 2.000000 213.000000 342.000000 a 363.296021 181.000000 152.121658 323.360474 308.825195 360.555115 279.517456 77.794601 156.204987 142.031693 113.534134 170.581360 421.455811 123.810341 104.292854 
Type de surveillance de chaque endroit(target):tab[nombre de target]
a a a a a a a a a a a a a a a 