Nombre des capteurs:
40
Nombre des targets:
30
Nombre de type de surveillance:
1

Caracteristiques:
300.000000 8 5.000000 20.000000 233.000000 a 192.720001 294.090118 254.125946 349.425232 286.923340 223.271133 278.600067 356.388824 204.137207 314.128967 179.877731 266.067657 302.352448 459.152466 43.000000 404.604736 304.105255 383.689972 154.434448 386.745392 153.561066 447.071594 300.467957 243.199509 387.769257 246.789383 408.221741 488.466980 77.524193 67.230942 
300.000000 8 2.000000 167.000000 250.000000 a 80.529495 146.112976 107.377838 264.196899 153.561066 169.434357 240.831894 273.424591 151.162170 167.191513 120.074974 286.150299 222.991028 317.529541 105.380264 277.893860 157.257751 239.365829 59.228371 239.102493 59.439045 301.039856 183.207535 96.166519 252.239960 252.073395 260.654938 342.242615 70.455658 144.506058 
300.000000 2 1.000000 84.000000 362.000000 a 219.385498 246.617111 225.257629 402.905701 286.457672 82.807007 366.760132 411.946594 277.973022 277.308502 56.222771 148.771637 164.541794 367.396240 130.698120 292.328583 268.776855 353.362427 89.202019 338.687164 88.408142 406.765289 321.403168 194.115952 379.138489 359.093292 342.940216 410.147522 120.702110 194.743423 
300.000000 12 4.000000 239.000000 179.000000 a 34.000000 115.108643 71.196907 169.248337 62.128899 256.820953 176.819122 179.002792 103.077644 113.991226 212.473526 384.407349 291.547607 301.240753 184.097794 294.811798 105.209312 166.904160 153.938293 184.317657 154.486252 232.594070 82.134033 101.000000 162.431519 216.226730 221.616791 307.585754 155.347992 193.165726 
300.000000 10 2.000000 481.000000 232.000000 a 281.042694 172.791779 207.195557 280.713379 188.809433 384.046875 368.401947 287.702972 334.571381 147.339737 366.750610 527.554749 360.767242 164.939377 418.001190 243.895462 157.257751 81.043198 334.741699 79.056938 335.715668 15.652476 210.772385 226.715683 115.260574 433.756836 93.085983 119.707977 384.130188 439.256195 
300.000000 11 4.000000 352.000000 72.000000 a 181.818588 200.039993 186.131668 75.690155 114.934761 403.193512 176.264008 82.219215 180.036102 170.950287 363.275391 537.219666 421.969208 336.582825 330.820190 374.192474 171.303818 147.122391 307.416656 192.720001 308.058441 191.400101 73.539108 226.019913 91.923882 249.447388 242.330353 313.057495 306.471863 321.616241 
300.000000 12 4.000000 140.000000 413.000000 a 242.860046 224.964447 218.036697 423.199707 287.341248 7.071068 405.731445 432.866028 315.835388 258.605865 46.000000 142.800568 88.865067 310.581726 195.777939 226.417755 251.872986 332.231842 106.066017 308.369904 105.929222 377.190918 330.334686 179.961105 368.408752 409.957306 302.332611 359.388367 176.323563 259.615112 
300.000000 5 3.000000 480.000000 245.000000 a 282.809113 169.567093 206.038834 290.024139 192.200409 377.033142 375.598175 297.235596 339.045715 146.030823 361.225677 520.223022 351.592102 151.990128 417.172638 232.071106 156.051270 84.581322 331.049835 74.966660 332.031616 23.853722 216.889374 223.450211 124.084648 439.892029 82.734512 106.920532 383.011749 440.263550 
300.000000 12 1.000000 497.000000 471.000000 a 412.950348 274.652496 320.357605 493.356873 355.009857 355.967682 555.536682 502.117523 492.659119 281.087189 371.840027 471.831543 288.006958 90.210861 494.974762 135.329224 287.800293 277.411255 378.857483 232.544617 379.760437 247.822510 399.021301 306.419647 334.669983 605.238770 183.068298 120.037491 460.913239 541.665039 
300.000000 4 1.000000 413.000000 218.000000 a 211.624664 112.698715 140.890030 229.477661 119.970833 334.400970 307.148163 237.674149 266.986877 82.565125 311.014465 478.257263 323.445526 179.847153 350.321289 233.205917 91.923882 12.806249 273.247131 39.623226 274.191528 54.451813 146.986389 165.275528 68.447060 369.319641 86.469650 155.724121 316.910095 369.997284 
300.000000 12 2.000000 195.000000 302.000000 a 123.405838 121.840057 99.809822 299.879974 165.423691 126.317062 292.109558 309.633667 204.083313 151.396835 85.146935 259.557312 167.585800 271.088531 148.946304 222.029282 142.695480 227.437897 40.447498 215.745224 41.436699 282.688873 206.661560 68.352028 253.805038 309.342865 227.008804 302.988434 114.908661 198.398590 
300.000000 6 1.000000 451.000000 76.000000 a 266.692719 237.033752 241.979340 163.865799 179.724792 458.911743 272.124969 166.628326 277.953247 203.088654 425.913147 599.628235 461.533325 318.001587 418.560638 380.090790 208.216232 142.337631 376.085083 186.510056 376.872650 149.856598 158.445572 278.689789 91.263351 346.561676 229.836899 278.341522 390.988495 415.992798 
300.000000 8 5.000000 146.000000 191.000000 a 60.207973 182.989075 137.419067 228.127151 155.823624 227.002197 185.585556 236.357773 96.166519 194.794769 176.102249 330.551056 285.049133 365.547546 93.021500 335.483246 184.889160 257.701385 117.345642 268.246155 117.273186 322.795593 167.943436 142.611359 256.142548 190.065781 298.236481 383.019592 70.724815 101.980392 
300.000000 4 4.000000 210.000000 358.000000 a 179.069824 136.029404 133.360413 349.017181 204.377106 88.459030 348.759216 358.954041 261.489960 169.799881 70.576202 231.812424 111.004501 242.684982 192.961136 177.369675 163.355438 243.213898 74.330345 220.492630 75.073296 289.375183 250.710983 93.813644 280.303406 367.314575 218.769287 284.086243 161.941345 248.726761 
300.000000 7 5.000000 359.000000 447.000000 a 309.095459 185.067551 222.847488 431.477692 278.115082 215.956009 469.630707 441.236908 394.118011 206.518768 233.154449 337.035614 151.604752 105.309067 365.256073 5.099020 208.952148 241.049789 246.854202 195.726852 247.681244 246.876480 328.344330 196.369553 298.690460 507.206085 156.262604 165.653259 332.669495 417.306854 
300.000000 7 3.000000 223.000000 363.000000 a 184.878342 130.176804 132.230865 350.891724 203.538696 95.441078 354.830933 360.879486 268.508850 164.201096 83.096329 239.384628 106.920532 229.106964 206.155289 163.615402 158.382446 236.239288 87.458565 211.482864 88.238312 280.321259 251.097595 92.309265 275.535828 375.768555 207.562042 271.265564 174.691162 261.137909 
300.000000 2 1.000000 385.000000 269.000000 a 201.246124 73.006851 114.477074 264.092773 126.063477 282.490723 326.013794 273.221527 270.963104 57.706154 263.873077 426.357819 266.413208 140.890030 324.006165 178.241409 67.119293 61.684681 233.283096 24.186773 234.269073 93.059120 168.077362 126.321022 118.827606 380.465515 50.931328 136.400146 289.262848 352.881012 
300.000000 1 1.000000 434.000000 456.000000 a 359.402283 224.116043 268.001862 457.017517 310.885834 291.487549 509.828400 466.274597 441.643524 236.211777 307.175842 410.259674 225.375244 64.031242 432.862579 70.710678 241.505692 247.945557 315.824310 200.960190 316.708069 233.345245 358.022339 249.617706 307.001617 554.966675 152.472946 120.933868 399.205475 481.423920 
300.000000 12 1.000000 333.000000 149.000000 a 131.468628 120.838737 109.293182 133.929092 41.231056 328.184387 201.586212 143.338760 166.676331 93.005379 291.158020 465.563110 343.185089 271.503235 282.764923 298.613464 92.439171 92.849342 238.673416 130.357208 239.420135 154.051941 41.400482 148.717850 66.030296 264.321777 178.734436 258.311829 253.663162 287.841980 
300.000000 7 2.000000 17.000000 447.000000 a 327.365234 345.059418 329.370605 510.616302 393.242920 131.244049 468.901917 519.547852 381.776123 377.510254 146.727646 52.773098 193.256302 436.231598 218.888092 347.001434 369.709351 452.951447 195.869858 432.921478 195.166595 501.780823 429.439178 295.169434 483.259766 453.071747 429.504364 486.564484 220.056808 277.519379 
300.000000 10 3.000000 351.000000 405.000000 a 269.057617 142.442978 181.176712 388.768555 235.372040 206.409790 427.692657 398.539825 353.503876 163.884109 214.394501 338.320862 155.756226 99.609238 335.451935 43.011627 166.207703 201.814270 218.689270 157.889206 219.585968 214.140137 285.590607 156.821548 258.495636 466.821167 123.458496 152.856140 301.802917 384.422943 
300.000000 2 2.000000 161.000000 166.000000 a 45.880280 182.222397 135.624481 199.529449 140.288986 252.507431 158.151825 207.617432 68.249542 188.957672 202.094040 359.324371 306.778412 368.110046 118.713943 345.845337 179.426865 245.967484 142.126709 261.354156 142.172424 311.636017 145.206757 148.822037 238.472214 169.248337 295.237183 380.938324 99.357941 115.108643 
300.000000 8 4.000000 336.000000 332.000000 a 201.419952 68.352028 110.113579 314.428040 160.853973 209.468369 354.802765 324.234497 283.783356 90.022217 199.100479 352.120728 186.810059 129.769028 290.396271 117.388245 91.787796 139.186920 182.584229 102.591423 183.575592 169.144913 211.092392 94.047859 191.650726 397.190125 90.443352 159.138306 255.384018 331.694122 
300.000000 8 2.000000 70.000000 355.000000 a 221.812988 257.163361 233.692108 404.665283 292.849792 97.948967 364.299316 413.532349 276.318665 287.167206 71.021126 150.572235 179.769302 381.996063 122.200653 307.761261 278.409760 363.199677 97.128784 350.000000 96.254868 417.742737 325.976990 204.083313 387.113678 353.503876 355.675415 424.018860 116.180893 185.558609 
300.000000 9 5.000000 126.000000 434.000000 a 266.956940 249.303024 243.213898 447.925232 312.579590 24.839485 428.365509 457.558746 338.421326 283.068909 68.447060 119.268608 90.077744 326.459808 210.641876 238.302322 276.501343 356.237274 129.294235 331.253693 129.073624 399.952484 355.494019 205.000000 393.214966 430.227844 323.289337 377.243958 194.177750 274.898163 
300.000000 12 5.000000 273.000000 322.000000 a 158.344559 66.610809 81.006172 302.952148 149.642914 160.000000 323.635590 313.000000 243.987701 100.603180 140.406555 303.871674 160.327789 191.083755 228.081131 153.808319 95.718338 171.592545 118.827606 148.033783 119.820702 216.898590 199.832428 46.173584 212.407623 356.433716 150.083313 222.894592 193.328735 272.635284 
300.000000 12 2.000000 331.000000 378.000000 a 235.535553 111.628853 148.384628 359.610901 205.204773 190.252457 395.170837 369.476654 320.140594 136.033081 191.316498 328.124969 152.200531 120.070816 304.711334 75.584389 137.178711 182.778549 189.409607 142.358704 190.339172 204.707108 255.884735 123.223373 236.966248 433.401672 117.290237 165.221069 270.651062 352.241394 
300.000000 4 4.000000 18.000000 429.000000 a 312.200256 335.196960 317.616119 495.097961 380.269653 127.475487 451.798615 503.945435 365.015076 367.185242 136.850281 70.455658 195.143539 433.415497 201.099472 346.417389 359.137848 442.928894 182.784027 424.414886 182.035706 493.170349 415.390167 284.397614 471.640747 435.271179 422.895966 482.348419 203.002457 259.514923 
300.000000 9 2.000000 361.000000 370.000000 a 246.611023 113.159180 155.595627 355.803314 204.022064 221.269073 399.844971 365.470917 329.256744 130.816666 221.020355 358.979095 181.397354 92.179176 327.983246 76.059189 134.201340 165.420670 215.127869 121.630585 216.085632 179.613480 253.450195 137.360840 222.272354 442.670319 89.872131 134.350296 293.393921 372.593597 
300.000000 5 3.000000 264.000000 389.000000 a 218.130692 130.172958 148.337448 370.472656 217.175049 122.482651 386.742798 380.522003 303.644531 162.815842 125.936493 262.190765 97.082436 186.067200 254.434662 115.104301 159.699722 226.631866 135.801331 193.876251 136.605270 260.969360 267.434113 111.112556 273.622009 413.919067 179.412933 233.117996 222.481461 308.298553 
300.000000 1 3.000000 158.000000 17.000000 a 168.680176 294.477509 252.253845 139.032364 213.103256 401.210663 29.832869 140.174896 83.546394 285.658875 350.462555 499.747925 454.868103 476.857422 235.968216 475.895996 278.804596 311.887787 291.015472 345.114471 291.027496 372.484894 177.800446 279.860687 275.748077 47.801674 389.955139 473.763641 233.122284 190.420593 
300.000000 9 5.000000 95.000000 421.000000 a 265.827026 265.514587 253.852325 449.004456 320.861328 50.089920 421.170990 458.399384 331.549408 298.600067 70.292244 104.139328 123.693169 356.025269 190.703964 270.159210 291.274780 373.343018 127.941391 351.592102 127.475487 420.475922 360.879486 217.589066 406.590698 417.346375 347.301025 405.093811 179.011169 254.756744 
300.000000 12 3.000000 144.000000 53.000000 a 139.989288 272.853455 228.569458 156.518372 198.829071 365.001373 60.811184 159.890594 54.918121 267.994415 314.025482 461.345856 421.047516 458.166992 197.385406 450.387604 260.276764 302.869598 255.237152 332.054199 255.195999 365.941254 171.397202 252.685577 273.183075 58.523499 374.546387 459.678162 194.756256 153.388397 
300.000000 1 1.000000 20.000000 471.000000 a 345.671814 355.630432 342.660187 529.273071 408.138458 135.771866 490.316223 538.335388 402.616455 388.634796 158.795471 28.635643 189.010574 436.839783 241.853256 344.907227 381.203369 463.475983 211.645935 441.352478 211.009476 510.220551 445.880035 307.196991 496.025208 475.975830 435.307922 488.953979 241.598846 301.124573 
300.000000 4 3.000000 132.000000 324.000000 a 162.339157 188.509949 164.477966 345.891602 225.304245 94.894676 318.780487 355.178833 228.886429 218.009171 43.737854 204.599609 164.176727 325.613281 114.201576 262.122101 209.172180 294.001709 28.017851 282.072693 27.202942 349.322205 261.197235 135.074051 318.147766 320.624390 290.688843 363.005524 89.157166 175.513535 
300.000000 10 1.000000 223.000000 402.000000 a 223.725281 160.863297 168.884583 389.101532 240.027084 79.624115 393.649597 399.110260 306.936462 194.733154 90.077744 219.585968 68.447060 227.140930 232.725159 147.705795 190.057892 263.180542 116.017242 233.482330 116.606178 301.438232 288.466644 129.120102 306.556671 413.188812 221.822006 275.757141 203.656570 291.015472 
300.000000 10 5.000000 445.000000 364.000000 a 303.026398 164.027435 210.641876 374.486328 237.606812 304.821259 438.041107 383.307983 379.032990 164.939377 305.014740 440.211304 258.304077 30.413813 403.837830 115.260574 172.539856 159.624557 295.357422 113.885910 296.339325 140.730240 280.401489 204.919495 217.910538 490.396790 64.257294 50.695168 368.765503 443.226807 
300.000000 7 3.000000 185.000000 175.000000 a 20.396078 157.410294 110.801628 191.230225 116.000000 246.270172 165.012115 199.985001 76.791924 163.370743 197.202942 360.911346 294.977966 343.781921 135.085159 324.779938 153.873322 220.791763 136.341476 235.722290 136.565002 286.398315 125.801430 126.826653 215.341583 185.930099 269.833282 355.607941 110.602890 139.057541 
300.000000 2 4.000000 3.000000 50.000000 a 239.676865 378.160034 331.544861 295.526642 323.154755 394.446442 188.297638 297.699524 177.881989 382.655212 345.337524 449.588715 466.901489 564.043457 192.585052 535.851685 373.526428 430.813171 299.446167 453.054077 298.939789 495.904236 306.080048 342.811890 408.677124 118.308914 489.976532 575.918396 213.775589 128.413391 
300.000000 7 4.000000 196.000000 274.000000 a 95.425362 116.155067 84.693565 273.344116 144.312164 152.764526 264.153351 283.019440 176.377441 141.661575 108.558739 282.001770 195.432846 280.919922 139.176147 240.432938 132.185471 216.667953 53.263496 210.686966 54.037025 275.394257 182.526703 63.126858 237.356277 282.764923 227.982452 307.787262 104.043259 181.958786 
Type de surveillance de chaque endroit(target):tab[nombre de target]
a a a a a a a a a a a a a a a a a a a a a a a a a a a a a a 
Matrix of neighbour
1 1 1 0 0 0 1 0 0 0 1 0 0 1 0 1 0 0 0 1 0 0 0 1 1 0 0 1 0 1 0 1 0 1 1 1 0 0 0 1  
0 1 1 0 0 0 1 0 0 0 1 0 0 1 0 1 0 0 0 1 0 0 0 1 1 0 0 1 0 0 0 1 0 1 1 1 0 0 0 1  
0 0 1 0 0 0 0 0 0 0 0 0 0 0 0 0 0 0 0 0 0 0 0 0 0 0 0 0 0 0 0 1 0 0 0 0 0 0 0 0  
1 1 1 1 0 0 1 0 0 0 1 0 1 1 0 1 0 0 0 0 1 1 1 1 1 1 1 0 0 1 0 1 0 0 1 1 0 1 0 1  
0 0 0 1 1 1 0 1 1 1 1 0 0 1 1 1 1 1 1 0 1 0 1 0 0 1 1 0 1 1 0 0 0 0 0 0 1 0 0 1  
0 1 0 1 0 1 0 1 0 1 1 0 1 0 0 0 1 0 1 0 0 1 1 0 0 1 0 0 1 0 1 0 1 0 0 0 0 1 0 1  
0 0 1 0 0 0 1 0 0 0 0 0 0 0 0 0 0 0 0 0 0 0 0 0 0 0 0 0 0 0 0 1 0 0 0 0 0 0 0 0  
0 0 0 1 0 0 0 1 1 1 1 0 0 1 1 1 1 1 1 0 1 0 1 0 0 1 1 0 1 1 0 0 0 0 0 0 1 0 0 1  
0 0 0 0 0 0 0 0 1 1 0 0 0 0 1 1 1 1 0 0 1 0 1 0 0 1 1 0 1 1 0 0 0 0 0 1 1 0 0 0  
0 1 0 1 0 0 0 0 0 1 1 0 1 1 1 1 1 1 1 0 1 1 1 0 0 1 1 0 1 1 0 0 0 0 0 1 1 1 0 1  
0 0 1 0 0 0 1 0 0 0 1 0 0 1 0 1 0 0 0 1 0 0 0 1 1 0 0 1 0 0 0 1 0 1 1 1 0 0 0 0  
0 0 0 1 1 1 0 1 0 1 0 1 0 0 0 0 1 0 1 0 0 0 1 0 0 0 0 0 0 0 1 0 0 0 0 0 1 1 0 0  
1 1 1 0 0 0 1 0 0 0 1 0 1 1 0 1 0 0 0 1 0 0 0 1 1 1 0 1 0 1 0 1 0 0 1 1 0 0 0 1  
0 0 1 0 0 0 1 0 0 0 0 0 0 1 0 0 0 0 0 1 0 0 0 1 1 0 0 1 0 0 0 1 0 1 1 0 0 0 0 0  
0 1 1 1 0 0 1 0 0 0 1 0 0 1 1 1 0 0 0 0 1 0 1 0 1 1 1 0 1 1 0 1 0 0 1 1 0 0 0 1  
0 0 1 0 0 0 1 0 0 0 0 0 0 1 0 1 0 0 0 1 0 0 0 1 1 0 0 1 0 0 0 1 0 1 1 1 0 0 0 0  
0 1 0 1 0 0 1 0 0 0 1 0 1 1 1 1 1 0 0 0 1 1 1 0 0 1 1 0 1 1 0 0 0 0 1 1 0 1 0 1  
0 0 0 0 0 0 1 0 0 0 1 0 0 1 1 1 1 1 0 0 1 0 1 0 0 1 1 0 1 1 0 0 0 0 0 1 0 0 0 1  
0 1 0 1 0 0 0 0 0 0 1 0 1 1 1 1 1 0 1 0 1 1 1 0 0 1 1 0 1 1 0 0 0 0 1 1 0 1 0 1  
0 0 1 0 0 0 1 0 0 0 0 0 0 0 0 0 0 0 0 1 0 0 0 1 1 0 0 1 0 0 0 1 0 0 1 0 0 0 0 0  
0 1 1 0 0 0 1 0 0 0 1 0 1 1 0 1 0 0 0 0 1 0 1 1 1 1 1 0 0 1 0 1 0 0 1 1 0 1 0 1  
1 1 1 0 0 0 1 0 0 0 1 0 1 1 0 1 0 0 0 0 0 1 0 1 1 1 1 1 0 1 0 1 0 0 1 1 0 1 0 1  
0 1 1 0 0 0 1 0 0 0 1 0 1 1 0 1 0 0 0 0 0 1 1 1 1 1 1 0 0 1 0 1 0 0 1 1 0 1 0 1  
0 0 1 0 0 0 1 0 0 0 0 0 0 0 0 0 0 0 0 0 0 0 0 1 1 0 0 0 0 0 0 1 0 0 0 0 0 0 0 0  
0 0 1 0 0 0 1 0 0 0 0 0 0 0 0 0 0 0 0 0 0 0 0 0 1 0 0 0 0 0 0 1 0 0 0 0 0 0 0 0  
1 1 1 0 0 0 1 0 0 0 1 0 0 1 0 1 0 0 0 1 0 0 0 1 1 1 0 1 0 1 0 1 0 1 1 1 0 0 0 1  
0 1 1 0 0 0 1 0 0 0 1 0 1 1 0 1 0 0 0 0 0 0 0 1 1 1 1 0 0 1 0 1 0 0 1 1 0 0 0 1  
0 0 1 0 0 0 1 0 0 0 0 0 0 0 0 0 0 0 0 0 0 0 0 1 1 0 0 1 0 0 0 1 0 0 1 0 0 0 0 0  
0 1 1 1 0 0 1 0 0 0 1 0 1 1 0 1 0 0 0 0 1 1 1 1 1 1 1 0 1 1 0 1 0 0 1 1 0 1 0 1  
0 1 1 0 0 0 1 0 0 0 1 0 0 1 0 1 0 0 0 1 0 0 0 1 1 0 0 1 0 1 0 1 0 1 1 1 0 0 0 1  
1 1 0 1 0 0 0 0 0 0 1 0 1 0 0 0 0 0 1 0 0 1 0 0 0 0 0 0 0 0 1 0 1 0 0 0 0 1 1 1  
0 0 0 0 0 0 0 0 0 0 0 0 0 0 0 0 0 0 0 0 0 0 0 0 0 0 0 0 0 0 0 1 0 0 0 0 0 0 0 0  
1 1 0 1 0 0 0 0 0 0 1 0 1 0 0 0 0 0 1 0 0 1 0 0 0 1 0 0 0 0 0 0 1 0 1 0 0 1 0 1  
0 0 1 0 0 0 1 0 0 0 0 0 0 0 0 0 0 0 0 1 0 0 0 1 1 0 0 1 0 0 0 1 0 1 1 0 0 0 0 0  
0 0 1 0 0 0 1 0 0 0 0 0 0 0 0 0 0 0 0 0 0 0 0 1 1 0 0 0 0 0 0 1 0 0 1 0 0 0 0 0  
0 0 1 0 0 0 1 0 0 0 0 0 0 1 0 0 0 0 0 1 0 0 0 1 1 0 0 1 0 0 0 1 0 1 1 1 0 0 0 0  
0 0 0 1 0 0 0 0 0 0 1 0 0 1 1 1 1 1 1 0 1 0 1 0 0 1 1 0 1 1 0 0 0 0 0 1 1 0 0 1  
1 1 1 0 0 0 1 0 0 0 1 0 1 1 0 1 0 0 0 0 0 0 0 1 1 1 1 0 0 1 0 1 0 0 1 1 0 1 0 1  
1 1 0 1 0 0 0 0 0 0 0 0 1 0 0 0 0 0 0 0 0 1 0 0 0 0 0 0 0 0 0 0 1 0 0 0 0 1 1 1  
0 0 1 0 0 0 1 0 0 0 1 0 0 1 0 1 0 0 0 1 0 0 0 1 1 0 0 1 0 0 0 1 0 1 1 1 0 0 0 1  
Connect directly to BS 
1 1 1 1 0 0 1 0 0 0 1 0 1 1 1 1 0 0 0 1 1 1 1 1 1 1 1 1 1 1 0 1 0 1 1 1 0 1 0 1 
Cordinaates of sensors 
1 20.000000 233.000000
2 167.000000 250.000000
3 84.000000 362.000000
4 239.000000 179.000000
5 481.000000 232.000000
6 352.000000 72.000000
7 140.000000 413.000000
8 480.000000 245.000000
9 497.000000 471.000000
10 413.000000 218.000000
11 195.000000 302.000000
12 451.000000 76.000000
13 146.000000 191.000000
14 210.000000 358.000000
15 359.000000 447.000000
16 223.000000 363.000000
17 385.000000 269.000000
18 434.000000 456.000000
19 333.000000 149.000000
20 17.000000 447.000000
21 351.000000 405.000000
22 161.000000 166.000000
23 336.000000 332.000000
24 70.000000 355.000000
25 126.000000 434.000000
26 273.000000 322.000000
27 331.000000 378.000000
28 18.000000 429.000000
29 361.000000 370.000000
30 264.000000 389.000000
31 158.000000 17.000000
32 95.000000 421.000000
33 144.000000 53.000000
34 20.000000 471.000000
35 132.000000 324.000000
36 223.000000 402.000000
37 445.000000 364.000000
38 185.000000 175.000000
39 3.000000 50.000000
40 196.000000 274.000000
