Nombre des capteurs:
40
Nombre des targets:
15
Nombre de type de surveillance:
1

Caracteristiques:
300.000000 2 2.000000 66.000000 255.000000 a 336.590240 451.890472 122.971542 429.120026 231.088730 225.550430 156.371353 305.766235 253.503448 86.492775 192.924850 153.101273 261.925568 210.924164 371.496979 
300.000000 9 1.000000 5.000000 72.000000 a 488.328796 587.983826 70.682388 552.088745 102.859123 377.000000 349.184753 294.382416 204.787689 271.751740 3.162278 213.358856 451.691254 361.415283 452.216766 
300.000000 1 2.000000 32.000000 184.000000 a 399.952484 509.644989 48.093658 481.037415 170.847885 287.088837 234.923386 295.665344 224.269928 157.035034 114.982605 162.520767 340.261658 271.661560 403.971527 
300.000000 11 1.000000 161.000000 465.000000 a 223.892838 340.851868 352.302429 347.144073 443.640625 177.138367 74.946648 430.706390 422.621582 167.170578 423.018921 295.846252 45.607018 177.409134 372.941010 
300.000000 12 1.000000 267.000000 79.000000 a 331.409119 391.290161 238.899567 343.011658 178.070206 253.239014 353.141602 38.832977 68.095520 339.425995 265.067902 117.443604 402.800201 243.002060 214.273193 
300.000000 7 4.000000 282.000000 189.000000 a 223.376358 297.712952 252.622253 255.601257 246.564392 143.055939 265.601196 133.090195 161.901199 276.812225 303.077545 89.822044 298.115753 133.958954 154.719101 
300.000000 9 4.000000 289.000000 186.000000 a 223.394272 294.884735 258.874481 251.908707 249.927994 146.413803 272.238861 129.387024 162.609970 284.318481 308.444489 96.176918 302.881165 137.931137 148.296997 
300.000000 4 4.000000 375.000000 102.000000 a 291.006866 318.472931 341.695770 265.333740 288.201324 249.617706 391.675873 88.323273 176.459625 402.826263 374.125641 193.705963 411.734131 245.521896 125.299644 
300.000000 6 5.000000 117.000000 280.000000 a 279.830292 395.693054 165.710587 374.339417 254.786179 169.189240 121.103264 287.841980 252.003967 89.938866 236.799500 133.454117 215.761444 154.806335 325.189178 
300.000000 10 4.000000 159.000000 383.000000 a 214.233521 336.291534 276.378357 329.437408 362.343750 129.468140 41.146080 354.790070 341.533295 117.175079 347.489563 214.869720 104.651802 123.166557 324.679840 
300.000000 9 4.000000 173.000000 43.000000 a 403.112885 478.539459 166.412140 433.553925 77.878113 307.483337 361.614441 126.775391 35.057095 321.462280 173.611633 129.711212 435.178131 294.091827 311.777161 
300.000000 1 2.000000 50.000000 360.000000 a 324.681396 446.535553 224.501663 436.331299 337.290680 229.712860 82.855293 392.186188 352.404602 20.000000 290.986267 237.606812 194.200928 219.317123 412.466980 
300.000000 6 4.000000 480.000000 57.000000 a 352.625854 340.330719 451.957977 286.062927 384.252533 341.216949 496.487671 181.000000 272.264587 514.770813 478.267700 307.883087 502.020905 340.618561 161.400131 
300.000000 4 2.000000 118.000000 141.000000 a 358.509399 455.702759 83.150467 419.795197 116.901665 249.160583 260.030762 199.541977 131.590271 210.297409 134.461884 81.706795 347.080688 233.805481 324.853821 
300.000000 11 2.000000 304.000000 426.000000 a 76.485291 193.189026 395.551514 200.032501 450.387604 97.529480 183.709015 369.033875 392.908386 268.164124 464.556793 277.713867 111.364265 110.724884 250.912338 
300.000000 4 5.000000 468.000000 365.000000 a 99.040398 41.868843 489.826508 28.425341 502.555481 192.844498 347.867798 351.318939 412.310577 418.746948 549.927246 335.726074 285.854858 206.526031 156.518372 
300.000000 12 4.000000 312.000000 388.000000 a 61.204575 183.221176 374.476959 179.724792 421.033264 65.513359 190.444214 331.255188 358.420135 266.360657 441.955872 247.008102 139.176147 80.448738 214.720749 
300.000000 5 4.000000 395.000000 298.000000 a 97.514099 140.716019 394.770813 101.518471 403.469940 121.840057 291.784180 259.416656 314.607697 347.547119 452.850983 237.760376 261.038300 131.213562 94.847244 
300.000000 1 5.000000 346.000000 78.000000 a 316.155029 352.082367 316.362122 299.708191 254.371780 262.944855 393.071228 51.478149 141.890808 395.297363 344.036346 178.193710 423.180817 256.780060 160.863297 
300.000000 2 3.000000 87.000000 253.000000 a 318.427399 432.666168 128.035156 409.024445 227.220154 206.693008 152.082214 288.721313 240.634583 94.540993 199.060287 134.807266 253.179779 191.838470 350.406921 
300.000000 7 2.000000 241.000000 203.000000 a 231.352539 319.612274 216.621796 282.179016 228.177567 134.201340 231.008652 157.098694 161.409424 235.053192 272.067993 56.859474 276.354858 121.597694 194.208649 
300.000000 9 2.000000 406.000000 199.000000 a 196.786682 217.082932 376.311035 164.730087 354.132751 184.588730 348.511108 177.800446 250.838593 382.906006 423.192627 213.841064 343.052460 186.357178 31.780497 
300.000000 3 4.000000 13.000000 326.000000 a 366.181641 487.201202 191.269440 473.305389 311.538116 265.067902 132.310242 392.628326 342.032166 39.560081 253.239014 238.298126 244.264206 253.031616 437.126984 
300.000000 9 1.000000 316.000000 435.000000 a 70.802544 182.989075 410.319397 193.297699 463.941803 109.786156 196.956848 378.382080 404.677643 282.455292 479.207672 290.826416 118.680244 123.567795 252.764709 
300.000000 6 4.000000 156.000000 119.000000 a 349.521088 438.411896 122.188377 398.843323 110.136276 245.464859 284.042236 155.862122 90.443352 245.106094 160.723358 64.404968 361.337799 230.887421 294.091827 
300.000000 5 5.000000 485.000000 67.000000 a 344.702759 330.151489 455.259277 276.001801 390.160217 336.264771 493.279846 186.268616 277.872284 513.569885 483.037262 309.025879 496.487671 336.133911 153.378616 
300.000000 12 5.000000 285.000000 372.000000 a 90.470993 211.482864 343.796448 203.081268 393.776581 40.607880 165.559662 315.310944 335.943451 237.168716 411.691620 220.639984 132.003784 53.488316 219.317123 
300.000000 6 5.000000 141.000000 486.000000 a 249.945999 365.016449 365.699341 373.462189 462.099548 206.118896 87.097649 457.170654 446.060547 172.037781 435.763702 319.427612 64.629715 206.206207 401.885559 
300.000000 3 1.000000 39.000000 22.000000 a 499.196350 590.390564 114.070152 550.318115 58.137768 391.434540 387.981964 262.345184 170.557907 318.190186 63.007935 215.002319 484.335632 376.203400 439.222046 
300.000000 7 3.000000 87.000000 224.000000 a 332.200226 443.162506 102.215462 416.367615 198.252365 219.419693 180.427277 269.875885 216.060181 121.757957 173.280121 119.406868 279.164825 204.071060 348.206848 
300.000000 6 2.000000 45.000000 439.000000 a 331.209900 451.955750 303.164978 451.328033 416.260742 256.394226 85.866173 458.737396 426.385986 99.126183 368.517303 306.634949 164.450607 250.059998 451.252716 
300.000000 4 1.000000 298.000000 277.000000 a 138.133987 230.670761 298.412476 199.248581 321.561829 58.523499 215.295151 220.002274 248.845337 255.876923 359.488525 148.499161 220.565186 55.217751 151.637726 
300.000000 8 5.000000 344.000000 85.000000 a 309.362244 346.619385 313.180450 294.496185 253.948807 255.665802 386.186493 53.000000 141.760361 389.179901 342.210449 172.904602 415.914642 249.505508 156.237000 
300.000000 7 1.000000 357.000000 320.000000 a 74.732857 158.028473 370.863861 131.034348 392.474213 79.906197 248.567902 269.319519 312.771484 307.650787 432.474274 220.839310 218.524597 91.021973 133.221619 
300.000000 8 4.000000 350.000000 355.000000 a 44.418465 150.960266 383.648285 136.528381 415.030121 75.584389 232.594070 302.332611 340.975067 300.374756 447.915161 241.230179 189.496704 90.249657 166.355042 
300.000000 7 2.000000 498.000000 228.000000 a 207.002411 169.026627 472.051910 115.624390 449.004456 243.343384 413.890076 262.377594 342.912537 461.787842 519.654663 309.297577 384.512665 250.319794 65.000000 
300.000000 5 5.000000 3.000000 180.000000 a 426.929749 537.729492 54.405884 509.762695 180.421722 314.211700 251.001999 320.538605 245.458755 166.760300 107.004669 191.211929 359.183807 298.886261 433.183563 
300.000000 7 4.000000 164.000000 270.000000 a 242.507736 354.527863 186.002686 330.171173 253.031616 129.769028 137.568161 252.178513 229.261856 133.775925 255.054901 103.445641 211.021332 114.490173 277.137146 
300.000000 2 2.000000 290.000000 173.000000 a 235.136124 303.646179 257.670319 259.453278 242.606674 159.452194 283.210175 116.348618 152.013153 292.385010 304.867188 96.020828 315.659637 150.920502 150.153259 
300.000000 10 4.000000 43.000000 383.000000 a 330.151489 452.216766 247.129517 444.802216 361.060944 240.470367 81.024689 414.502106 376.123657 43.566040 312.699524 260.278687 187.296555 231.192566 427.673950 
Type de surveillance de chaque endroit(target):tab[nombre de target]
a a a a a a a a a a a a a a a 