Nombre des capteurs:
40
Nombre des targets:
30
Nombre de type de surveillance:
1

Caracteristiques:
300.000000 6 1.000000 27.000000 346.000000 a 481.087311 65.000000 319.037628 204.831635 212.362900 363.232697 430.834076 118.878090 439.245941 200.900467 520.566040 448.486328 110.887329 490.978607 159.176010 520.735046 251.753845 528.050171 240.435028 308.768524 247.881027 84.172440 201.308228 230.852768 216.603317 285.077179 224.396973 375.502319 366.829651 376.324341 
300.000000 9 2.000000 127.000000 224.000000 a 371.775482 97.308784 205.234009 66.030296 60.745369 262.819336 282.194977 269.295380 411.126495 142.284927 382.561096 298.824371 136.367157 335.201447 51.623638 367.266937 94.021271 374.733246 249.721848 151.953934 154.845078 187.757828 216.787918 207.424683 261.681091 150.748138 263.108337 222.283600 261.396240 258.069763 
300.000000 8 2.000000 330.000000 215.000000 a 171.210403 286.923340 325.399750 137.440903 146.492325 83.737686 126.317062 411.400055 294.538635 329.309875 191.564606 144.506058 241.400085 212.249847 247.654999 223.161377 158.902481 229.008728 242.637589 175.385284 95.775780 311.269989 238.648270 188.957672 290.243011 53.338543 283.704071 232.568268 75.006668 57.008770 
300.000000 10 5.000000 463.000000 324.000000 a 83.671982 412.752960 497.016083 287.235107 304.108521 90.917542 239.820770 482.170105 164.222412 488.578552 210.297409 250.567352 327.981720 323.542877 400.660706 310.864929 327.963409 313.166077 246.611023 347.047546 198.295227 387.005157 268.888458 218.579498 302.398743 218.680130 291.893829 399.091461 97.200821 122.147453 
300.000000 4 1.000000 236.000000 320.000000 a 271.713074 187.114944 338.540985 103.368271 128.035156 153.574081 263.774536 274.570587 265.966156 286.810028 328.907288 282.349060 106.775467 343.949127 196.310974 360.934906 177.485214 367.238342 123.490891 229.244415 45.254833 174.269913 105.536720 70.342018 158.902481 118.330048 154.870911 304.290985 158.483444 174.071823 
300.000000 9 4.000000 57.000000 160.000000 a 449.694336 126.099167 131.137329 151.168777 134.082062 347.979889 328.709595 307.148163 505.890289 50.960770 439.209503 342.537598 215.406586 360.671600 45.221676 399.260559 128.390030 406.872223 340.865082 161.548752 246.789383 248.581985 305.785858 301.318756 346.353851 225.390778 349.276398 207.966339 344.702759 335.386353 
300.000000 8 1.000000 266.000000 238.000000 a 232.215424 219.317123 291.358887 73.979729 89.157166 124.919975 179.769302 346.988464 305.499603 273.912384 258.588470 198.345657 177.552811 257.186707 187.536667 276.220917 119.603508 282.800293 205.878601 157.699081 50.039986 247.632797 192.442200 150.479233 245.751907 31.016125 241.124451 228.484131 122.249741 119.268608 
300.000000 6 5.000000 213.000000 153.000000 a 300.416382 208.830078 194.617569 75.690155 57.801384 212.407623 175.513535 374.733246 405.531738 205.119476 283.425476 190.905731 220.510773 223.680573 137.244308 256.320099 28.160255 263.837067 291.986298 60.671246 145.773804 284.429260 270.000000 238.549789 322.223511 85.041168 320.001556 136.091873 205.798447 188.448929 
300.000000 10 5.000000 481.000000 53.000000 a 195.739624 488.190552 418.688416 335.965759 332.729614 245.936981 110.981979 630.619507 435.660431 482.056000 64.327286 95.189285 461.069397 105.190300 423.249329 64.404968 311.488373 60.876926 454.814240 279.873199 317.165558 531.161011 456.863220 404.665283 506.442505 256.811218 498.759460 275.363403 233.634323 201.357895 
300.000000 8 4.000000 75.000000 115.000000 a 443.416290 172.539856 86.833176 162.003082 140.089264 349.824249 305.419373 354.802765 523.266663 73.824112 419.001190 317.516937 252.723175 327.299561 82.389320 367.853241 115.433968 375.406433 370.362000 130.862518 259.187195 292.171173 337.502594 326.450623 381.413147 222.800354 383.318420 165.205933 344.820251 330.643311 
300.000000 8 3.000000 258.000000 496.000000 a 345.114471 294.170013 506.077057 277.713867 302.200256 250.928284 415.322754 259.239258 185.218796 430.116272 447.320923 432.935333 182.035706 502.319611 346.447693 510.491913 353.617035 515.693726 54.129475 406.601776 208.240250 194.550766 85.755463 108.074051 60.745369 287.628235 51.429562 481.602539 262.733704 294.762604 
300.000000 2 1.000000 96.000000 105.000000 a 426.676697 186.271301 82.855293 155.080627 131.711807 336.481812 284.063385 369.423889 516.074585 97.082436 398.151978 295.746521 258.275055 304.213745 92.913940 344.947815 99.729637 352.489716 370.195892 108.664619 251.143387 302.200256 338.840668 324.118805 384.610199 208.751053 385.849701 142.435944 330.820190 314.874573 
300.000000 4 2.000000 468.000000 424.000000 a 178.538513 438.292145 565.729614 338.864288 359.856903 167.573868 336.703125 468.543488 67.779053 537.479309 309.095459 348.610107 337.130524 422.238098 446.938477 410.855194 393.909882 413.240845 221.815231 423.387543 241.859467 383.377106 255.001968 217.006912 271.827148 287.586517 260.647278 482.958588 178.474091 211.009476 
300.000000 4 3.000000 176.000000 41.000000 a 382.796295 274.592438 113.635384 185.779434 162.197418 316.082275 212.084885 455.923248 519.812439 198.113602 326.724640 219.257843 321.375183 211.286530 181.617737 254.332458 109.370926 261.612305 408.221741 59.059292 263.577301 377.143219 383.787689 355.658539 434.719452 196.022964 433.497406 40.000000 307.092834 281.783600 
300.000000 1 2.000000 461.000000 65.000000 a 186.702972 464.889221 399.624817 312.641968 309.472137 227.431305 87.846458 607.625732 422.383698 460.184753 60.745369 72.532753 438.179199 93.813644 400.384827 59.363289 288.792328 58.600342 434.373108 258.520782 294.920319 508.271576 435.508911 383.637848 485.489441 233.649307 477.980133 257.513092 214.888336 181.661774 
300.000000 1 1.000000 225.000000 484.000000 a 360.867004 262.931549 482.979309 259.976929 283.975342 259.433990 415.030121 225.077759 218.020645 401.662781 455.834412 433.077362 152.052628 500.275909 320.207733 511.445984 336.386688 517.015503 46.529560 391.563538 200.661407 159.777969 62.169125 100.284592 25.632011 279.873199 17.029387 467.309326 270.414490 300.193268 
300.000000 7 1.000000 479.000000 55.000000 a 193.932983 485.479156 416.811707 333.222137 330.043945 243.312561 108.337433 627.800110 433.497406 479.710327 62.817196 92.655273 458.245575 104.216118 420.689911 64.031242 308.967621 60.811184 452.070801 277.613037 314.340576 528.337036 454.070465 401.888031 503.670532 254.007874 495.996979 273.651245 230.991348 198.647934 
300.000000 12 1.000000 126.000000 307.000000 a 376.649719 76.922035 285.049133 105.118980 119.079803 259.514923 328.298645 199.123077 364.539429 199.612122 414.614288 346.343750 54.129475 394.068512 118.105888 420.800415 167.720001 427.931061 182.035706 227.771820 143.265488 108.078674 145.000000 151.476074 183.980972 180.013885 186.954544 301.370209 262.225098 270.203613 
300.000000 5 3.000000 61.000000 243.000000 a 437.028595 43.931767 214.009338 133.090195 129.340637 325.000000 349.995728 227.070480 453.276947 110.535065 451.240509 366.307251 139.517029 399.080200 50.990196 432.906464 155.000000 440.438416 273.122681 207.241409 211.834839 165.746796 235.592865 241.400085 270.968628 218.659546 275.138153 269.601563 324.815338 324.260712 
300.000000 5 4.000000 291.000000 117.000000 a 244.969391 292.714874 244.393127 146.577621 137.277100 186.796677 90.801979 450.693909 400.005005 284.481995 203.002457 105.304321 287.689056 142.425415 222.854218 171.604202 111.018013 179.025131 328.955933 90.249657 172.539856 355.718994 315.784729 273.514160 369.139526 93.059120 364.660126 129.957687 176.173218 146.986389 
300.000000 10 5.000000 193.000000 3.000000 a 391.216064 316.180328 132.574509 223.000000 200.202393 335.644165 210.202286 497.538940 544.753174 233.824722 321.512054 213.927551 361.365479 192.127563 223.015701 236.304886 147.217529 243.166611 443.301239 90.669731 294.703247 418.186554 420.475922 389.802521 472.067780 222.467972 470.383881 20.518284 325.627075 297.309601 
300.000000 4 2.000000 477.000000 292.000000 a 48.754486 425.042358 490.474274 291.568176 306.218872 93.904205 216.004623 505.446350 197.941910 491.199554 176.819122 225.077759 346.733337 296.627716 405.291260 281.128082 324.696777 282.985870 275.138153 337.831329 209.038269 408.520508 294.715118 242.785919 331.157074 216.538681 320.914307 384.689484 95.603348 110.941429 
300.000000 4 3.000000 257.000000 259.000000 a 241.250900 206.770401 300.891998 72.006943 92.005432 128.565155 201.814270 326.718536 294.244781 273.441040 276.799561 220.410980 156.847061 279.973206 184.716003 298.529724 130.633072 305.040985 184.271545 174.255554 31.016125 226.909668 169.799881 129.034882 223.141205 53.851646 218.680130 246.910919 128.191269 131.244049 
300.000000 12 2.000000 430.000000 207.000000 a 79.404030 386.167053 407.888458 237.760376 246.032516 85.440041 119.012604 499.065125 280.301636 426.385986 111.251968 129.034882 330.541992 202.074249 347.144073 192.002609 251.543243 195.092285 298.638580 253.124481 181.121506 398.779388 306.178040 252.461884 352.512421 153.013077 343.918610 292.205414 74.202423 50.537113 
300.000000 4 3.000000 323.000000 306.000000 a 184.361053 271.737000 379.906555 152.643372 173.002884 66.708321 214.704453 357.798828 217.165833 353.305817 255.618851 232.180969 193.680145 302.423553 263.592499 309.704712 208.278656 314.968262 156.668442 243.987701 57.870544 258.544006 160.589539 107.168091 208.434647 107.354553 200.524307 311.040192 73.783470 98.081596 
300.000000 4 2.000000 342.000000 302.000000 a 165.081802 290.441040 390.346008 167.263260 186.453751 47.885281 206.526031 376.670929 210.774765 368.635315 240.208237 223.439026 213.046936 295.149109 279.474518 299.896637 218.524597 304.854065 170.017639 250.449600 75.312683 277.622040 176.867188 123.044708 223.181534 113.463654 214.804565 314.930145 56.080299 83.862984 
300.000000 2 5.000000 445.000000 229.000000 a 56.302753 397.112061 431.189056 252.017853 262.291809 78.873314 145.344421 501.422974 258.007751 444.812317 123.166557 154.728790 334.701355 227.070480 363.411621 214.597290 271.737000 217.186554 291.547607 276.725494 186.574387 401.601807 302.423553 248.519623 346.485199 169.186295 337.379608 317.982697 70.491135 60.008331 
300.000000 7 4.000000 316.000000 349.000000 a 208.146576 271.412964 407.932587 173.948273 196.824799 97.590981 258.062012 334.655060 187.544662 368.880737 293.211517 275.408783 179.337677 345.950867 278.195984 352.597504 238.247772 357.727539 116.606178 279.427979 77.620872 238.170105 126.826653 73.246162 170.590149 145.330658 161.839432 349.124634 107.935165 137.557266 
300.000000 5 2.000000 35.000000 2.000000 a 524.294739 284.508362 38.897301 274.116760 250.203918 445.567047 358.376892 461.254822 633.789368 146.509384 472.945038 365.321777 372.247223 350.091431 200.820816 394.214417 210.722565 401.124664 489.310730 191.942703 368.897003 408.074738 457.083130 443.798370 501.283356 318.454071 503.160004 173.649078 438.401642 417.712830 
300.000000 10 4.000000 8.000000 68.000000 a 522.015320 222.396042 67.424034 243.287903 221.812988 431.157745 373.289429 394.062164 603.975159 78.000000 488.364624 383.334045 319.225616 381.435455 149.217957 424.322998 195.071777 431.648010 444.686401 197.587952 340.587738 347.634857 409.939026 403.628540 450.442017 303.713684 453.476563 206.400101 425.832123 410.332794 
300.000000 8 5.000000 444.000000 83.000000 a 173.611633 441.444214 384.807739 288.877136 286.356415 204.978043 65.969688 583.000854 404.001251 440.528107 59.908264 53.009434 413.494873 93.861603 378.572327 69.634758 267.525696 71.449280 410.376648 240.208237 270.186981 483.587646 411.048645 359.339661 461.208191 209.200867 453.788483 245.055099 192.275848 158.398239 
300.000000 12 4.000000 119.000000 400.000000 a 408.344208 132.230865 375.202606 189.081985 207.446381 291.317688 398.399292 133.296661 335.477264 277.194885 470.405151 416.941254 43.863426 472.076263 206.167404 494.292419 258.565277 501.031921 135.029633 318.549835 186.400101 34.713108 96.772926 135.532288 111.126053 247.881027 118.228592 393.204773 297.845612 315.683380 
300.000000 1 3.000000 68.000000 305.000000 a 433.761444 24.839485 276.045288 147.871567 154.466827 317.067810 373.871643 170.698563 416.832092 169.944107 466.043976 391.369385 88.238312 433.028870 109.036690 463.056152 194.200928 470.396637 226.019913 251.872986 200.721207 103.406960 186.946518 203.678665 215.844849 229.993484 221.269073 320.224915 319.390045 325.751434 
300.000000 5 4.000000 194.000000 295.000000 a 307.611755 142.284927 296.507996 69.007248 92.541885 190.672501 270.207336 255.221466 314.428040 238.321213 349.343658 288.669373 86.452301 343.083069 148.070923 365.547546 145.279037 372.361389 157.203690 202.247375 74.330345 156.285004 129.402466 110.675201 180.136063 119.519875 178.907791 278.352295 193.189026 201.757278 
300.000000 11 1.000000 196.000000 75.000000 a 348.041656 255.454498 140.730240 151.029800 128.561264 277.416656 185.558609 433.352051 480.367554 200.960190 300.807251 195.207581 291.042938 199.864960 166.291916 240.601334 75.802376 248.131012 371.517151 19.697716 224.839951 350.064270 348.414978 318.328461 400.031250 156.579056 398.321472 59.228371 268.704285 244.429947 
300.000000 9 2.000000 153.000000 317.000000 a 351.832336 105.650368 301.734985 99.403221 118.139748 234.104675 314.726868 210.069031 336.154724 224.200806 395.830780 333.066071 45.880280 384.802551 138.924438 409.121002 170.038239 416.069702 157.200516 229.732452 118.600166 112.800713 121.803123 123.458496 165.130249 164.438431 166.784286 305.000000 237.539474 247.776108 
300.000000 9 3.000000 475.000000 184.000000 a 68.007355 435.124115 440.192017 285.110504 291.619629 131.552277 127.475487 549.508850 304.685089 468.543488 70.604530 130.598618 381.077423 195.897934 392.215515 175.148514 291.986298 176.366104 345.057953 285.870605 231.657074 449.253815 354.633606 300.760712 399.696136 199.572037 390.755676 314.925385 121.753853 101.074226 
300.000000 2 4.000000 23.000000 491.000000 a 533.548523 207.041061 463.728363 314.841217 329.946960 418.646637 530.200928 36.400551 420.019043 345.325928 602.051514 548.701172 173.657715 602.000854 300.059998 625.629272 377.524841 632.463440 229.085144 437.224213 318.172913 104.403069 201.801880 252.922913 178.717651 379.526031 189.855209 508.823151 426.226471 446.279053 
300.000000 9 3.000000 137.000000 117.000000 a 384.033844 189.171875 114.978256 122.543869 98.005104 295.386200 243.665756 370.838226 480.141632 132.219513 357.001404 256.134735 243.000000 270.098145 96.519424 309.302429 58.249462 316.900604 344.058136 71.168816 215.411240 294.625183 315.296692 295.177917 363.675690 167.523132 363.814514 122.641754 289.318176 272.530731 
300.000000 12 5.000000 241.000000 130.000000 a 282.794983 245.065292 204.658249 107.331261 92.617493 206.518768 142.414886 409.663269 410.186554 233.548706 253.387054 156.894867 252.420288 187.445999 171.618759 220.383759 59.464275 227.923233 313.057495 52.325901 160.290359 317.907227 294.334839 258.327301 347.311096 86.815895 344.223755 117.720009 198.070694 175.316849 
Type de surveillance de chaque endroit(target):tab[nombre de target]
a a a a a a a a a a a a a a a a a a a a a a a a a a a a a a 
Matrix of neighbour
1 0 0 0 0 0 0 0 0 0 0 0 0 0 0 0 0 0 0 0 0 0 0 0 0 0 0 0 0 0 0 1 0 0 0 0 0 0 0 0  
1 1 0 0 1 0 0 0 0 0 0 0 0 0 0 1 0 1 1 0 0 0 0 0 0 0 0 0 0 0 0 1 1 1 0 1 0 1 0 0  
0 1 1 0 1 1 1 1 0 1 1 1 0 0 0 1 0 1 1 0 0 0 1 0 1 1 0 1 0 0 0 1 1 1 0 1 0 0 1 0  
0 0 1 1 1 0 1 0 0 0 1 0 1 0 0 1 0 0 0 1 0 0 1 0 1 1 0 1 0 0 0 0 0 1 0 0 0 0 0 1  
1 0 0 0 1 0 0 0 0 0 0 0 0 0 0 1 0 1 0 0 0 0 0 0 0 0 0 0 0 0 0 1 1 1 0 1 0 1 0 0  
1 1 0 0 1 1 1 0 0 0 0 0 0 0 0 0 0 1 1 0 0 0 1 0 0 0 0 0 0 0 0 1 1 1 0 1 0 0 0 0  
1 1 0 0 1 0 1 0 0 0 1 0 0 0 0 1 0 1 1 0 0 0 1 0 0 0 0 1 0 0 0 1 1 1 0 1 0 0 0 0  
1 1 0 0 1 1 1 1 0 0 0 0 0 0 0 0 0 1 1 0 0 0 1 0 1 1 0 1 0 0 0 1 1 1 0 1 0 0 0 0  
0 0 1 1 0 0 1 1 1 0 0 0 0 0 1 0 1 0 0 1 1 1 0 1 1 1 1 0 0 0 1 0 0 0 1 0 1 0 0 1  
1 1 0 0 1 1 1 1 0 1 0 0 0 0 0 0 0 1 1 0 0 0 1 0 0 0 0 0 0 0 0 1 1 1 0 1 0 0 1 0  
1 0 0 0 1 0 0 0 0 0 1 0 0 0 0 1 0 1 0 0 0 0 0 0 0 0 0 0 0 0 0 1 1 1 0 1 0 1 0 0  
1 1 0 0 1 1 1 1 0 1 0 1 0 0 0 0 0 1 1 0 0 0 1 0 0 0 0 0 0 0 0 1 1 1 0 1 0 0 1 0  
0 0 1 0 1 0 1 0 0 0 1 0 1 0 0 1 0 0 0 0 0 0 1 0 1 1 0 1 0 0 0 0 0 0 0 0 0 0 0 0  
0 1 1 0 1 1 1 1 0 1 0 1 0 1 0 0 0 1 1 1 0 0 1 0 0 0 0 0 0 1 0 0 1 1 1 1 0 0 1 1  
0 0 1 1 0 0 1 1 0 0 0 0 0 1 1 0 0 0 0 1 1 1 1 1 1 1 1 0 0 0 1 0 0 0 1 0 1 0 0 1  
1 0 0 0 0 0 0 0 0 0 0 0 0 0 0 1 0 1 0 0 0 0 0 0 0 0 0 0 0 0 0 1 1 1 0 1 0 1 0 0  
0 0 1 1 0 0 1 1 0 0 0 0 0 0 1 0 1 0 0 1 1 1 0 1 1 1 1 0 0 0 1 0 0 0 1 0 1 0 0 1  
1 0 0 0 0 0 0 0 0 0 0 0 0 0 0 0 0 1 0 0 0 0 0 0 0 0 0 0 0 0 0 1 0 0 0 0 0 0 0 0  
1 0 0 0 1 0 0 0 0 0 0 0 0 0 0 1 0 1 1 0 0 0 0 0 0 0 0 0 0 0 0 1 1 1 0 1 0 1 0 0  
0 1 1 0 1 1 1 1 0 1 0 1 0 0 0 0 0 1 1 1 0 0 1 0 1 1 0 1 0 0 0 0 1 1 1 1 0 0 1 1  
0 1 1 0 0 1 1 1 0 1 0 1 0 1 0 0 0 0 1 1 1 0 1 0 0 0 0 0 1 1 0 0 0 1 1 0 0 0 1 1  
0 0 1 1 1 0 1 1 0 0 1 0 1 0 0 0 0 0 0 1 0 1 1 1 1 1 1 1 0 0 0 0 0 1 0 0 0 0 0 1  
1 1 0 0 1 0 0 0 0 0 1 0 0 0 0 1 0 1 1 0 0 0 1 0 0 0 0 0 0 0 0 1 1 1 0 1 0 0 0 0  
0 0 1 1 1 0 1 1 0 0 0 0 1 0 0 0 0 0 0 1 0 0 1 1 1 1 0 1 0 0 0 0 0 1 1 1 0 0 0 1  
1 1 0 0 1 0 1 0 0 0 1 0 0 0 0 1 0 1 1 0 0 0 1 0 1 0 0 1 0 0 0 1 1 1 0 1 0 0 0 0  
0 1 0 0 1 0 1 0 0 0 1 0 0 0 0 1 0 1 1 0 0 0 1 0 1 1 0 1 0 0 0 1 1 1 0 1 0 0 0 0  
0 0 1 1 1 0 1 1 0 0 0 0 1 0 0 0 0 0 0 1 0 0 1 1 1 1 1 1 0 0 0 0 0 1 1 0 0 0 0 1  
1 1 0 0 1 0 0 0 0 0 1 0 0 0 0 1 0 1 1 0 0 0 1 0 0 0 0 1 0 0 0 1 1 1 0 1 0 0 0 0  
0 1 0 0 0 1 0 1 0 1 0 1 0 1 0 0 0 0 1 1 0 0 0 0 0 0 0 0 1 1 0 0 0 0 1 0 0 0 1 1  
1 1 0 0 0 1 0 1 0 1 0 1 0 0 0 0 0 1 1 1 0 0 0 0 0 0 0 0 0 1 0 0 1 1 1 1 0 0 1 1  
0 0 1 1 0 0 1 1 0 0 0 0 0 1 0 0 0 0 0 1 1 1 1 1 1 1 1 1 0 0 1 0 0 0 1 0 1 0 0 1  
0 0 0 0 0 0 0 0 0 0 0 0 0 0 0 0 0 0 0 0 0 0 0 0 0 0 0 0 0 0 0 1 0 0 0 0 0 0 0 0  
1 0 0 0 0 0 0 0 0 0 0 0 0 0 0 0 0 1 0 0 0 0 0 0 0 0 0 0 0 0 0 1 1 0 0 1 0 0 0 0  
1 0 0 0 0 0 0 0 0 0 0 0 0 0 0 0 0 1 0 0 0 0 0 0 0 0 0 0 0 0 0 1 1 1 0 1 0 1 0 0  
0 1 1 0 1 1 1 1 0 1 0 1 0 0 0 0 0 1 1 0 0 0 1 0 1 1 0 1 0 0 0 0 1 1 1 1 0 0 1 1  
1 0 0 0 0 0 0 0 0 0 0 0 0 0 0 0 0 1 0 0 0 0 0 0 0 0 0 0 0 0 0 1 0 0 0 1 0 0 0 0  
0 0 1 1 1 0 1 1 0 0 0 0 1 0 0 0 0 0 0 1 0 1 1 1 1 1 1 1 0 0 0 0 0 0 1 0 1 0 0 1  
1 0 0 0 0 0 0 0 0 0 0 0 0 0 0 0 0 1 0 0 0 0 0 0 0 0 0 0 0 0 0 1 1 0 0 1 0 1 0 0  
1 1 0 0 1 1 1 1 0 0 0 0 0 0 0 0 0 1 1 0 0 0 1 0 1 1 0 1 0 0 0 1 1 1 0 1 0 0 1 0  
0 1 1 0 1 1 1 1 0 1 0 1 0 0 0 0 0 1 1 0 0 0 1 0 1 1 0 1 0 0 0 1 1 1 0 1 0 0 1 1  
Connect directly to BS 
1 1 1 0 1 1 1 1 0 1 1 1 0 0 0 1 0 1 1 0 0 0 1 0 1 1 0 1 0 0 0 1 1 1 0 1 0 1 1 0 
Cordinaates of sensors 
1 27.000000 346.000000
2 127.000000 224.000000
3 330.000000 215.000000
4 463.000000 324.000000
5 236.000000 320.000000
6 57.000000 160.000000
7 266.000000 238.000000
8 213.000000 153.000000
9 481.000000 53.000000
10 75.000000 115.000000
11 258.000000 496.000000
12 96.000000 105.000000
13 468.000000 424.000000
14 176.000000 41.000000
15 461.000000 65.000000
16 225.000000 484.000000
17 479.000000 55.000000
18 126.000000 307.000000
19 61.000000 243.000000
20 291.000000 117.000000
21 193.000000 3.000000
22 477.000000 292.000000
23 257.000000 259.000000
24 430.000000 207.000000
25 323.000000 306.000000
26 342.000000 302.000000
27 445.000000 229.000000
28 316.000000 349.000000
29 35.000000 2.000000
30 8.000000 68.000000
31 444.000000 83.000000
32 119.000000 400.000000
33 68.000000 305.000000
34 194.000000 295.000000
35 196.000000 75.000000
36 153.000000 317.000000
37 475.000000 184.000000
38 23.000000 491.000000
39 137.000000 117.000000
40 241.000000 130.000000
