Nombre des capteurs:
40
Nombre des targets:
15
Nombre de type de surveillance:
1

Caracteristiques:
300.000000 12 4.000000 61.000000 17.000000 a 440.305573 546.725708 273.503204 46.010868 483.623810 69.123077 356.001404 114.756264 555.810242 432.807129 303.690643 330.498108 364.780762 488.698273 494.801971 
300.000000 1 4.000000 477.000000 245.000000 a 184.317657 171.268799 268.007477 454.986816 73.348480 461.963196 436.202942 456.001099 129.387024 141.823837 226.742142 183.338486 111.072052 194.612442 204.482269 
300.000000 1 5.000000 445.000000 294.000000 a 238.201599 118.152443 240.634583 448.983307 17.000000 452.659912 393.021637 441.028351 90.354858 89.693924 258.358276 215.800827 113.701363 136.209396 146.013702 
300.000000 7 1.000000 376.000000 356.000000 a 318.692627 84.291161 199.424164 430.935028 82.377182 429.194580 316.456940 408.814148 112.449989 31.304953 307.275116 269.118927 150.029999 48.083260 58.523499 
300.000000 11 1.000000 383.000000 417.000000 a 373.471558 56.222771 243.261169 479.212891 122.800652 475.194702 325.983124 450.946777 112.538879 91.443970 368.543091 330.001526 211.236832 25.806976 24.515301 
300.000000 8 3.000000 4.000000 123.000000 a 498.744415 522.250916 239.585052 82.073135 479.400665 55.865910 256.195251 32.557640 544.325256 412.539703 366.547394 381.701447 378.219513 453.877747 457.761932 
300.000000 4 2.000000 348.000000 250.000000 a 241.132736 185.809036 139.032364 343.384613 114.586212 346.369751 313.166077 334.641602 186.271301 79.246452 201.558929 166.928131 50.606323 152.643372 162.373032 
300.000000 6 3.000000 354.000000 479.000000 a 441.490662 108.231232 273.585449 509.403564 191.062820 502.120514 312.525208 472.889008 169.452057 151.211777 430.094177 393.146271 273.660370 77.414467 67.186310 
300.000000 6 1.000000 42.000000 410.000000 a 574.415344 397.005035 233.362381 347.466553 414.981934 326.006134 41.146080 281.064056 446.453796 330.339233 483.075562 470.417908 388.814880 320.099976 317.006317 
300.000000 5 3.000000 413.000000 364.000000 a 314.006378 54.589375 235.170151 463.907318 61.911228 463.207306 353.114716 444.245422 74.672615 62.425957 318.943573 278.513916 162.984665 63.600315 72.249565 
300.000000 7 2.000000 433.000000 205.000000 a 157.496033 207.086945 227.903488 399.115265 106.677086 407.384338 409.088013 404.209106 177.417587 142.021118 170.985382 127.769325 60.008331 209.403915 219.829483 
300.000000 9 4.000000 412.000000 339.000000 a 290.341187 77.833153 222.874405 447.303040 43.278172 447.715302 353.638245 430.669250 82.764725 51.195702 294.110535 253.550781 138.600143 80.430092 90.210861 
300.000000 5 2.000000 459.000000 353.000000 a 293.736267 62.297672 271.543732 493.255524 44.271889 494.556366 399.500946 478.649139 35.000000 100.169853 318.797729 276.371124 170.308548 108.673820 116.107712 
300.000000 1 5.000000 423.000000 312.000000 a 261.296753 101.271912 223.653748 440.193146 22.022715 442.295135 368.089661 428.086426 89.106674 63.063461 269.757294 228.354980 117.200684 108.724419 118.726578 
300.000000 9 1.000000 199.000000 117.000000 a 305.000000 380.295929 130.384048 149.120758 313.292206 158.473969 291.302246 163.441116 385.996124 266.627075 177.538727 187.416641 195.440521 328.319977 335.596497 
300.000000 5 4.000000 467.000000 428.000000 a 367.396240 32.249031 315.158691 546.693726 119.050407 545.220154 410.699402 524.558838 57.584721 145.000000 393.010193 350.955841 241.080902 108.171158 109.178749 
300.000000 4 1.000000 299.000000 462.000000 a 447.213593 148.660690 233.077240 465.104279 210.040466 455.970398 255.033325 424.332428 207.576492 148.070923 417.929413 384.512665 266.480774 87.000000 78.102493 
300.000000 8 2.000000 68.000000 285.000000 a 485.273132 392.135193 146.030823 222.144104 377.895477 202.427765 88.362885 159.248230 428.347992 297.127930 377.784332 372.907501 315.065063 316.425354 317.505920 
300.000000 3 4.000000 262.000000 440.000000 a 446.153564 179.201004 200.144943 427.706665 223.897293 417.444611 212.821518 384.443756 234.480270 150.146591 403.834137 373.487610 258.992279 106.976631 100.960388 
300.000000 1 5.000000 219.000000 97.000000 a 282.179016 384.220001 150.332962 162.594589 311.242676 175.482193 318.523163 185.776749 385.425751 271.679962 151.789322 165.302750 188.671677 336.859009 344.710022 
300.000000 12 3.000000 485.000000 72.000000 a 17.204651 343.097656 326.804230 425.095276 242.324158 441.163239 520.793640 452.603577 302.006622 284.015839 124.149101 102.107788 174.642487 352.177521 362.596191 
300.000000 7 4.000000 257.000000 413.000000 a 426.339081 182.002747 172.800461 401.632904 213.887817 391.931122 201.019897 359.856903 233.283096 135.092560 379.120026 349.864258 237.286743 105.574615 102.004898 
300.000000 7 5.000000 15.000000 322.000000 a 549.414246 433.446655 207.992783 262.880188 430.140686 239.760300 68.014702 194.139130 474.855774 347.051880 442.304199 437.476868 376.324341 356.102509 355.578400 
300.000000 5 1.000000 422.000000 267.000000 a 218.984024 145.993149 213.936905 415.523773 49.648766 419.967865 377.200226 409.926819 125.195847 85.562843 225.842865 183.967392 78.243210 147.732864 158.094910 
300.000000 3 2.000000 412.000000 31.000000 a 92.358002 381.955505 296.420319 353.451538 281.937927 371.796997 490.783051 388.561462 351.103973 301.179352 52.201534 62.609905 179.293060 374.354095 384.668701 
300.000000 3 1.000000 376.000000 207.000000 a 190.142059 214.462112 171.723618 347.263580 124.807854 354.052246 356.948181 348.832336 200.524307 121.807228 158.533905 120.266373 3.162278 195.501923 205.703674 
300.000000 2 1.000000 478.000000 262.000000 a 201.099472 154.987091 269.417877 462.952484 59.076221 469.084229 432.487000 461.576660 112.361023 133.461609 242.061981 198.647934 119.000000 181.813095 191.470627 
300.000000 12 3.000000 283.000000 171.000000 a 241.944214 287.083618 106.075447 247.776108 214.112122 254.342285 300.887024 250.545410 287.793335 175.755508 145.890366 131.365906 96.566040 244.135208 252.699432 
300.000000 6 2.000000 447.000000 173.000000 a 122.576508 239.133850 249.238846 402.329468 138.014496 412.710541 435.624847 413.348511 204.941452 176.776703 149.773163 106.606750 81.024689 244.266251 254.686081 
300.000000 9 1.000000 58.000000 69.000000 a 441.055542 512.649963 233.420227 6.324555 456.435089 20.518284 304.006592 63.906181 526.370605 399.370758 305.655029 326.496552 343.502533 450.893555 456.344177 
300.000000 10 2.000000 243.000000 207.000000 a 294.212494 283.621216 52.497620 232.862625 227.200348 233.944443 247.072861 221.208054 295.677185 169.711517 198.403625 185.151291 130.003845 228.442551 235.544052 
300.000000 10 2.000000 21.000000 167.000000 a 489.396576 484.509033 204.313492 111.072052 447.785675 86.127815 209.659241 40.853397 509.906860 377.096802 361.784454 371.710907 354.153931 414.132843 417.455383 
300.000000 1 3.000000 122.000000 300.000000 a 445.839661 336.203796 101.872467 244.975510 323.187256 229.651917 95.775780 191.407944 372.425842 241.627808 347.968384 337.658112 268.024261 260.775757 262.131653 
300.000000 12 2.000000 418.000000 307.000000 a 258.042633 107.079407 217.441940 433.243591 27.294687 435.436554 364.032959 421.435638 96.176918 59.808025 263.797272 222.611771 110.571243 110.276924 120.440857 
300.000000 12 4.000000 235.000000 157.000000 a 280.572632 326.559326 93.680305 198.647934 260.415039 204.474930 277.994598 200.960190 332.555267 213.002350 167.475372 164.623810 146.441116 275.960144 283.550690 
300.000000 7 5.000000 359.000000 225.000000 a 214.869720 203.393707 151.604752 340.066162 121.622368 345.117371 333.624054 336.964386 196.430649 103.043678 176.045456 140.246216 23.600847 177.025421 187.000000 
300.000000 3 1.000000 76.000000 258.000000 a 466.202759 394.315857 133.454117 195.655304 372.786804 176.918060 116.107712 135.059250 427.056213 294.441833 355.035217 352.285400 301.517822 320.206177 322.187836 
300.000000 9 5.000000 382.000000 274.000000 a 242.142517 149.308411 175.094254 384.974030 73.061615 387.742188 336.875336 375.154633 145.000000 57.584721 225.800797 187.010696 68.593002 129.553085 139.903534 
300.000000 2 5.000000 286.000000 469.000000 a 459.366943 163.272781 234.974472 464.663330 224.153961 454.740601 245.544296 422.018951 222.319595 160.178024 427.000000 394.370392 277.016235 101.316338 92.617493 
300.000000 12 5.000000 376.000000 299.000000 a 267.016846 129.375427 174.908554 394.400818 70.035706 395.536346 324.548920 380.131561 133.962677 32.202484 250.337769 212.150894 93.048378 103.947105 114.271606 
Type de surveillance de chaque endroit(target):tab[nombre de target]
a a a a a a a a a a a a a a a 