Nombre des capteurs:
40
Nombre des targets:
15
Nombre de type de surveillance:
1

Caracteristiques:
300.000000 8 5.000000 30.000000 211.000000 a 442.232971 417.268494 308.967621 128.035156 345.052185 375.449066 363.077118 213.215851 164.368484 324.755280 392.073975 53.009434 323.125366 288.530762 180.878418 
300.000000 11 1.000000 107.000000 20.000000 a 471.291840 459.108917 359.005585 309.012939 332.615387 484.990723 236.103790 363.880463 92.048897 359.922211 383.400574 224.588516 333.946106 130.384048 239.776978 
300.000000 2 4.000000 260.000000 258.000000 a 209.697403 188.308258 80.000000 191.269440 122.090134 208.338669 245.458755 157.746628 320.315460 90.824005 162.003082 187.683243 91.547798 249.064255 55.154327 
300.000000 6 1.000000 76.000000 397.000000 a 381.284668 348.661713 264.168518 69.260376 349.000000 243.298172 456.277313 85.702972 354.611053 289.499573 379.043518 155.029022 312.771484 419.153900 208.060089 
300.000000 7 2.000000 363.000000 172.000000 a 190.588562 191.324326 139.560028 321.398499 46.572525 292.656799 146.372818 290.642395 366.006836 119.364990 89.375610 298.328674 76.941536 205.231583 167.155609 
300.000000 12 3.000000 409.000000 204.000000 a 142.940552 150.562286 132.774246 349.721313 36.400551 274.116760 188.904739 304.921295 420.415283 107.200745 37.947330 338.141968 72.801102 259.268188 202.704224 
300.000000 12 3.000000 21.000000 400.000000 a 436.146759 403.629791 317.245972 94.366310 398.503448 296.141846 492.760590 140.431473 353.005676 342.163696 430.813171 166.337006 363.323547 445.820587 248.823227 
300.000000 2 3.000000 21.000000 107.000000 a 490.828888 470.967102 362.505157 229.264038 370.696655 456.846802 331.789093 306.349487 60.033325 372.108856 421.531738 144.668594 358.860687 236.780487 228.569458 
300.000000 11 2.000000 31.000000 94.000000 a 488.466980 469.554047 361.653137 239.493210 365.328613 460.821014 319.112823 313.746704 48.507732 370.151306 416.432465 153.844070 355.128143 222.467972 228.326523 
300.000000 11 2.000000 406.000000 256.000000 a 96.254868 99.297531 96.041656 331.903595 49.819675 225.035553 237.507889 275.485016 439.829498 69.835518 21.931713 333.294159 55.578773 298.457703 197.914124 
300.000000 3 1.000000 290.000000 92.000000 a 296.770966 293.373474 216.684097 314.579071 151.162170 368.598694 83.868942 315.981018 274.710754 205.496964 197.648682 263.797272 167.502243 97.637085 166.090332 
300.000000 5 4.000000 227.000000 236.000000 a 248.781021 227.923233 119.620232 171.723618 149.214615 239.232101 239.033478 158.823807 281.042694 129.769028 194.041229 154.116837 124.579292 226.221130 18.027756 
300.000000 9 2.000000 187.000000 99.000000 a 358.938721 346.770813 248.229736 251.924591 221.963959 381.702759 171.813858 282.294159 175.863586 247.881027 273.197723 182.879745 221.578430 102.083298 139.742615 
300.000000 10 4.000000 100.000000 133.000000 a 409.216339 390.544495 283.028259 195.829010 287.543030 389.165771 265.113190 254.182999 118.139748 290.987976 338.363708 112.294258 276.090576 184.114090 150.655243 
300.000000 12 2.000000 70.000000 66.000000 a 470.919312 454.805450 349.450989 262.274658 340.332184 461.862549 275.771637 326.643524 54.424259 354.684357 391.761414 176.025574 334.790985 176.139145 220.367874 
300.000000 6 3.000000 226.000000 237.000000 a 249.274948 228.265198 119.854080 170.343765 150.336288 238.650375 240.393433 157.496033 280.978638 130.268951 195.023071 153.081680 125.483070 227.266357 17.000000 
300.000000 10 5.000000 27.000000 6.000000 a 541.324280 526.430420 422.148071 326.663422 406.970520 535.510986 316.697021 396.944580 41.773197 426.356659 458.248840 240.441254 404.400787 210.038086 294.083313 
300.000000 12 2.000000 472.000000 483.000000 a 144.256714 138.350998 230.722778 419.672485 283.134247 162.634567 473.895569 328.562012 628.732849 231.036789 248.294174 466.135162 264.321777 528.160950 360.118042 
300.000000 11 1.000000 117.000000 41.000000 a 449.774384 437.028595 336.264771 289.126282 312.313934 461.732605 226.433212 341.716248 98.183502 337.616638 363.341431 205.759567 312.417999 123.939499 216.517899 
300.000000 1 5.000000 370.000000 144.000000 a 212.849716 216.342316 168.404282 341.760162 73.171036 321.460724 120.074974 315.905060 364.156555 148.124954 108.706024 312.750702 105.721329 188.798828 185.930099 
300.000000 11 2.000000 363.000000 51.000000 a 302.689606 308.690796 257.965118 394.575714 166.433167 412.292358 31.240999 386.587646 344.023254 239.676865 197.699265 347.247742 197.365143 132.502823 241.478775 
300.000000 4 5.000000 76.000000 355.000000 a 377.298279 346.001434 252.794388 27.658634 329.309875 257.390747 422.933807 87.641312 313.229950 276.741760 363.661926 113.039818 295.083038 380.717743 177.800446 
300.000000 10 3.000000 217.000000 223.000000 a 263.410339 243.281723 135.417877 171.026306 158.113876 254.960785 233.006439 167.026947 264.915070 144.474915 204.707108 145.248062 136.312149 213.936905 16.124516 
300.000000 4 5.000000 359.000000 75.000000 a 281.177887 286.024475 233.636475 375.150635 142.898560 387.980682 50.596443 364.178528 341.151001 215.455338 176.264008 331.187256 173.184875 138.235306 220.780441 
300.000000 6 4.000000 113.000000 108.000000 a 411.611481 394.964569 289.352722 222.173355 283.769287 403.866302 243.846268 276.030792 112.058022 294.869476 335.094025 139.842773 276.123169 158.050629 160.801117 
300.000000 6 3.000000 492.000000 42.000000 a 300.541168 319.756165 312.921722 499.895996 210.508911 455.505219 149.753128 473.780548 473.026428 288.293243 210.344955 464.285461 249.633728 257.000000 343.677185 
300.000000 8 1.000000 445.000000 97.000000 a 243.131653 258.027130 241.499481 430.267365 138.924438 386.943146 123.709335 401.639130 428.924225 217.368347 145.000000 399.260559 177.867935 225.461746 274.401154 
300.000000 4 1.000000 349.000000 59.000000 a 299.628113 303.898010 248.261963 379.011871 160.124954 402.796478 32.557640 372.507721 330.218109 231.034622 194.794769 331.157074 189.010574 122.249741 226.459717 
300.000000 2 5.000000 429.000000 67.000000 a 274.052917 287.085358 261.047882 434.200409 159.423965 410.332794 94.847244 412.710541 410.487518 238.296036 173.184875 396.687531 197.091354 200.282303 278.028778 
300.000000 1 5.000000 438.000000 466.000000 a 126.889717 113.137085 196.458649 381.811462 256.846252 127.141655 449.161438 290.998291 592.555481 199.060287 226.638474 428.253418 234.718979 498.334229 323.854919 
300.000000 1 2.000000 29.000000 481.000000 a 446.829956 413.010895 343.001465 161.919739 435.214874 282.780823 552.007263 165.414627 434.115204 369.238403 460.157593 243.016464 397.458160 514.883484 303.209503 
300.000000 7 1.000000 265.000000 140.000000 a 274.488617 265.414764 176.173218 262.360443 134.272110 323.289337 137.306229 261.963745 262.992401 170.000000 185.299759 217.412048 138.057953 132.981201 112.004463 
300.000000 3 4.000000 88.000000 123.000000 a 424.633972 406.099731 298.638580 205.087784 302.001648 404.101471 272.472015 266.895111 102.649887 306.493073 352.956085 119.941650 291.194092 187.002670 166.243790 
300.000000 2 3.000000 282.000000 265.000000 a 186.724396 165.894547 58.694122 209.687866 104.656578 197.144623 245.692902 167.657394 341.603577 67.779053 141.230301 210.261749 71.063354 258.940155 78.185677 
300.000000 5 2.000000 478.000000 451.000000 a 113.780487 112.004463 211.520691 414.662506 255.665802 167.242340 444.973022 325.829712 611.471191 208.830078 218.563492 455.747742 239.453537 502.555481 343.739716 
300.000000 8 3.000000 117.000000 409.000000 a 343.011658 309.919342 231.209854 88.238312 321.602234 200.591629 443.846832 51.865211 375.030670 257.186707 347.817474 172.699158 284.036957 416.654541 195.058960 
300.000000 2 2.000000 298.000000 209.000000 a 202.943344 190.790466 100.424103 246.611023 77.414467 251.336426 187.480667 219.738480 322.622070 93.648277 126.846367 227.407120 65.802734 208.139374 93.300591 
300.000000 1 1.000000 249.000000 399.000000 a 212.360550 178.756821 119.473846 181.466248 221.359436 86.977005 383.692596 91.005493 420.480682 145.248062 234.232788 235.849533 182.222397 389.185059 166.865219 
300.000000 3 4.000000 12.000000 343.000000 a 441.010193 410.147522 314.186249 71.589104 384.246002 321.076324 457.621033 152.554901 296.082764 337.191345 421.770081 117.991524 352.059662 401.888031 223.707397 
300.000000 3 4.000000 147.000000 58.000000 a 416.124969 404.030945 304.685089 277.713867 277.965820 434.165863 198.436386 322.262329 128.471786 305.004913 328.937683 198.322968 278.775909 102.000000 189.433365 
Type de surveillance de chaque endroit(target):tab[nombre de target]
a a a a a a a a a a a a a a a 