Nombre des capteurs:
40
Nombre des targets:
15
Nombre de type de surveillance:
1

Caracteristiques:
300.000000 8 1.000000 34.000000 75.000000 a 353.005676 346.382751 452.603577 564.428894 52.630791 214.410828 156.028839 443.527893 420.594818 149.110703 512.465637 304.174286 179.694183 178.443268 204.012253 
300.000000 11 3.000000 87.000000 199.000000 a 235.669266 231.672180 382.001312 449.498596 85.375641 161.755981 163.517578 317.039429 292.138672 176.173218 383.512726 188.279053 57.384666 138.755173 137.360840 
300.000000 12 4.000000 191.000000 184.000000 a 166.400116 158.256119 278.460052 374.125641 141.421356 63.702435 112.004463 263.706268 321.362732 134.372620 335.059692 118.726578 143.178207 59.665737 36.235340 
300.000000 6 1.000000 304.000000 470.000000 a 153.551300 165.366257 316.425354 172.467392 426.010559 335.554779 414.004822 58.240879 209.057404 437.640259 45.122055 192.346039 323.488800 357.962280 320.477783 
300.000000 3 5.000000 491.000000 23.000000 a 355.578400 344.569305 178.361984 408.442169 434.079498 279.164825 304.962280 426.757538 612.412415 311.173584 478.850708 351.876404 483.649658 303.981903 305.004913 
300.000000 8 3.000000 261.000000 248.000000 a 75.239616 65.368187 213.466629 279.302704 234.648666 109.444046 189.781448 176.173218 293.724365 213.550934 247.776108 36.496574 196.040817 134.238586 96.607452 
300.000000 5 4.000000 392.000000 63.000000 a 273.344116 261.467010 157.155975 376.595276 329.293182 172.626770 202.200394 358.308533 520.384460 211.400101 419.314911 260.019226 377.690338 197.327133 198.829071 
300.000000 8 1.000000 329.000000 62.000000 a 257.815826 245.652191 196.580765 395.739807 267.507019 120.507263 139.359253 352.115051 488.190552 148.485687 418.431610 234.008545 325.262970 139.542114 147.989868 
300.000000 11 1.000000 465.000000 136.000000 a 251.071701 241.132736 64.124878 295.083038 398.502197 227.055054 282.349060 313.542664 512.041016 296.735565 363.352448 256.912445 416.480499 260.192230 247.267059 
300.000000 3 4.000000 236.000000 397.000000 a 97.082436 108.226616 305.119659 238.436569 327.905487 256.007813 328.239227 85.702972 168.629776 351.331757 139.402298 114.586212 224.200806 272.767303 236.611496 
300.000000 12 4.000000 205.000000 189.000000 a 154.207657 145.602203 264.229065 360.351227 156.118546 58.249462 117.957619 252.685577 321.068542 141.056732 324.237579 107.354553 153.521988 63.000000 31.304953 
300.000000 8 3.000000 358.000000 251.000000 a 94.047859 84.504440 122.155640 213.063370 320.789642 162.788208 245.489304 167.370850 355.308319 267.824554 229.218231 108.157295 293.001709 197.570236 165.592880 
300.000000 12 3.000000 406.000000 274.000000 a 122.776222 117.175079 97.185387 170.308548 374.012024 214.273193 295.736359 164.304596 378.403229 317.491730 214.009338 151.330765 341.708954 249.609695 218.490280 
300.000000 6 1.000000 25.000000 225.000000 a 281.460480 279.685547 444.703278 492.183899 116.811813 228.965057 225.020004 350.351257 275.312561 234.437622 411.526428 237.446838 48.259712 205.428818 204.284119 
300.000000 11 3.000000 179.000000 68.000000 a 273.029297 262.992401 318.628296 466.495453 121.852371 93.861603 11.704700 373.626831 431.066132 18.110771 445.314484 228.980347 216.453232 63.560993 101.237343 
300.000000 9 1.000000 227.000000 490.000000 a 184.458664 196.420471 377.708893 252.003967 406.787415 349.173309 419.634369 120.104118 131.003815 442.398010 121.412521 207.894211 287.902771 364.664215 329.097260 
300.000000 3 5.000000 458.000000 341.000000 a 168.715744 168.881622 141.428421 91.082382 451.116394 297.321381 379.717010 156.118546 391.846924 401.758636 177.259689 210.850662 402.951599 332.015045 299.200592 
300.000000 10 4.000000 318.000000 158.000000 a 161.276154 149.110703 156.732254 313.440582 254.489685 81.786308 154.207657 256.007813 400.216187 174.450562 323.394501 140.872284 269.898132 117.443604 99.045441 
300.000000 8 5.000000 172.000000 338.000000 a 120.838737 125.419296 327.495026 314.084381 245.578903 207.761887 266.608337 166.373077 170.836182 288.140594 226.141556 99.020203 137.277100 214.553024 183.133835 
300.000000 7 1.000000 449.000000 287.000000 a 160.822891 157.035034 89.269257 145.825241 418.527191 256.587219 336.609558 181.024857 407.707001 357.761108 217.830215 194.023193 385.591766 292.330292 262.251801 
300.000000 3 3.000000 34.000000 100.000000 a 336.359924 330.311981 446.346283 549.003662 36.674240 208.079315 158.492905 424.725800 395.885071 155.270737 492.946259 287.570862 155.128983 172.965317 194.797333 
300.000000 6 1.000000 176.000000 302.000000 a 115.974136 117.038452 310.246674 322.888519 215.585251 172.525360 230.425690 182.428070 205.234009 252.049591 247.523743 81.024689 121.741531 178.373199 147.410995 
300.000000 4 2.000000 294.000000 187.000000 a 130.034607 118.004234 175.482193 302.026489 237.844482 72.470680 155.051605 228.484131 362.794708 177.589417 297.934570 104.546638 238.046219 107.898102 79.378838 
300.000000 6 5.000000 405.000000 59.000000 a 282.063812 270.296143 154.845078 377.985443 342.772522 186.045700 215.392670 365.034241 531.135559 224.180725 424.841156 270.416351 390.959076 210.924164 212.132034 
300.000000 11 1.000000 404.000000 294.000000 a 115.316956 111.543716 114.284729 152.947708 381.120728 225.754288 308.350464 146.478668 365.613190 330.552582 194.247269 149.335190 341.591858 260.432343 227.846436 
300.000000 9 4.000000 26.000000 282.000000 a 267.301331 267.988800 450.525238 470.230804 170.988297 254.607544 266.450745 322.273163 220.410980 279.014343 378.005280 229.008728 49.203659 237.438416 227.793762 
300.000000 4 3.000000 444.000000 464.000000 a 212.174454 219.276077 265.181061 43.278172 513.062378 383.099213 467.097412 133.701157 349.045837 490.474274 97.324203 261.000000 434.263733 413.962555 377.404297 
300.000000 10 4.000000 498.000000 270.000000 a 212.268692 207.966339 75.769386 163.085861 457.686584 290.243011 366.152985 228.954147 458.742859 385.861389 258.069763 243.402954 433.373962 326.473572 299.536316 
300.000000 11 3.000000 324.000000 133.000000 a 186.935822 174.771286 159.731018 332.728119 257.561646 86.371292 147.231110 281.028473 424.438446 165.342072 347.828979 166.018066 285.029816 119.205704 108.669220 
300.000000 5 5.000000 252.000000 363.000000 a 60.307545 71.028160 271.400085 230.269409 308.600067 222.441010 297.531525 85.000000 201.791977 320.951721 151.343979 79.056938 217.462646 241.615402 204.677795 
300.000000 7 3.000000 114.000000 264.000000 a 184.764709 183.635513 360.722900 395.035431 155.283615 174.656799 206.494553 254.825424 227.712540 224.243164 318.452515 142.411377 50.447994 165.302750 147.085007 
300.000000 4 3.000000 26.000000 380.000000 a 272.385742 277.333740 478.172577 448.906464 267.164734 319.476135 348.941254 295.959442 131.228806 364.588806 337.170593 248.308273 133.809570 310.736237 291.907532 
300.000000 4 5.000000 492.000000 57.000000 a 328.635071 317.970123 144.837845 374.534363 429.075745 267.529449 302.372284 396.273895 587.513428 311.078766 446.838898 328.173737 469.418793 295.177917 292.138672 
300.000000 11 3.000000 369.000000 235.000000 a 113.172432 103.324730 105.948097 221.415894 324.599762 161.235855 242.095016 185.585556 374.252594 263.759369 245.898346 124.084648 304.474945 196.918762 167.260269 
300.000000 10 4.000000 145.000000 327.000000 a 146.342072 149.626205 348.001434 343.139923 224.955551 207.954315 258.940155 195.432846 171.163666 279.329559 254.200714 118.105888 109.658562 209.764160 181.747070 
300.000000 10 3.000000 82.000000 117.000000 a 289.276672 282.603973 395.800446 500.695526 15.033297 157.835358 117.000000 380.595581 374.261932 119.540787 450.027771 240.453735 136.066162 123.328827 143.892319 
300.000000 8 1.000000 121.000000 119.000000 a 260.967438 253.337723 357.302399 469.622192 54.083271 119.050407 83.486526 355.845459 372.839111 91.438507 426.438751 212.558228 144.308701 84.291161 106.620827 
300.000000 12 4.000000 360.000000 307.000000 a 69.720871 67.029846 152.741608 167.092789 349.757050 206.009705 290.043091 114.232216 321.794952 313.193237 173.415680 107.489532 300.083313 238.298126 202.970444 
300.000000 8 4.000000 387.000000 69.000000 a 265.932312 254.031494 154.547729 371.845398 323.433136 165.484131 197.022842 351.445587 512.606079 206.874359 412.846222 252.287537 370.368744 190.717072 191.541122 
300.000000 8 2.000000 169.000000 486.000000 a 208.434647 219.401459 414.482819 307.951294 383.802032 351.832336 414.532257 167.287186 73.171036 436.165100 179.100525 219.544983 256.070313 361.795532 328.823669 
Type de surveillance de chaque endroit(target):tab[nombre de target]
a a a a a a a a a a a a a a a 
Matrix of neighbour
1 1 1 0 0 1 0 0 0 0 1 0 0 1 0 0 0 1 1 0 1 1 1 0 0 1 0 0 0 0 1 0 0 0 1 1 1 0 0 0  
0 1 0 0 0 0 0 0 0 1 0 0 0 1 0 0 0 0 1 0 0 1 0 0 0 1 0 0 0 1 1 1 0 0 1 0 0 0 0 1  
0 1 1 0 0 1 0 0 0 1 0 0 0 1 0 0 0 0 1 0 0 1 0 0 0 1 0 0 0 1 1 1 0 0 1 0 0 0 0 0  
0 0 0 1 0 0 0 0 0 1 0 0 0 0 0 1 0 0 1 0 0 1 0 0 0 0 0 0 0 1 1 1 0 0 1 0 0 0 0 1  
0 0 0 0 1 0 1 1 1 0 0 1 1 0 0 0 0 1 0 1 0 0 1 1 1 0 0 1 1 0 0 0 1 1 0 0 0 0 1 0  
0 1 0 1 0 1 0 0 0 1 0 0 0 1 0 1 0 0 1 0 0 1 0 0 0 1 0 0 0 1 1 1 0 0 1 0 0 0 0 1  
0 0 1 0 0 1 1 1 0 0 1 1 1 0 1 0 1 1 0 1 0 0 1 0 1 0 0 1 1 0 0 0 0 1 0 0 1 1 1 0  
1 1 1 0 0 1 0 1 0 0 1 1 1 0 1 0 0 1 0 1 1 1 1 0 1 0 0 0 1 0 1 0 0 1 0 1 1 1 0 0  
0 0 1 0 0 1 1 1 1 0 1 1 1 0 1 0 1 1 0 1 0 0 1 0 1 0 0 1 1 0 0 0 0 1 0 0 0 1 1 0  
0 0 0 0 0 0 0 0 0 1 0 0 0 0 0 0 0 0 1 0 0 1 0 0 0 0 0 0 0 0 0 1 0 0 1 0 0 0 0 1  
0 1 1 1 0 1 0 0 0 1 1 0 0 1 0 0 0 0 1 0 0 1 0 0 0 1 0 0 0 1 1 1 0 0 1 0 0 0 0 1  
0 1 1 1 0 1 0 0 0 1 1 1 0 0 0 1 0 0 1 0 0 1 1 0 0 0 0 0 0 1 1 0 0 0 1 0 1 1 0 0  
0 0 1 1 0 1 0 0 0 1 1 1 1 0 0 1 0 1 1 0 0 1 1 0 1 0 0 0 0 1 1 0 0 1 1 0 0 1 0 0  
0 0 0 0 0 0 0 0 0 1 0 0 0 1 0 0 0 0 1 0 0 1 0 0 0 1 0 0 0 1 1 1 0 0 1 0 0 0 0 1  
1 1 1 0 0 1 0 0 0 0 1 1 0 1 1 0 0 1 1 0 1 1 1 0 0 1 0 0 0 0 1 0 0 1 1 1 1 1 0 0  
0 0 0 0 0 0 0 0 0 1 0 0 0 0 0 1 0 0 1 0 0 1 0 0 0 1 0 0 0 0 1 1 0 0 1 0 0 0 0 1  
0 0 0 1 0 1 0 0 0 1 1 1 1 0 0 1 1 1 1 0 0 1 1 0 1 0 1 0 1 1 0 0 0 1 0 0 0 1 0 0  
0 1 1 0 0 1 0 0 0 1 1 1 0 0 0 0 0 1 1 0 1 1 1 0 1 0 0 0 0 1 1 0 0 1 1 1 1 1 0 0  
0 0 0 0 0 0 0 0 0 0 0 0 0 0 0 0 0 0 1 0 0 0 0 0 0 0 0 0 0 0 0 1 0 0 1 0 0 0 0 0  
0 0 1 1 0 1 0 0 0 1 1 1 1 0 0 0 1 1 1 1 0 1 1 0 1 0 1 0 1 1 0 0 0 1 0 0 0 1 0 0  
0 1 1 0 0 1 0 0 0 0 1 0 0 1 0 0 0 0 1 0 1 1 1 0 0 1 0 0 0 0 1 1 0 0 1 1 1 0 0 0  
0 0 0 0 0 0 0 0 0 0 0 0 0 0 0 0 0 0 1 0 0 1 0 0 0 0 0 0 0 0 0 1 0 0 1 0 0 0 0 1  
0 1 1 1 0 1 0 0 0 1 1 0 0 1 0 0 0 0 1 0 0 1 1 0 0 1 0 0 0 1 1 0 0 0 1 1 1 1 0 0  
0 0 1 0 0 1 1 1 1 0 1 1 1 0 1 0 1 1 0 1 0 0 1 1 1 0 0 1 1 0 0 0 0 1 0 0 1 1 1 0  
0 0 1 1 0 1 0 0 0 1 1 1 0 0 0 1 0 0 1 0 0 1 1 0 1 0 0 0 0 1 1 0 0 1 1 0 0 1 0 0  
0 0 0 0 0 0 0 0 0 1 0 0 0 0 0 0 0 0 1 0 0 1 0 0 0 1 0 0 0 0 1 1 0 0 1 0 0 0 0 1  
0 0 0 1 0 1 0 0 0 1 0 1 1 0 0 1 0 0 1 0 0 0 0 0 1 0 1 0 0 1 0 0 0 1 0 0 0 1 0 1  
0 0 0 1 0 1 0 1 0 1 0 1 1 0 0 0 1 1 0 1 0 0 1 0 1 0 1 1 1 1 0 0 0 1 0 0 0 1 0 0  
1 1 1 0 0 1 0 0 0 1 1 1 1 0 1 0 0 1 1 0 1 1 1 0 1 0 0 0 1 1 1 0 0 1 1 1 1 1 0 0  
0 0 0 0 0 0 0 0 0 1 0 0 0 0 0 1 0 0 1 0 0 1 0 0 0 1 0 0 0 1 1 1 0 0 1 0 0 0 0 1  
0 0 0 0 0 0 0 0 0 1 0 0 0 0 0 0 0 0 1 0 0 1 0 0 0 0 0 0 0 0 1 1 0 0 1 0 0 0 0 1  
0 0 0 0 0 0 0 0 0 0 0 0 0 0 0 0 0 0 0 0 0 0 0 0 0 0 0 0 0 0 0 1 0 0 0 0 0 0 0 0  
0 0 0 0 0 1 1 1 1 0 0 1 1 0 0 0 1 1 0 1 0 0 1 1 1 0 0 1 1 0 0 0 1 1 0 0 0 1 1 0  
0 1 1 1 0 1 0 0 0 1 1 1 0 0 0 1 0 0 1 0 0 1 1 0 0 0 0 0 0 1 1 0 0 1 1 0 1 1 0 0  
0 0 0 0 0 0 0 0 0 0 0 0 0 0 0 0 0 0 0 0 0 0 0 0 0 0 0 0 0 0 0 1 0 0 1 0 0 0 0 0  
0 1 1 0 0 1 0 0 0 0 1 0 0 1 0 0 0 0 1 0 0 1 0 0 0 1 0 0 0 1 1 1 0 0 1 1 1 0 0 0  
0 1 1 0 0 1 0 0 0 0 1 0 0 1 0 0 0 0 1 0 0 1 0 0 0 1 0 0 0 1 1 1 0 0 1 0 1 0 0 0  
0 1 1 1 0 1 0 0 0 1 1 0 0 0 0 1 0 0 1 0 0 1 0 0 0 0 0 0 0 1 1 0 0 0 1 0 0 1 0 1  
0 0 1 0 0 1 0 1 0 0 1 1 1 0 1 0 1 1 0 1 0 0 1 0 1 0 0 1 1 0 0 0 0 1 0 0 1 1 1 0  
0 0 0 0 0 0 0 0 0 0 0 0 0 0 0 0 0 0 1 0 0 0 0 0 0 0 0 0 0 0 0 1 0 0 1 0 0 0 0 1  
Connect directly to BS 
0 1 1 1 0 1 0 0 0 1 1 1 0 1 0 1 0 0 1 0 0 1 1 0 0 1 0 0 0 1 1 1 0 0 1 1 1 1 0 1 
Cordinaates of sensors 
1 34.000000 75.000000
2 87.000000 199.000000
3 191.000000 184.000000
4 304.000000 470.000000
5 491.000000 23.000000
6 261.000000 248.000000
7 392.000000 63.000000
8 329.000000 62.000000
9 465.000000 136.000000
10 236.000000 397.000000
11 205.000000 189.000000
12 358.000000 251.000000
13 406.000000 274.000000
14 25.000000 225.000000
15 179.000000 68.000000
16 227.000000 490.000000
17 458.000000 341.000000
18 318.000000 158.000000
19 172.000000 338.000000
20 449.000000 287.000000
21 34.000000 100.000000
22 176.000000 302.000000
23 294.000000 187.000000
24 405.000000 59.000000
25 404.000000 294.000000
26 26.000000 282.000000
27 444.000000 464.000000
28 498.000000 270.000000
29 324.000000 133.000000
30 252.000000 363.000000
31 114.000000 264.000000
32 26.000000 380.000000
33 492.000000 57.000000
34 369.000000 235.000000
35 145.000000 327.000000
36 82.000000 117.000000
37 121.000000 119.000000
38 360.000000 307.000000
39 387.000000 69.000000
40 169.000000 486.000000
