Nombre des capteurs:
40
Nombre des targets:
15
Nombre de type de surveillance:
1

Caracteristiques:
300.000000 8 1.000000 24.000000 98.000000 a 147.851273 284.838562 396.729126 164.906036 476.765137 49.010204 44.911022 436.354218 346.394287 175.570496 395.345428 192.626587 547.563721 492.001007 76.694199 
300.000000 8 4.000000 147.000000 45.000000 a 111.758667 292.104431 286.503052 87.658424 373.846222 91.607857 114.354713 310.001617 219.009125 49.244289 453.118073 61.131008 509.273987 441.249359 134.238586 
300.000000 11 1.000000 15.000000 288.000000 a 196.084167 173.487747 432.001160 238.346390 487.165283 197.699265 234.691284 504.876221 428.049072 325.779053 209.554291 313.461334 447.983246 415.740295 143.265488 
300.000000 11 5.000000 351.000000 251.000000 a 213.321350 188.724670 134.461884 208.038452 154.029221 316.840668 374.076202 232.561813 208.540161 307.247467 371.827911 254.064957 233.383804 157.496033 293.462097 
300.000000 3 2.000000 108.000000 84.000000 a 88.814415 261.681091 315.153931 88.102211 398.096710 38.078865 80.777473 351.284790 261.237427 103.406960 409.059906 108.853111 500.545715 437.699677 80.956779 
300.000000 4 4.000000 204.000000 116.000000 a 59.464275 220.102249 215.837906 18.384777 297.107727 132.098450 181.892822 263.045624 177.687927 118.680244 399.241791 75.106590 418.819763 350.218506 137.266159 
300.000000 5 5.000000 11.000000 76.000000 a 169.118301 310.357849 412.243866 182.167511 494.095123 66.128662 31.112698 447.146515 356.530518 176.283859 418.761261 200.084976 572.147705 515.713074 102.004898 
300.000000 10 2.000000 289.000000 199.000000 a 135.977936 173.046234 144.899963 127.200630 203.246155 238.025208 294.212494 228.580399 173.968384 229.636673 366.807861 177.552811 305.011475 233.257370 220.045456 
300.000000 12 3.000000 431.000000 12.000000 a 306.882721 407.835754 123.583977 268.061554 187.216446 368.419586 400.209930 41.231056 72.013885 260.192230 601.612000 224.877747 461.069397 382.256470 386.249908 
300.000000 7 3.000000 244.000000 359.000000 a 219.692963 66.483078 284.255157 242.785919 300.672577 311.192871 370.871948 380.255188 338.732941 364.387146 220.800812 320.031250 212.219223 176.504959 264.660156 
300.000000 10 5.000000 227.000000 399.000000 a 252.067444 78.236816 326.435303 278.883484 338.119812 337.218018 395.804230 422.995270 382.174042 400.930176 184.564346 358.503845 209.504181 190.065781 286.844910 
300.000000 10 4.000000 82.000000 91.000000 a 101.533249 263.696808 339.860260 109.767937 421.549530 12.041595 61.400326 377.933868 288.027771 125.865005 400.281158 135.558105 512.059570 451.701233 66.610809 
300.000000 3 5.000000 249.000000 365.000000 a 227.160736 73.409805 286.006989 249.815933 300.041656 318.954529 378.651550 382.498352 342.597443 371.285614 221.359436 326.583832 204.792572 170.484604 272.470184 
300.000000 11 1.000000 135.000000 449.000000 a 294.064606 123.308556 423.381622 330.121185 441.643524 355.449005 407.957092 517.406006 467.115631 448.447327 79.924965 414.479187 288.998260 287.313416 298.509644 
300.000000 4 1.000000 468.000000 448.000000 a 424.414886 307.514221 316.812256 429.634735 260.109589 527.092041 586.908020 404.149719 417.646973 535.840454 403.298889 482.958588 51.478149 74.276512 490.617981 
300.000000 12 4.000000 224.000000 116.000000 a 75.471848 222.991028 195.923462 37.656342 277.764282 151.953934 200.810852 243.870865 159.665268 125.717941 406.539063 76.687675 408.717499 338.427246 156.467255 
300.000000 6 1.000000 432.000000 104.000000 a 276.925995 340.383606 33.615471 245.735626 104.043259 359.034821 402.120636 65.000000 89.872131 280.223114 531.971802 232.690781 369.109741 290.387665 362.891174 
300.000000 11 4.000000 280.000000 131.000000 a 122.576508 226.318359 139.057541 93.343452 219.790817 209.458832 258.723785 197.225754 123.044708 168.884583 418.292969 115.256233 370.692596 296.543427 208.626465 
300.000000 9 4.000000 389.000000 446.000000 a 369.514557 234.882950 312.443604 380.963257 276.871826 469.323975 529.528076 407.710693 403.655792 494.631165 325.129211 443.605682 43.416588 59.059292 428.225403 
300.000000 12 3.000000 96.000000 474.000000 a 324.376312 163.453354 468.241394 362.604462 487.894470 375.704681 424.698730 561.445435 508.587250 477.921539 33.615471 447.250488 327.001526 330.818695 317.833282 
300.000000 10 4.000000 22.000000 454.000000 a 328.402191 199.401611 509.283813 369.845917 539.559998 358.644684 400.151215 597.766663 535.963623 475.925415 58.258045 452.951447 401.449860 399.530975 301.346985 
300.000000 6 5.000000 377.000000 229.000000 a 228.949783 221.948196 102.956299 217.568375 121.757957 330.629700 385.954651 201.556442 186.324982 306.537109 405.886688 252.794388 248.298203 169.779266 312.409973 
300.000000 12 4.000000 297.000000 296.000000 a 195.880066 121.433105 202.002472 205.009750 222.427521 298.303528 358.134064 298.502930 262.240356 319.862457 301.537720 270.085175 217.267120 154.932236 263.622833 
300.000000 12 2.000000 0.000000 223.000000 a 173.461807 213.700729 428.141327 212.058960 493.173401 143.892319 172.191757 490.805450 407.867615 279.431580 276.248077 276.383789 491.354248 450.699463 98.412399 
300.000000 4 1.000000 32.000000 120.000000 a 132.966156 262.154541 387.290588 155.029022 465.146210 46.065170 66.007576 431.741821 342.760864 182.332108 372.647278 192.917084 526.773193 472.547363 55.226807 
300.000000 4 5.000000 308.000000 62.000000 a 175.328262 300.674255 132.853302 135.506454 223.573257 237.894928 275.116333 150.083313 61.032780 149.562698 492.058929 102.181213 426.785675 349.435272 253.475830 
300.000000 8 3.000000 446.000000 362.000000 a 352.465607 265.377075 228.600082 352.423035 179.011169 456.396759 515.201904 318.190186 328.878387 453.017670 400.352356 399.606049 113.357841 43.185646 425.621887 
300.000000 11 1.000000 167.000000 139.000000 a 18.384777 196.573135 252.031738 25.612497 328.823669 102.156746 158.685226 305.163879 220.945694 137.058380 365.928955 106.230881 420.822998 357.106415 95.707886 
300.000000 7 5.000000 256.000000 436.000000 a 296.000000 125.207825 342.301025 320.515198 341.621124 383.481415 442.326813 440.528107 408.104156 442.245392 196.840042 397.905762 171.049698 166.388107 333.661499 
300.000000 9 4.000000 194.000000 170.000000 a 36.769554 165.435791 227.705948 47.518417 298.605103 140.292557 198.436386 291.624756 213.805984 169.567093 345.210083 129.757462 379.802582 316.077515 121.696342 
300.000000 7 3.000000 243.000000 300.000000 a 166.207703 70.327805 241.248840 185.647522 272.620605 263.250824 323.443970 333.664490 284.917542 306.574615 259.724854 261.354156 249.657761 197.767548 222.146347 
300.000000 6 3.000000 357.000000 160.000000 a 197.040604 247.487381 66.850578 173.979889 138.079681 290.477203 340.898804 153.153519 117.345642 244.049179 440.069305 190.688232 319.882782 241.569870 284.015839 
300.000000 4 3.000000 48.000000 487.000000 a 349.435272 202.632675 511.414703 389.637024 534.733582 388.804565 433.259735 602.934509 546.131836 500.353882 19.416489 473.831207 375.261230 380.539093 330.945618 
300.000000 11 5.000000 107.000000 441.000000 a 289.886169 129.849915 437.012573 327.908539 460.140198 343.685913 394.011414 529.253235 474.852600 443.640625 64.031242 412.554230 317.616119 313.542664 286.027985 
300.000000 8 4.000000 414.000000 200.000000 a 257.782867 268.419434 65.192024 239.703979 78.771820 355.643066 408.015930 161.817795 164.173691 313.453339 452.868622 260.224915 273.148315 194.023193 343.700439 
300.000000 10 2.000000 188.000000 110.000000 a 53.851646 225.079987 232.348877 13.038404 314.097107 115.524887 164.805954 276.978333 190.192001 109.329773 399.752411 71.840103 432.428040 364.824615 124.233650 
300.000000 5 4.000000 268.000000 274.000000 a 159.962494 105.437187 205.236450 171.353439 239.585052 262.011444 321.908386 297.692780 250.928284 288.778473 295.787079 240.601334 252.241943 191.313873 227.407120 
300.000000 7 2.000000 412.000000 83.000000 a 262.360443 341.180298 52.469040 228.527893 132.800598 339.377380 380.107880 59.548298 60.959003 254.247910 534.311707 208.278656 390.155090 311.040192 346.982697 
300.000000 6 4.000000 378.000000 392.000000 a 321.278687 204.120056 260.249878 329.912109 232.819672 422.934998 482.979309 356.854309 349.206238 441.530304 326.377075 390.001282 92.660675 39.051247 385.032471 
300.000000 11 2.000000 219.000000 202.000000 a 74.813103 138.050720 210.924164 85.234970 273.309357 178.675690 237.697281 285.671143 216.540985 205.679367 326.534851 161.375336 339.200531 275.804291 152.777618 
Type de surveillance de chaque endroit(target):tab[nombre de target]
a a a a a a a a a a a a a a a 
Matrix of neighbour
1 0 1 0 0 1 0 1 0 0 0 1 0 0 0 1 0 0 0 0 0 0 0 1 1 0 0 1 0 1 1 0 0 0 0 1 0 0 0 1  
1 1 1 1 1 1 1 1 0 0 0 1 0 0 0 1 0 1 0 0 0 1 1 1 1 0 0 1 0 1 1 1 0 0 0 1 1 0 0 1  
0 0 1 0 0 0 0 0 0 0 1 0 0 1 0 0 0 0 0 1 1 0 0 0 0 0 0 0 0 0 0 0 1 1 0 0 0 0 0 0  
0 0 0 1 0 0 0 1 0 1 1 0 1 1 0 0 0 0 0 0 0 0 1 0 0 0 0 1 1 1 1 0 0 0 0 0 1 0 1 1  
1 0 1 1 1 1 0 1 0 0 0 1 0 0 0 1 0 0 0 0 0 0 1 1 1 0 0 1 0 1 1 0 0 0 0 1 1 0 0 1  
0 0 1 1 0 1 0 1 0 1 1 0 1 0 0 0 0 0 0 0 0 0 1 1 1 0 0 1 0 1 1 0 0 0 0 0 1 0 0 1  
1 0 1 0 1 1 1 0 0 0 0 1 0 0 0 1 0 1 0 0 0 0 0 1 1 0 0 1 0 1 0 0 0 0 0 1 0 0 0 1  
0 0 1 0 0 0 0 1 0 1 1 0 1 1 0 0 0 0 0 0 0 0 1 1 0 0 0 1 1 1 1 0 0 0 0 0 1 0 0 1  
0 1 0 1 0 1 0 1 1 0 0 0 0 0 0 1 1 1 0 0 0 1 0 0 0 1 0 1 0 1 0 1 0 0 1 1 0 1 0 1  
0 0 1 0 0 0 0 0 0 1 1 0 0 1 0 0 0 0 0 1 1 0 0 0 0 0 0 0 0 0 0 0 1 1 0 0 0 0 0 0  
0 0 0 0 0 0 0 0 0 0 1 0 0 1 0 0 0 0 0 1 1 0 0 0 0 0 0 0 0 0 0 0 1 1 0 0 0 0 0 0  
0 0 1 0 0 1 0 1 0 0 0 1 0 0 0 0 0 0 0 0 0 0 1 1 1 0 0 1 0 1 1 0 0 0 0 1 1 0 0 1  
0 0 1 0 0 0 0 0 0 1 1 0 1 1 0 0 0 0 0 1 1 0 0 0 0 0 0 0 0 0 0 0 1 1 0 0 0 0 0 0  
0 0 0 0 0 0 0 0 0 0 0 0 0 1 0 0 0 0 0 0 0 0 0 0 0 0 0 0 0 0 0 0 0 1 0 0 0 0 0 0  
0 0 0 1 0 0 0 0 0 1 1 0 1 0 1 0 0 0 1 0 0 1 1 0 0 0 1 0 1 0 1 0 0 0 0 0 1 0 1 0  
0 0 1 1 0 1 0 1 0 1 1 1 1 0 0 1 0 0 0 0 0 0 1 1 1 0 0 1 0 1 1 0 0 0 0 1 1 0 0 1  
0 1 0 1 0 1 0 1 0 0 0 0 0 0 0 1 1 1 0 0 0 1 1 0 0 1 1 1 0 1 1 1 0 0 1 1 1 1 1 1  
1 0 0 1 1 1 0 1 0 1 1 1 1 0 0 1 0 1 0 0 0 0 1 1 1 0 0 1 0 1 1 0 0 0 0 1 1 0 1 1  
0 0 0 1 0 0 0 1 0 1 1 0 1 1 0 0 0 0 1 1 0 0 1 0 0 0 0 0 1 0 1 0 0 1 0 0 1 0 1 1  
0 0 0 0 0 0 0 0 0 0 0 0 0 1 0 0 0 0 0 1 0 0 0 0 0 0 0 0 0 0 0 0 0 1 0 0 0 0 0 0  
0 0 0 0 0 0 0 0 0 0 0 0 0 1 0 0 0 0 0 1 1 0 0 0 0 0 0 0 0 0 0 0 0 1 0 0 0 0 0 0  
0 0 0 1 0 1 0 1 0 1 1 0 1 0 0 1 0 1 1 0 0 1 1 0 0 0 0 1 1 1 1 0 0 0 0 1 1 0 1 1  
0 0 1 0 0 0 0 0 0 1 1 0 1 1 0 0 0 0 0 1 0 0 1 0 0 0 0 0 1 0 1 0 0 1 0 0 1 0 0 0  
0 0 1 0 0 0 0 0 0 1 1 0 1 1 0 0 0 0 0 1 1 0 0 1 0 0 0 0 0 0 1 0 1 1 0 0 0 0 0 0  
0 0 1 0 0 0 0 1 0 0 0 0 0 0 0 0 0 0 0 0 0 0 0 1 1 0 0 1 0 1 1 0 0 0 0 0 1 0 0 1  
1 1 0 1 1 1 1 1 0 0 0 1 0 0 0 1 0 1 0 0 0 1 1 0 1 1 0 1 0 1 1 1 0 0 1 1 1 0 0 1  
0 0 0 1 0 0 0 1 0 1 1 0 1 0 0 0 0 1 1 0 0 1 1 0 0 0 1 0 1 0 1 0 0 0 0 0 1 0 1 1  
0 0 1 0 0 0 0 0 0 1 1 0 1 0 0 0 0 0 0 0 0 0 1 1 0 0 0 1 0 1 1 0 0 0 0 0 1 0 0 1  
0 0 1 0 0 0 0 0 0 1 1 0 1 1 0 0 0 0 0 1 1 0 0 0 0 0 0 0 1 0 0 0 1 1 0 0 0 0 0 0  
0 0 1 0 0 0 0 0 0 1 1 0 1 1 0 0 0 0 0 0 0 0 1 1 0 0 0 0 1 1 1 0 0 1 0 0 1 0 0 1  
0 0 1 0 0 0 0 0 0 1 1 0 1 1 0 0 0 0 0 1 1 0 0 0 0 0 0 0 1 0 1 0 1 1 0 0 0 0 0 0  
0 0 0 1 1 1 0 1 0 1 1 1 1 0 0 1 0 1 1 0 0 1 1 0 0 0 1 1 1 1 1 1 0 0 0 1 1 0 1 1  
0 0 0 0 0 0 0 0 0 0 0 0 0 1 0 0 0 0 0 1 1 0 0 0 0 0 0 0 0 0 0 0 1 1 0 0 0 0 0 0  
0 0 0 0 0 0 0 0 0 0 0 0 0 0 0 0 0 0 0 0 0 0 0 0 0 0 0 0 0 0 0 0 0 1 0 0 0 0 0 0  
0 0 0 1 0 1 0 1 0 1 1 0 1 0 1 1 0 1 1 0 0 1 1 0 0 0 1 1 1 1 1 1 0 0 1 1 1 0 1 1  
0 0 1 1 0 1 0 1 0 1 1 0 1 0 0 0 0 0 0 0 0 0 1 1 1 0 0 1 0 1 1 0 0 0 0 1 1 0 0 1  
0 0 1 0 0 0 0 0 0 1 1 0 1 1 0 0 0 0 0 1 0 0 0 1 0 0 0 0 1 0 1 0 0 1 0 0 1 0 0 0  
0 1 0 1 0 1 0 1 0 0 0 0 0 0 0 1 0 1 0 0 0 1 1 0 0 1 1 1 0 1 1 1 0 0 1 1 1 1 0 1  
0 0 0 0 0 0 0 1 0 1 1 0 1 1 0 0 0 0 0 1 0 0 1 0 0 0 0 0 1 1 1 0 0 1 0 0 1 0 1 1  
0 0 1 0 0 0 0 0 0 1 1 0 1 1 0 0 0 0 0 1 0 0 1 1 0 0 0 0 1 0 1 0 0 1 0 0 1 0 0 1  
Connect directly to BS 
0 0 1 1 0 0 0 1 0 1 1 0 1 1 0 0 0 0 1 1 1 0 1 1 1 0 0 1 1 1 1 0 1 1 0 0 1 0 1 1 
Cordinaates of sensors 
1 24.000000 98.000000
2 147.000000 45.000000
3 15.000000 288.000000
4 351.000000 251.000000
5 108.000000 84.000000
6 204.000000 116.000000
7 11.000000 76.000000
8 289.000000 199.000000
9 431.000000 12.000000
10 244.000000 359.000000
11 227.000000 399.000000
12 82.000000 91.000000
13 249.000000 365.000000
14 135.000000 449.000000
15 468.000000 448.000000
16 224.000000 116.000000
17 432.000000 104.000000
18 280.000000 131.000000
19 389.000000 446.000000
20 96.000000 474.000000
21 22.000000 454.000000
22 377.000000 229.000000
23 297.000000 296.000000
24 0.000000 223.000000
25 32.000000 120.000000
26 308.000000 62.000000
27 446.000000 362.000000
28 167.000000 139.000000
29 256.000000 436.000000
30 194.000000 170.000000
31 243.000000 300.000000
32 357.000000 160.000000
33 48.000000 487.000000
34 107.000000 441.000000
35 414.000000 200.000000
36 188.000000 110.000000
37 268.000000 274.000000
38 412.000000 83.000000
39 378.000000 392.000000
40 219.000000 202.000000
