Nombre des capteurs:
40
Nombre des targets:
15
Nombre de type de surveillance:
1

Caracteristiques:
300.000000 8 4.000000 32.000000 85.000000 a 340.052948 200.551743 61.846584 497.129761 206.021851 370.482117 218.082550 217.043777 106.826965 47.434166 293.656250 140.982269 456.838043 250.379715 330.169647 
300.000000 6 4.000000 155.000000 51.000000 a 218.798996 225.175491 66.753281 414.773438 133.461609 306.894104 260.892700 128.222458 50.447994 103.812332 309.646576 161.607544 362.505157 144.917221 340.001465 
300.000000 9 4.000000 417.000000 221.000000 a 148.959732 314.006378 364.943817 113.600174 203.302734 116.000000 351.757019 191.846298 362.498291 362.763000 314.396240 311.411316 50.219517 167.538055 311.481934 
300.000000 11 1.000000 248.000000 433.000000 a 375.089325 214.767319 404.555298 247.309525 267.366791 157.000000 219.617844 286.111877 434.534241 366.565125 134.528809 268.603790 278.548035 308.561188 101.133575 
300.000000 5 1.000000 235.000000 97.000000 a 138.177429 216.009262 150.372864 324.624390 71.386276 226.318359 258.311829 50.249378 142.284927 164.684540 281.369873 168.240906 270.440369 52.697250 304.428986 
300.000000 9 5.000000 335.000000 226.000000 a 151.584961 232.398361 296.211060 164.839310 128.362762 75.026665 271.016602 123.555656 301.346985 287.562164 240.740524 229.960861 125.319588 114.612389 243.446091 
300.000000 4 3.000000 206.000000 289.000000 a 267.686371 100.623062 256.267426 265.062256 122.918671 127.565666 132.378250 146.013702 284.604980 222.607285 100.409164 130.598618 255.000000 178.600113 113.595772 
300.000000 5 4.000000 233.000000 276.000000 a 241.101639 126.099167 258.768250 240.441254 109.658562 103.077644 160.654907 129.189789 282.379181 230.521149 129.073624 145.499146 226.497238 156.894867 138.397980 
300.000000 10 4.000000 440.000000 423.000000 a 350.656525 366.050537 504.227142 105.080925 336.893158 162.274460 386.434998 340.846008 517.872559 482.578491 311.438599 398.848328 173.933899 337.831329 285.797119 
300.000000 3 5.000000 321.000000 134.000000 a 75.006668 254.096436 243.213898 239.265549 105.304321 167.430588 297.042084 82.036575 235.053192 250.966141 292.697784 226.419968 179.513229 42.755116 305.407928 
300.000000 8 1.000000 498.000000 333.000000 a 283.534821 395.885071 491.187347 31.016125 322.931885 168.074387 425.361023 318.056610 494.489624 480.801422 364.002747 412.368774 92.135773 301.346985 346.883270 
300.000000 7 4.000000 351.000000 243.000000 a 165.339050 245.601303 319.010986 142.003525 150.585526 60.728905 282.603973 146.754898 324.655212 309.129425 245.652191 247.929428 107.228729 137.379044 244.804001 
300.000000 6 2.000000 104.000000 128.000000 a 272.442657 143.031464 68.658577 413.353363 123.328827 287.001740 173.611633 137.320786 109.658562 36.674240 234.061951 77.025970 374.432892 175.011429 268.091400 
300.000000 8 5.000000 370.000000 487.000000 a 408.004913 340.330719 510.330292 192.421417 352.988678 189.644409 350.656525 364.005493 532.484741 479.610260 267.121704 386.290039 252.810211 372.292908 234.546371 
300.000000 5 3.000000 66.000000 259.000000 a 355.015503 42.720020 199.331375 407.894592 180.247055 270.283173 40.792156 206.929947 245.153015 147.085007 122.319252 67.201187 392.103302 251.113525 159.762329 
300.000000 3 1.000000 226.000000 422.000000 a 372.780090 192.255035 386.121735 262.771759 255.049011 161.523987 195.532608 275.356140 417.742737 346.590546 110.113579 247.969757 288.804443 300.707489 76.557167 
300.000000 5 3.000000 492.000000 366.000000 a 311.077148 396.547607 505.404785 49.648766 336.217194 171.773102 423.335571 333.863739 511.649292 491.687897 357.050415 418.230804 120.880104 320.887817 336.928772 
300.000000 10 2.000000 337.000000 320.000000 a 243.528229 235.161652 358.587494 132.015152 192.002609 19.416489 263.837067 198.338089 373.419342 337.668488 205.922318 258.042633 139.789124 202.484573 194.427368 
300.000000 5 4.000000 144.000000 381.000000 a 378.401917 116.056023 324.692169 330.311981 227.431305 205.234009 107.814659 252.926865 363.081268 278.729248 22.847319 180.055542 340.230804 288.530762 15.620500 
300.000000 10 5.000000 160.000000 273.000000 a 287.367371 53.037724 223.573257 312.860992 122.298813 175.251251 89.844307 149.251465 257.782867 183.961960 90.520714 86.833176 298.886261 189.129578 118.067780 
300.000000 8 5.000000 449.000000 134.000000 a 94.625580 368.419586 367.326843 189.060837 230.375778 203.334702 409.695007 209.403915 352.298157 378.639679 386.874664 350.271332 116.348618 170.188126 389.740936 
300.000000 4 1.000000 126.000000 79.000000 a 246.000000 192.937820 41.146080 420.354614 129.495178 303.534180 226.061935 132.740341 60.827625 64.140472 281.144104 127.577431 373.450134 160.056244 313.438995 
300.000000 12 2.000000 256.000000 147.000000 a 134.461884 193.847885 187.843018 275.670105 40.311287 172.177231 237.124435 16.000000 189.694489 188.281708 244.969391 160.822891 226.744354 31.144823 263.696808 
300.000000 5 1.000000 440.000000 375.000000 a 303.710388 348.862427 470.953278 60.415230 302.034760 130.096115 373.807434 303.288635 481.364716 453.133545 305.368622 374.774597 126.289352 296.516449 284.450348 
300.000000 10 4.000000 66.000000 9.000000 a 313.904449 265.188599 56.859474 510.272491 221.334595 395.667786 290.110321 222.081070 50.990196 103.121284 357.717773 200.039993 460.157593 243.018524 392.458923 
300.000000 7 1.000000 451.000000 162.000000 a 114.586212 360.855927 375.825745 161.009323 230.054337 182.332108 401.120941 211.532501 364.244415 383.275360 372.907501 347.669373 88.277969 175.727066 373.451477 
300.000000 12 4.000000 252.000000 339.000000 a 286.356415 160.153046 322.262329 217.664886 174.771286 89.470665 182.439026 192.374634 347.701019 290.327393 118.869675 198.171646 224.403656 214.704453 109.178749 
300.000000 3 1.000000 174.000000 164.000000 a 215.473892 126.245789 133.544006 334.647583 47.095646 209.880920 168.002975 68.154236 156.169785 115.381973 199.842438 79.404030 296.735565 111.664673 227.712540 
300.000000 11 1.000000 127.000000 350.000000 a 365.329987 81.492332 291.487549 343.144287 205.730408 211.747498 73.552704 232.331665 331.182739 244.499481 12.806249 146.512802 345.775940 270.702789 50.219517 
300.000000 9 2.000000 153.000000 222.000000 a 261.553040 67.208633 173.254150 331.445313 87.458565 196.573135 110.317726 114.865135 206.344376 137.200577 139.168961 49.979996 306.282562 158.404541 169.026627 
300.000000 5 5.000000 129.000000 315.000000 a 338.740326 49.193497 257.130310 340.072052 174.264160 204.479828 57.280014 201.357895 296.285339 211.123184 45.398239 112.378822 335.359497 241.290283 80.653580 
300.000000 7 4.000000 396.000000 10.000000 a 73.054771 389.412384 311.207336 320.426270 235.104233 297.741486 432.671936 207.617432 280.144592 340.630310 436.601654 349.463867 247.878998 164.757401 450.289917 
300.000000 8 1.000000 290.000000 90.000000 a 82.734512 257.390747 203.081268 293.027313 103.392456 215.336945 300.561127 75.822159 187.928177 220.102249 311.327789 216.981567 232.000000 37.643059 329.479889 
300.000000 3 3.000000 133.000000 308.000000 a 331.001495 45.221676 250.888428 336.291534 166.207703 200.122467 59.682495 193.313217 289.499573 205.572372 52.038448 106.480042 330.134827 233.323807 86.127815 
300.000000 8 5.000000 312.000000 389.000000 a 315.753082 236.535416 396.627014 170.698563 239.927078 90.470993 254.448425 252.483658 418.707550 367.164825 179.359970 276.210052 201.586212 265.062256 156.012817 
300.000000 10 1.000000 292.000000 205.000000 a 149.251465 196.420471 248.887527 212.174454 80.529495 104.388695 237.402618 77.897369 256.070313 239.770721 220.621841 186.000000 171.991272 80.062477 230.417007 
300.000000 11 1.000000 401.000000 222.000000 a 145.910934 298.055359 351.091156 120.929733 188.215302 104.235313 335.943451 177.611938 349.905701 347.850555 299.666473 295.489410 63.505905 155.241745 297.634003 
300.000000 3 3.000000 305.000000 103.000000 a 71.168816 259.669006 220.045456 273.600067 105.603027 199.970001 302.947205 78.492035 206.826019 234.173019 308.137970 223.617981 212.174454 34.713108 324.260712 
300.000000 10 2.000000 258.000000 206.000000 a 170.660477 164.395859 222.679138 240.784134 53.758720 121.037186 206.167404 61.684681 234.804169 209.296448 197.091354 152.003296 204.782806 82.710335 211.255768 
300.000000 10 5.000000 408.000000 330.000000 a 253.568527 306.727905 417.279297 61.522354 248.068542 80.411446 335.435547 248.421021 426.596985 401.363922 274.643402 326.847046 94.339813 241.364868 259.277832 
Type de surveillance de chaque endroit(target):tab[nombre de target]
a a a a a a a a a a a a a a a 
Matrix of neighbour
1 0 0 0 0 0 1 1 0 0 0 0 1 0 1 0 0 0 0 1 0 1 1 0 0 0 0 1 1 1 1 0 0 1 0 1 0 0 1 0  
1 1 0 0 1 1 1 1 0 1 0 1 1 0 1 0 0 0 0 1 0 1 1 0 0 0 0 1 0 1 1 0 0 1 0 1 1 0 1 0  
0 0 1 1 1 1 1 1 1 1 0 1 0 1 0 1 0 1 0 1 0 0 1 1 0 0 1 1 0 1 0 0 1 1 1 1 1 1 1 1  
0 0 0 1 0 0 0 0 0 0 0 0 0 0 1 1 0 0 1 1 0 0 0 0 0 0 0 0 1 0 1 0 0 1 0 0 0 0 0 0  
1 0 0 0 1 1 1 1 0 0 0 1 1 0 1 0 0 1 1 1 0 1 1 0 0 0 1 1 1 1 1 0 0 1 0 1 0 0 1 1  
0 0 0 1 0 1 1 1 0 0 0 0 1 1 1 1 0 1 1 1 0 0 0 0 0 0 1 1 1 1 1 0 0 1 1 1 0 0 1 0  
0 0 0 1 0 0 1 0 0 0 0 0 0 0 1 1 0 0 1 1 0 0 0 0 0 0 0 0 1 0 1 0 0 1 0 0 0 0 0 0  
0 0 0 1 0 0 1 1 0 0 0 0 0 0 1 1 0 0 1 1 0 0 0 0 0 0 1 0 1 0 1 0 0 1 0 0 0 0 0 0  
0 0 0 1 0 1 1 1 1 0 0 1 0 1 0 1 0 1 1 0 0 0 0 0 0 0 1 0 0 0 0 0 0 0 1 1 0 0 1 1  
1 0 0 0 1 1 1 1 0 1 0 1 1 0 1 0 0 1 0 1 0 1 1 1 0 0 1 1 1 1 1 0 0 1 1 1 0 0 1 1  
0 0 1 1 0 1 1 1 1 1 1 1 0 1 0 1 1 1 0 0 0 0 0 1 0 0 1 0 0 0 0 0 0 0 1 1 1 0 1 1  
0 0 0 1 0 1 1 1 0 0 0 1 1 1 1 1 0 1 1 1 0 0 0 0 0 0 1 1 1 1 1 0 0 1 1 1 0 0 1 0  
0 0 0 0 0 0 1 1 0 0 0 0 1 0 1 0 0 0 1 1 0 0 0 0 0 0 1 1 1 1 1 0 0 1 0 0 0 0 1 0  
0 0 0 1 0 0 1 1 0 0 0 0 0 1 0 1 0 1 1 1 0 0 0 0 0 0 1 0 1 0 1 0 0 1 1 1 0 0 0 0  
0 0 0 0 0 0 0 0 0 0 0 0 0 0 1 1 0 0 1 1 0 0 0 0 0 0 0 0 1 0 1 0 0 1 0 0 0 0 0 0  
0 0 0 0 0 0 0 0 0 0 0 0 0 0 0 1 0 0 1 0 0 0 0 0 0 0 0 0 1 0 1 0 0 1 0 0 0 0 0 0  
0 0 1 1 0 1 1 1 1 1 0 1 0 1 0 1 1 1 0 0 0 0 0 1 0 0 1 0 0 0 0 0 0 0 1 1 1 0 1 1  
0 0 0 1 0 0 1 1 0 0 0 0 0 0 1 1 0 1 1 1 0 0 0 0 0 0 1 1 1 1 1 0 0 1 1 0 0 0 0 0  
0 0 0 0 0 0 0 0 0 0 0 0 0 0 0 0 0 0 1 0 0 0 0 0 0 0 0 0 0 0 0 0 0 0 0 0 0 0 0 0  
0 0 0 0 0 0 0 0 0 0 0 0 0 0 0 1 0 0 1 1 0 0 0 0 0 0 0 0 1 0 1 0 0 1 0 0 0 0 0 0  
0 0 1 0 1 1 1 1 1 1 1 1 0 0 0 0 1 1 0 0 1 0 1 1 0 1 1 1 0 0 0 0 1 0 1 1 1 1 1 1  
0 0 0 0 0 1 1 1 0 0 0 1 1 0 1 0 0 0 0 1 0 1 1 0 0 0 1 1 1 1 1 0 0 1 0 1 0 0 1 0  
0 0 0 1 0 1 1 1 0 0 0 1 1 0 1 1 0 1 1 1 0 0 1 0 0 0 1 1 1 1 1 0 0 1 1 1 0 0 1 0  
0 0 0 1 0 1 1 1 1 0 0 1 0 1 0 1 0 1 1 1 0 0 1 1 0 0 1 0 0 0 0 0 0 0 1 1 0 0 1 1  
1 1 0 0 1 0 0 0 0 1 0 0 1 0 1 0 0 0 0 1 0 1 1 0 1 0 0 1 0 1 0 0 1 0 0 1 0 1 1 0  
0 0 1 0 1 1 1 1 1 1 1 1 0 0 0 0 1 1 0 0 0 0 1 1 0 1 1 1 0 0 0 0 1 0 1 1 1 1 1 1  
0 0 0 1 0 0 1 0 0 0 0 0 0 0 1 1 0 0 1 1 0 0 0 0 0 0 1 0 1 0 1 0 0 1 0 0 0 0 0 0  
0 0 0 1 0 0 1 1 0 0 0 0 0 0 1 1 0 0 1 1 0 0 0 0 0 0 1 1 1 1 1 0 0 1 1 0 0 0 0 0  
0 0 0 0 0 0 0 0 0 0 0 0 0 0 0 0 0 0 1 0 0 0 0 0 0 0 0 0 1 0 0 0 0 0 0 0 0 0 0 0  
0 0 0 1 0 0 1 1 0 0 0 0 0 0 1 1 0 0 1 1 0 0 0 0 0 0 1 0 1 1 1 0 0 1 0 0 0 0 0 0  
0 0 0 0 0 0 0 0 0 0 0 0 0 0 0 0 0 0 1 0 0 0 0 0 0 0 0 0 1 0 1 0 0 0 0 0 0 0 0 0  
0 1 1 0 1 1 0 0 0 1 0 1 0 0 0 0 0 0 0 0 1 1 1 0 0 1 0 1 0 0 0 1 1 0 0 1 1 1 1 0  
1 1 0 0 1 1 1 1 0 1 0 1 1 0 1 0 0 1 0 1 0 1 1 0 0 0 1 1 0 1 1 0 1 1 1 1 1 1 1 1  
0 0 0 0 0 0 0 0 0 0 0 0 0 0 0 0 0 0 1 0 0 0 0 0 0 0 0 0 1 0 1 0 0 1 0 0 0 0 0 0  
0 0 0 1 0 0 1 1 0 0 0 0 0 0 1 1 0 0 1 1 0 0 0 0 0 0 1 0 1 1 1 0 0 1 1 0 0 0 0 0  
0 0 0 1 0 0 1 1 0 0 0 0 1 0 1 1 0 1 1 1 0 0 0 0 0 0 1 1 1 1 1 0 0 1 1 1 0 0 1 0  
0 0 0 1 1 1 1 1 1 1 0 1 0 1 0 1 0 1 0 1 0 0 1 1 0 0 1 1 0 1 1 0 0 1 1 1 1 0 1 1  
1 1 0 0 1 1 1 1 0 1 0 1 1 0 1 0 0 1 0 1 0 1 1 0 0 0 1 1 0 1 1 0 0 1 1 1 1 1 1 1  
0 0 0 1 0 0 1 1 0 0 0 0 0 0 1 1 0 1 1 1 0 0 0 0 0 0 1 1 1 1 1 0 0 1 1 0 0 0 1 0  
0 0 0 1 0 1 1 1 0 0 0 1 0 1 0 1 0 1 1 1 0 0 1 0 0 0 1 1 1 1 1 0 0 1 1 1 0 0 1 1  
Connect directly to BS 
0 0 0 1 0 1 1 1 0 0 0 1 1 1 1 1 0 1 1 1 0 0 1 0 0 0 1 1 1 1 1 0 0 1 1 1 0 0 1 0 
Cordinaates of sensors 
1 32.000000 85.000000
2 155.000000 51.000000
3 417.000000 221.000000
4 248.000000 433.000000
5 235.000000 97.000000
6 335.000000 226.000000
7 206.000000 289.000000
8 233.000000 276.000000
9 440.000000 423.000000
10 321.000000 134.000000
11 498.000000 333.000000
12 351.000000 243.000000
13 104.000000 128.000000
14 370.000000 487.000000
15 66.000000 259.000000
16 226.000000 422.000000
17 492.000000 366.000000
18 337.000000 320.000000
19 144.000000 381.000000
20 160.000000 273.000000
21 449.000000 134.000000
22 126.000000 79.000000
23 256.000000 147.000000
24 440.000000 375.000000
25 66.000000 9.000000
26 451.000000 162.000000
27 252.000000 339.000000
28 174.000000 164.000000
29 127.000000 350.000000
30 153.000000 222.000000
31 129.000000 315.000000
32 396.000000 10.000000
33 290.000000 90.000000
34 133.000000 308.000000
35 312.000000 389.000000
36 292.000000 205.000000
37 401.000000 222.000000
38 305.000000 103.000000
39 258.000000 206.000000
40 408.000000 330.000000
