Nombre des capteurs:
8
Nombre des targets:
5
Nombre de type de surveillance:
1

Caracteristiques:
10 12 2.000000 20.000000 233.000000 a 352.012787 351.673157 415.927887 317.502747 417.599091 
10 12 1.000000 167.000000 250.000000 a 244.182312 225.211014 267.988800 174.888535 313.600067 
10 6 5.000000 84.000000 362.000000 a 383.103119 359.356384 361.138489 240.010422 452.517395 
10 9 4.000000 239.000000 179.000000 a 143.282944 127.534309 216.474014 173.184875 212.701675 
10 12 5.000000 481.000000 232.000000 a 220.102249 164.657227 62.369865 187.301895 237.497375 
10 6 2.000000 352.000000 72.000000 a 20.099751 54.083271 217.082932 260.731659 59.933296 
10 12 2.000000 140.000000 413.000000 a 393.081421 358.600067 325.631683 199.619644 461.160492 
10 9 4.000000 480.000000 245.000000 a 229.192062 172.586212 53.851646 179.888855 248.863419 
Type de surveillance de chaque endroit(target):tab[nombre de target]
a a a a a 
Matrix of neighbour
1 1 0 0 0 0 0 0  
0 1 0 1 0 0 0 0  
0 1 1 0 0 0 0 0  
0 1 0 1 0 0 0 0  
0 0 0 0 1 0 0 0 
0 1 0 1 0 1 0 0 
0 1 0 0 0 0 1 0  
0 1 0 0 0 0 0 1  
Connect directly to BS 
0 1 0 1 0 0 0 1
Cordinaates of sensors 
1 140 70
2 100 50
3 130 30
4 50 80
5 90 150
6 80 110
7 120 140
8 110 100
delta 
0 0 0 0 0
1 1 0 0 0
1 0 0 0 0
0 0 1 0 0
0 0 0 0 1
0 0 0 1 0
0 0 0 0 1 
0 0 0 1 0
